,code,name,eps,eps_yoy,bvps,roe,epcf,net_profits,profits_yoy,distrib,report_date
0,002500,山西证券,0.15,-34.78,1.52,9.9,-1.88,30477.48,-33.69,,11-12
1,600958,东方证券,,,,,,97133.53,,,11-11
2,601688,华泰证券,0.44,,5.68,8.83,-4.64,239991.22,,,10-30
3,601998,中信银行,0.44,51.72,2.99,15.53,0.34,1719300.0,50.88,,10-30
4,600036,招商银行,0.99,45.59,6.17,17.61,1.39,2058500.0,57.4,,10-30
5,600030,中信证券,0.4,-57.89,6.39,6.45,-4.07,402318.34,-36.05,,10-30
6,600643,爱建集团,0.04,-35.29,1.43,3.11,-0.13,3624.7,-34.76,,10-30
7,601601,中国太保,0.57,7.55,9.14,6.3,5.84,490500.0,20.78,,10-30
8,000783,长江证券,0.44,-20.0,4.27,10.11,-1.81,94482.68,2.51,,10-30
9,601939,建设银行,0.47,27.03,2.67,18.65,1.05,11049900.0,28.31,,10-30
10,600016,民生银行,0.49,-9.26,3.75,13.8,1.77,1300700.0,27.51,,10-30
11,601169,北京银行,0.95,33.8,6.85,,9.59,594663.2,35.36,,10-30
12,601166,兴业银行,2.45,28.27,14.84,19.18,24.01,1359536.09,42.03,,10-30
13,600291,西水股份,0.09,-61.78,5.29,1.42,0.21,3523.44,-54.16,,10-30
14,600830,香溢融通,0.14,86.84,3.03,4.81,-0.41,6462.22,87.33,,10-30
15,601788,光大证券,0.41,-34.92,6.45,6.21,-2.2,139069.53,-25.08,,10-30
16,000728,国元证券,0.34,-36.33,7.53,4.55,-2.46,67381.01,-13.86,,10-29
17,601009,南京银行,0.77,14.93,5.75,14.15,8.33,182704.74,49.24,,10-29
18,601628,中国人寿,0.88,25.71,7.31,11.76,5.18,2494500.0,25.52,,10-29
19,002142,宁波银行,0.75,70.45,4.46,,-1.65,187788.6,70.2,,10-29
20,601398,工商银行,0.38,26.67,2.26,17.77,1.88,12721600.0,27.33,,10-29
21,600015,华夏银行,0.91,71.7,6.85,14.04,-3.83,452725.72,71.32,,10-29
22,600000,浦发银行,1.29,-0.31,7.11,,-1.76,1483724.23,44.19,,10-29
23,601328,交通银行,0.56,19.15,3.82,15.92,-1.03,2953700.0,28.59,,10-29
24,600816,安信信托,0.18,137.62,0.69,29.17,0.12,7973.94,137.55,,10-28
25,601318,中国平安,1.71,81.91,14.52,13.03,13.31,1275600.0,84.23,,10-28
26,600999,招商证券,0.57,-24.64,6.4,,-4.65,205322.46,-16.15,,10-28
27,601988,中国银行,0.31,29.17,2.23,14.63,0.9,7924400.0,27.7,,10-28
28,601288,农业银行,0.25,25.0,1.63,17.6,0.63,7014600.0,36.26,,10-28
29,600837,海通证券,0.33,-23.26,5.3,6.32,-3.3,275362.41,-22.7,,10-28
30,601818,光大银行,0.3,47.5,1.97,18.17,1.07,1005836.3,71.34,,10-28
31,601099,太平洋,0.1,-50.5,1.27,7.82,-0.07,14880.3,-50.46,,10-28
32,000001,平安银行,1.46,24.79,9.22,18.83,3.04,473394.0,30.15,,10-28
33,601377,兴业证券,0.31,-31.11,3.74,11.15,-1.91,59438.64,-31.63,,10-27
34,000776,广发证券,1.1,2100.0,7.17,16.09,-8.51,273579.17,32842.49,,10-26
35,600109,国金证券,0.33,-9.76,2.94,12.06,-1.72,33343.61,-9.73,,10-26
36,000712,锦龙股份,0.35,-16.06,2.65,,0.16,10524.67,-15.97,,10-25
37,600369,西南证券,0.2,-37.5,5.42,,-3.67,40349.15,-32.95,,10-25
38,000750,国海证券,-0.09,-4.32,0.99,-8.33,-0.02,-1855.99,-4.27,,10-22
39,600705,中航资本,-0.01,-52.5,-0.0,,-0.01,-261.69,-54.02,,10-21
40,000563,陕国投A,0.12,11.44,2.01,6.65,-0.15,4432.84,11.61,,10-21
41,000686,东北证券,0.52,-47.47,5.05,10.47,-2.62,32964.67,-47.9,,10-20
42,000415,渤海租赁,-0.04,-15.83,0.81,-4.44,0.16,-1102.9,-15.69,,10-20
