,code,name,eps,eps_yoy,bvps,roe,epcf,net_profits,profits_yoy,distrib,report_date
0,601336,新华保险,1.0,,,18.0,16.58,119500.0,,,09-07
1,000563,陕国投A,0.16,287.8,2.16,7.5,-0.22,5693.18,282.98,,04-30
2,600369,西南证券,0.13,85.71,4.92,2.64,-0.77,29757.56,127.9,,04-30
3,601818,光大银行,0.12,9.09,2.13,5.8,0.32,486247.5,26.86,,04-30
4,601169,北京银行,0.4,17.65,7.24,,-1.18,251991.3,20.45,,04-30
5,600291,西水股份,-0.1,974.16,6.11,-1.62,-0.04,-3672.47,1182.51,,04-30
6,600830,香溢融通,0.05,54.29,3.15,1.74,0.18,2471.0,54.38,,04-30
7,601998,中信银行,0.17,54.55,3.25,5.27,-1.39,650500.0,50.86,,04-30
8,000712,锦龙股份,0.11,-41.53,2.91,3.74,0.02,3263.86,-41.47,,04-30
9,600705,中航资本,0.01,,3.23,0.29,0.02,259.6,-678.5,,04-30
10,600030,中信证券,0.14,-39.13,7.24,1.91,-1.36,135720.08,-9.45,,04-30
11,601398,工商银行,0.15,25.0,2.5,6.36,0.95,5378700.0,29.46,,04-29
12,600015,华夏银行,0.34,30.77,7.45,4.7,-0.3,170775.47,30.7,,04-29
13,000750,国海证券,-0.04,32.52,0.95,-4.59,-0.04,-936.91,32.33,,04-29
14,601166,兴业银行,0.87,6.1,16.2,5.52,-17.22,522107.57,28.0,,04-29
15,600036,招商银行,0.41,36.67,6.62,6.45,0.25,881000.0,49.09,,04-29
16,601328,交通银行,0.24,14.29,4.2,5.79,-0.43,1328000.0,27.07,,04-29
17,601009,南京银行,0.26,-18.75,6.6,4.08,0.6,78461.46,33.6,,04-29
18,601988,中国银行,0.12,20.0,2.43,5.06,0.75,3343900.0,27.75,,04-29
19,600643,爱建集团,0.03,209.09,1.56,2.22,-0.06,2802.88,216.2,,04-29
20,601601,中国太保,0.4,21.21,9.63,4.2,2.46,344900.0,22.61,,04-29
21,601939,建设银行,0.19,26.67,3.0,6.55,-0.74,4718500.0,34.19,,04-29
22,600016,民生银行,0.23,21.05,4.13,5.79,2.65,621000.0,45.47,,04-28
23,601288,农业银行,0.1,,1.77,6.09,0.86,3406700.0,36.43,,04-28
24,000776,广发证券,0.27,-25.0,7.97,3.38,-6.25,66563.0,-23.47,,04-28
25,600000,浦发银行,0.42,-9.25,9.0,,2.8,605871.97,47.56,,04-28
26,002142,宁波银行,0.28,40.0,5.79,,-14.95,81496.6,63.63,,04-28
27,601318,中国平安,0.76,22.58,15.55,5.0,7.65,581400.0,27.75,,04-28
28,000783,长江证券,0.15,-21.05,5.19,3.44,-2.7,33332.91,-19.29,,04-28
29,601377,兴业证券,0.1,11.11,3.91,2.48,-2.55,21095.84,24.25,,04-27
30,000001,平安银行,0.69,35.29,10.32,6.92,6.13,240219.9,52.22,,04-27
31,002500,山西证券,0.01,-66.67,2.59,0.56,-0.98,3465.78,-40.13,,04-27
32,600837,海通证券,0.14,16.67,5.57,2.63,-0.6,118514.55,17.17,,04-26
33,600816,安信信托,0.07,14.93,0.79,9.2,0.15,3146.8,14.89,,04-26
34,601628,中国人寿,0.28,-22.22,7.55,3.78,2.15,797100.0,-21.96,,04-26
35,000415,渤海租赁,-0.03,17.47,0.83,-3.17,-0.09,-806.78,17.47,,04-23
36,601788,光大证券,0.16,60.0,6.81,2.45,-1.08,56325.09,64.24,,04-23
37,000686,东北证券,0.16,-48.39,5.52,3.01,-3.69,10509.34,-47.8,,04-23
38,601099,太平洋,0.06,29.79,1.36,4.61,-0.55,9237.11,29.38,,04-22
39,000728,国元证券,0.13,0.0,7.8,1.68,0.25,25406.17,-3.27,,04-21
40,600999,招商证券,0.22,0.64,6.91,,-2.89,79390.64,1.59,,04-19
41,600109,国金证券,0.16,77.27,3.17,5.03,0.46,15559.96,76.42,,04-16
42,601688,华泰证券,0.12,-26.29,5.99,2.07,-2.84,69465.81,-15.94,,04-16
