,code,name,eps,eps_yoy,bvps,roe,epcf,net_profits,profits_yoy,distrib,report_date
0,002736,国信证券,,,,,,85799.03,,,05-10
1,600000,浦发银行,0.48,12.77,10.02,4.89,5.38,890300.0,12.78,,04-27
2,601336,新华保险,0.47,88.0,11.99,4.0,4.79,146500.0,90.76,,04-27
3,601939,建设银行,0.24,14.29,4.04,6.13,-0.54,5958000.0,15.66,,04-27
4,600036,招商银行,0.6,11.11,9.94,6.28,0.13,1302100.0,11.84,,04-27
5,000750,国海证券,0.05,-44.44,1.58,3.42,-0.09,9540.95,46.54,,04-27
6,601901,方正证券,0.05,173.5,2.42,2.28,0.18,33348.86,141.34,,04-27
7,601318,中国平安,0.93,20.78,21.28,4.5,7.67,739300.0,21.92,,04-27
8,600643,爱建集团,0.07,58.7,3.91,1.87,0.1,8018.53,114.21,,04-27
9,601818,光大银行,0.2,17.65,3.03,6.73,1.78,796400.0,16.1,,04-27
10,601288,农业银行,0.14,7.69,2.46,6.07,0.64,4701100.0,8.19,,04-27
11,600369,西南证券,0.06,-14.29,4.54,1.27,0.31,13337.8,-16.88,,04-27
12,601398,工商银行,0.2,11.11,3.42,5.93,0.92,6874300.0,12.08,,04-27
13,601998,中信银行,0.2,11.11,4.44,4.6,-1.38,921800.0,7.65,,04-27
14,600291,西水股份,0.05,-166.93,6.27,0.83,2.14,1980.08,-166.86,,04-27
15,601988,中国银行,0.14,7.69,3.1,4.72,-0.27,3981500.0,8.3,,04-26
16,000563,陕国投A,0.13,35.74,,2.23,,7379.49,119.58,,04-26
17,600109,国金证券,0.04,-45.83,4.95,0.79,-0.24,5010.21,-30.5,,04-26
18,600816,安信信托,0.12,-3.9,1.5,8.0,-1.26,5255.71,-3.9,,04-26
19,601628,中国人寿,0.36,80.0,8.2,4.45,0.67,1007700.0,79.15,,04-26
20,601099,太平洋,0.01,9.09,1.3,0.92,0.1,1972.84,20.64,,04-26
21,601328,交通银行,0.24,-7.69,5.37,4.56,0.16,1770600.0,11.5,,04-26
22,601009,南京银行,0.4,14.29,8.74,4.71,10.49,119181.79,15.33,,04-26
23,600030,中信证券,0.09,12.5,7.93,1.12,-0.49,97532.58,12.98,,04-26
24,600015,华夏银行,0.43,26.47,11.37,3.87,-2.27,295011.56,25.47,,04-26
25,601169,北京银行,0.47,2.17,8.65,,-0.21,412929.7,22.48,,04-26
26,601377,兴业证券,0.1,25.0,4.06,2.5,0.26,22052.98,31.63,,04-26
27,600830,香溢融通,0.06,-6.45,3.72,1.56,-0.18,2614.26,-7.05,,04-26
28,000415,渤海租赁,0.09,65.0,,1.52,,10884.51,114.49,,04-25
29,600705,中航资本,0.11,4682.61,3.6,3.17,-6.91,17105.28,27033.17,,04-25
30,601601,中国太保,0.25,212.5,10.98,2.3,1.42,222500.0,241.26,,04-25
31,002500,山西证券,0.03,37.0,,1.08,,6572.45,22.51,,04-25
32,600016,民生银行,0.39,14.71,6.27,6.5,0.79,1101500.0,20.09,,04-25
33,600837,海通证券,0.15,15.38,6.28,2.41,0.23,143391.12,36.68,,04-25
34,000001,平安银行,0.7,4.48,17.33,4.14,2.76,358900.0,4.67,,04-24
35,000728,国元证券,0.06,-25.0,,0.81,,12049.87,-22.44,,04-24
36,002142,宁波银行,0.44,22.22,8.11,5.58,11.89,126953.3,22.82,,04-24
37,601166,兴业银行,0.86,11.69,14.27,6.26,9.73,1097700.0,32.44,,04-23
38,000776,广发证券,0.11,-50.0,,2.03,,68060.82,4.48,,04-23
39,600999,招商证券,0.13,14.48,5.66,2.36,-2.0,61504.95,14.49,,04-23
40,000783,长江证券,0.13,62.5,5.26,2.52,0.02,30933.81,72.62,,04-23
41,002673,西部证券,0.11,83.33,,3.03,,13692.68,140.07,,04-22
42,601688,华泰证券,0.11,24.33,6.25,1.81,-0.27,62688.62,30.28,,04-20
43,000686,东北证券,0.19,147.98,7.55,2.55,-0.46,18611.3,279.61,,04-19
44,601555,东吴证券,0.07,133.33,3.86,1.85,-0.37,14119.25,130.93,,04-18
45,601788,光大证券,0.16,57.73,6.61,2.37,0.2,53697.51,57.66,,04-18
46,000712,锦龙股份,0.07,133.33,,1.37,,3057.29,236.57,,04-16
