,code,name,eps,eps_yoy,bvps,roe,epcf,net_profits,profits_yoy,distrib,report_date
0,600958,东方证券,0.24,71.43,3.68,6.65,-1.02,100742.19,65.29,,03-03
1,601198,东兴证券,0.33,30.47,3.02,11.71,-1.32,66849.4,30.3,,02-02
2,002736,国信证券,0.3,15.38,,10.66,-1.03,210800.96,14.05,,12-11
3,601099,太平洋,0.05,4.65,1.32,3.45,-0.25,7460.05,5.83,10派0.15,04-30
4,601009,南京银行,1.51,11.85,8.96,17.56,22.44,449685.7,12.07,10派4.6,04-30
5,000415,渤海租赁,0.83,114.14,,7.96,,105252.1,113.95,10派1.5,04-29
6,601169,北京银行,1.53,10.87,8.88,18.05,2.37,1345930.8,15.29,10派1.8送2,04-29
7,600705,中航资本,0.55,5.77,,15.14,,84431.51,16.9,10派0.7,04-28
8,002142,宁波银行,1.68,19.15,8.84,20.41,13.43,484707.1,19.15,10派4,04-26
9,002673,西部证券,0.23,130.0,3.87,6.02,,27390.21,130.37,10派0.63,04-25
10,600643,爱建集团,0.43,31.9,,10.63,,47525.47,47.96,10派0.6,04-25
11,000776,广发证券,0.48,29.73,5.85,8.33,-1.47,281250.1,28.34,10派2,04-22
12,002500,山西证券,0.11,78.83,2.86,4.19,,25858.09,82.36,10派0.77,04-22
13,000783,长江证券,0.42,44.83,5.35,8.1,-0.98,100585.84,47.27,10派2.5转10,04-21
14,600015,华夏银行,1.74,-6.86,9.59,19.3,9.07,1550600.0,21.18,10派4.35,04-18
15,601688,华泰证券,0.39,36.88,,6.32,,221170.94,36.89,10派1.5,04-17
16,601901,方正证券,0.18,96.64,2.53,7.38,-0.68,110562.52,96.65,,04-16
17,600291,西水股份,,,,,,7181.16,3.96,,04-11
18,600999,招商证券,0.48,35.49,,8.44,,222966.89,35.46,,04-10
19,601377,兴业证券,0.27,22.73,5.0,5.87,,67294.07,41.27,10派0.8,04-10
20,601166,兴业银行,2.16,-32.92,10.49,22.39,10.98,4121100.0,18.7,10派4.6,04-01
21,601939,建设银行,0.86,11.69,4.26,21.23,0.18,21465700.0,11.12,10派3,03-31
22,601328,交通银行,0.84,-4.55,5.65,15.49,,6229500.0,6.72,10派2.6,03-31
23,601601,中国太保,1.02,72.88,10.92,9.52,4.98,926100.0,82.41,10派4,03-31
24,601818,光大银行,0.66,13.79,3.3,21.48,-0.02,2671500.0,13.24,10派1.72,03-31
25,600837,海通证券,0.42,27.27,,6.7,,403502.4,33.62,10派1.2,03-29
26,600830,香溢融通,0.36,46.34,,9.43,,16338.51,46.08,10派1.2,03-29
27,600036,招商银行,2.3,9.52,10.53,23.12,4.72,5174300.0,14.29,10派6.2,03-29
28,600016,民生银行,1.49,11.19,6.97,23.23,-1.24,4227800.0,12.55,10派1送2,03-29
29,000750,国海证券,0.15,114.29,,9.86,,30874.59,131.52,10派0.6,03-28
30,601398,工商银行,0.75,10.29,3.63,21.92,,26264900.0,10.11,10派2.617,03-28
31,600030,中信证券,0.48,26.32,7.96,6.02,-1.69,524391.7,23.75,10派1.5,03-28
32,601998,中信银行,0.84,27.27,4.82,18.48,-2.91,3917500.0,26.24,10派2.52,03-28
33,601336,新华保险,1.42,51.06,12.6,11.76,18.01,442200.0,50.77,10派1.5,03-27
34,000563,陕国投A,0.26,-50.06,,9.24,,31307.61,20.12,10派0.3,03-27
35,601555,东吴证券,0.19,35.71,,4.97,,38263.62,35.81,10派0.6,03-27
36,601988,中国银行,0.56,12.0,3.31,18.04,,15691100.0,12.54,10派1.96,03-27
37,601628,中国人寿,0.88,125.64,7.8,11.22,2.42,2476500.0,123.89,10派3,03-26
38,601288,农业银行,0.51,13.33,2.6,20.89,0.1,16631500.0,14.63,10派1.77,03-26
39,601788,光大证券,0.06,-79.48,,0.93,,20577.72,-79.48,10派0.2,03-26
40,000166,申万宏源,0.26,23.81,,,,172744.32,22.7,,03-21
41,600000,浦发银行,2.19,19.69,10.96,21.53,16.53,4092200.0,19.7,10派6.6,03-20
42,000728,国元证券,0.34,61.9,,4.37,,66413.19,63.29,10派1,03-18
43,600109,国金证券,0.25,-10.58,,4.85,,31691.14,15.49,10派0.8,03-15
44,000686,东北证券,0.49,145.0,7.6,6.56,-2.42,48005.74,218.77,10派0.8转10,03-14
45,601318,中国平安,3.56,40.71,23.08,16.4,27.43,2815400.0,40.42,10派4.5,03-14
46,000712,锦龙股份,,,,,,5287.64,124.12,10派2转10,03-11
47,000001,平安银行,1.86,-29.01,11.77,16.57,9.63,1523100.0,13.64,10派1.6转2,03-07
48,600816,安信信托,0.62,159.68,,37.4,,27960.18,159.65,10派2,03-06
49,600369,西南证券,0.27,80.0,,5.88,,63032.88,84.09,10派1.2,03-05
