,code,name,eps,eps_yoy,bvps,roe,epcf,net_profits,profits_yoy,distrib,report_date
0,601198,东兴证券,0.12,,,3.79,,23452.01,,,04-30
1,600958,东方证券,0.05,,,1.41,,21801.57,,,04-25
2,002736,国信证券,,,,,,93745.37,9.26,,09-15
3,000166,申万宏源,0.08,,,,,56708.97,,,07-26
4,601336,新华保险,0.5,6.38,13.1,3.89,8.6,156000.0,6.48,,04-30
5,600837,海通证券,0.13,-13.33,,1.95,,121034.25,-15.59,,04-30
6,600015,华夏银行,0.42,-2.33,10.07,4.25,-6.08,372200.0,26.16,,04-30
7,600291,西水股份,0.28,446.71,,4.96,,10832.61,447.08,,04-30
8,601328,交通银行,0.25,4.17,5.92,4.36,,1869000.0,5.56,,04-30
9,600830,香溢融通,0.05,-20.69,,1.16,,2103.64,-19.53,,04-30
10,600000,浦发银行,0.57,20.34,11.62,5.09,-4.27,1071000.0,20.3,,04-30
11,601099,太平洋,0.04,208.33,,2.79,,6173.48,212.92,,04-30
12,601009,南京银行,0.48,20.0,9.58,5.16,12.57,141979.17,19.13,,04-30
13,601398,工商银行,0.21,5.0,3.87,5.57,,7330200.0,6.63,,04-30
14,600030,中信证券,0.12,33.33,8.01,1.48,0.29,131035.63,34.35,,04-30
15,601998,中信银行,0.23,15.0,5.09,4.68,-0.28,1070600.0,16.14,,04-30
16,601166,兴业银行,0.7,-18.6,11.27,6.45,7.91,1336300.0,21.74,,04-29
17,601901,方正证券,0.07,27.97,2.6,2.78,0.24,43519.02,30.5,,04-29
18,601318,中国平安,1.37,47.31,24.46,5.7,13.44,1080900.0,46.21,,04-29
19,000776,广发证券,0.14,27.27,,2.36,,82623.74,21.4,,04-29
20,601818,光大银行,0.18,-10.0,3.5,5.16,1.3,816700.0,2.55,,04-29
21,000415,渤海租赁,0.14,63.17,,3.03,,19177.4,76.19,,04-29
22,600036,招商银行,0.59,-1.67,11.23,5.45,2.25,1494500.0,14.78,,04-29
23,600999,招商证券,0.15,15.61,,2.58,,71117.08,15.63,,04-29
24,601377,兴业证券,0.07,-30.0,,1.43,,18773.09,-14.87,,04-29
25,601169,北京银行,0.51,8.51,,5.42,0.2,452197.1,9.51,,04-29
26,601939,建设银行,0.26,8.33,4.59,5.97,,6578000.0,10.41,,04-28
27,600816,安信信托,0.55,377.18,,25.32,,25071.53,377.03,,04-28
28,600705,中航资本,0.19,72.73,,5.52,,28420.07,66.15,,04-28
29,000728,国元证券,0.19,216.67,,2.34,,36705.68,204.61,,04-28
30,002142,宁波银行,0.52,18.18,9.48,5.68,9.44,150215.2,18.32,,04-26
31,601628,中国人寿,0.26,-27.78,7.94,3.25,1.78,722800.0,-28.27,,04-26
32,000783,长江证券,0.13,0.0,,2.43,0.99,31198.55,0.86,,04-26
33,601288,农业银行,0.16,14.29,2.78,6.12,0.53,5343000.0,13.65,,04-26
34,000750,国海证券,0.05,0.0,,1.93,0.39,12019.12,25.97,,04-26
35,601788,光大证券,0.07,-57.16,,1.0,,22992.54,-57.18,,04-26
36,601688,华泰证券,0.14,28.6,,2.2,,80568.79,28.52,,04-26
37,600016,民生银行,0.45,15.38,7.44,6.2,1.89,1267600.0,15.08,,04-26
38,600369,西南证券,0.11,83.33,,2.49,,27224.97,104.12,,04-25
39,601601,中国太保,0.35,40.0,11.39,3.2,1.96,321100.0,44.31,,04-25
40,002673,西部证券,0.07,-36.36,,1.7,,7957.93,-41.88,,04-25
41,600643,爱建集团,0.09,26.03,,2.13,,10167.74,26.8,,04-25
42,601988,中国银行,0.16,14.29,3.48,4.79,1.39,4536300.0,13.93,,04-25
43,000686,东北证券,0.09,-52.16,,2.36,,17819.86,-4.25,,04-24
44,000563,陕国投A,0.06,-51.72,,2.1,,7477.26,1.32,,04-24
45,000001,平安银行,0.53,-24.29,12.32,4.41,6.31,505400.0,40.82,,04-24
46,000712,锦龙股份,0.47,571.43,,9.05,,21074.8,589.33,,04-23
47,002500,山西证券,0.05,87.23,,1.87,,12930.47,96.74,,04-22
48,601555,东吴证券,0.08,14.29,,2.03,,16096.34,14.0,,04-17
49,600109,国金证券,0.17,325.64,,3.18,,21506.39,329.25,,04-12
