,code,name,eps,eps_yoy,bvps,roe,epcf,net_profits,profits_yoy,distrib,report_date
0,601901,方正证券,0.26,45.45,3.69,8.65,1.63,179609.78,62.45,,04-30
1,000166,申万宏源,0.51,96.15,3.21,17.2,3.23,342767.75,98.42,,04-30
2,002736,国信证券,0.7,133.33,4.0,21.28,0.73,492756.48,133.75,,04-29
3,000415,渤海租赁,0.55,-33.73,,10.65,,91319.6,-13.24,10派1转10,04-29
4,601169,北京银行,1.48,-3.27,9.08,17.98,11.79,1562300.0,16.08,10派2.5送2,04-28
5,600369,西南证券,0.49,81.48,,8.83,,133904.89,112.44,10派1.8,04-28
6,002142,宁波银行,1.89,12.5,10.49,19.45,7.01,562746.6,16.1,10派4.5转2,04-28
7,601166,兴业银行,2.47,14.35,13.54,21.21,35.8,4713800.0,14.38,10派5.7,04-28
8,601009,南京银行,1.89,25.17,10.93,19.0,37.56,560862.1,24.72,,04-28
9,002673,西部证券,0.55,139.13,,13.28,,66385.46,142.37,10派1.5转5送5,04-28
10,600291,西水股份,0.22,,,3.18,,8522.19,18.67,10派0.07,04-24
11,600643,爱建集团,0.46,7.91,,10.38,,51245.79,7.83,10转3,04-24
12,002500,山西证券,0.23,114.35,,8.25,,58629.47,126.74,10派0.5,04-21
13,601555,东吴证券,0.49,157.89,,10.6,,111545.21,191.52,10派1.25,04-18
14,600015,华夏银行,2.02,16.09,11.39,19.31,1.45,1798100.0,15.96,10派4.35转2,04-17
15,000712,锦龙股份,0.43,,,16.49,,38675.53,631.43,10派1,04-15
16,000563,陕国投A,0.29,12.03,,9.52,,35063.18,12.0,10派0.3,04-03
17,600016,民生银行,1.31,-12.08,7.03,20.41,6.71,4454600.0,5.36,10派1.1,03-31
18,600999,招商证券,0.72,51.0,,10.85,,385067.27,72.7,10派2.65,03-31
19,601788,光大证券,0.61,905.15,,8.57,,206830.75,905.12,10派0.8,03-31
20,601601,中国太保,1.22,19.61,12.93,10.25,4.42,1104900.0,19.31,10派5,03-30
21,600837,海通证券,0.8,90.48,,11.88,,771062.36,91.09,10派2.5,03-28
22,601939,建设银行,0.91,5.81,4.97,19.74,1.27,22783000.0,6.14,10派3.01,03-28
23,600830,香溢融通,0.22,-38.89,,5.49,,9992.09,-38.84,10派0.8,03-28
24,601818,光大银行,0.62,-6.06,3.83,17.36,0.74,2888300.0,8.12,10派1.86,03-28
25,601328,交通银行,0.89,5.95,6.34,14.87,,6585000.0,5.71,10派2.7,03-27
26,000783,长江证券,0.36,-14.29,2.94,12.89,2.3,170543.91,69.55,10派1.5,03-27
27,601398,工商银行,0.78,4.0,4.33,19.96,,27581100.0,5.01,10派2.554,03-27
28,601988,中国银行,0.61,8.93,3.7,17.28,,16959500.0,8.08,10派1.9,03-26
29,601336,新华保险,2.05,44.37,15.5,14.63,8.03,640600.0,44.87,10派2.1,03-26
30,000750,国海证券,0.3,100.0,,10.66,,69003.58,123.5,10派1.5,03-26
31,601628,中国人寿,1.14,29.55,10.05,12.83,2.77,3221100.0,30.07,10派4,03-25
32,601288,农业银行,0.55,7.84,3.05,19.57,0.11,17946100.0,7.9,10派1.82,03-25
33,600030,中信证券,1.03,114.58,9.0,12.18,,1133719.38,116.2,10派2.8185,03-24
34,601998,中信银行,0.87,3.57,5.55,16.84,0.73,4069200.0,3.87,,03-21
35,601318,中国平安,4.93,38.48,32.56,18.25,21.38,3927900.0,39.51,10派5转10,03-20
36,600000,浦发银行,2.52,14.9,13.15,21.02,10.25,4702600.0,14.92,10派7.57,03-19
37,600036,招商银行,2.22,-3.48,12.47,19.28,10.79,5591100.0,8.06,10派6.7,03-19
38,000686,东北证券,0.54,10.2,4.43,13.18,1.19,106002.54,120.81,10派0.6,03-18
39,600705,中航资本,0.5,-9.09,,16.94,,181035.65,114.42,10派0.7,03-18
40,000728,国元证券,0.7,105.88,,8.31,,137174.47,106.55,10派1,03-17
41,600109,国金证券,0.32,31.84,,11.29,,83648.96,163.95,10派0.3,03-16
42,000001,平安银行,1.73,-6.99,11.46,16.35,2.22,1980200.0,30.01,10派1.74转2,03-13
43,601377,兴业证券,0.34,26.89,,12.88,,178158.98,164.75,10派0.5,03-12
44,601688,华泰证券,0.8,102.86,,11.74,,448627.61,102.84,10派5,03-09
45,601099,太平洋,0.17,280.0,,11.08,,54331.98,628.31,10派0.5,03-06
46,600958,东方证券,0.55,129.17,4.35,13.81,1.16,234167.12,132.44,10派1.5,03-03
47,000776,广发证券,0.85,77.08,6.69,13.56,4.29,502256.78,78.58,10派2,02-14
48,600816,安信信托,2.25,266.07,,76.89,,102352.79,266.07,10派7,02-10
49,601198,东兴证券,0.52,55.39,3.71,15.43,4.63,104059.77,55.66,10派1.6,02-02
