,code,name,eps,eps_yoy,bvps,roe,epcf,net_profits,profits_yoy,distrib,report_date
0,600369,西南证券,1.01,405.0,,15.99,,284249.98,424.54,10派1.2转10,08-31
1,601939,建设银行,0.53,1.92,5.21,10.09,1.28,13189500.0,0.94,,08-31
2,601601,中国太保,1.25,64.47,14.19,9.1,1.48,1129500.0,64.94,,08-31
3,601818,光大银行,0.35,2.94,4.03,8.65,4.29,1624100.0,2.5,,08-31
4,000166,申万宏源,0.5,,,17.38,,735607.9,606.5,,08-29
5,600958,东方证券,1.23,547.37,,22.26,,587760.55,612.72,10派1,08-29
6,600016,民生银行,0.78,4.0,7.68,10.49,2.11,2677800.0,4.72,10派0.75,08-29
7,601988,中国银行,0.31,-3.13,3.81,8.16,,9074600.0,1.14,,08-29
8,601166,兴业银行,1.45,8.21,15.12,10.77,35.73,2774400.0,8.68,,08-29
9,600830,香溢融通,0.09,-8.91,,2.14,,4172.07,-8.84,,08-29
10,601099,太平洋,0.26,242.11,,13.54,,91717.93,536.34,,08-29
11,601901,方正证券,0.36,173.38,4.08,9.15,2.62,292605.25,280.27,,08-29
12,000415,渤海租赁,0.18,-39.86,,6.24,,63031.5,36.61,,08-29
13,000728,国元证券,0.96,209.68,,10.3,,188712.32,210.88,,08-28
14,002142,宁波银行,0.91,-14.95,9.75,9.85,9.82,355170.0,15.09,,08-28
15,600837,海通证券,1.03,243.33,,12.97,,1015471.37,252.9,,08-28
16,601328,交通银行,0.5,0.0,6.58,7.62,,3732400.0,1.5,,08-28
17,601288,农业银行,0.32,0.0,3.2,9.98,1.6,10431500.0,0.27,,08-28
18,601398,工商银行,0.42,0.0,4.4,9.43,,14902100.0,0.62,,08-28
19,601628,中国人寿,1.11,70.77,11.0,10.45,0.88,3148900.0,71.07,,08-27
20,000686,东北证券,0.93,447.06,,19.02,,182937.69,451.49,,08-27
21,600291,西水股份,0.96,154.95,,10.7,,36878.83,154.93,,08-27
22,600109,国金证券,0.43,46.76,,10.92,,123343.48,225.7,,08-27
23,601169,北京银行,0.79,-5.95,8.15,9.99,-2.2,1003600.0,13.44,,08-26
24,601336,新华保险,2.16,80.0,18.25,12.75,1.1,675200.0,80.15,,08-26
25,600036,招商银行,1.31,8.26,13.17,10.2,12.74,3297600.0,8.26,,08-26
26,600030,中信证券,1.13,205.41,10.75,11.79,,1247027.37,205.97,,08-25
27,601377,兴业证券,0.57,144.02,,18.36,,295775.54,388.12,,08-25
28,002736,国信证券,1.1,423.81,,24.27,,902179.57,503.1,,08-25
29,000750,国海证券,0.48,336.36,,15.27,,110151.02,350.12,,08-25
30,601688,华泰证券,1.15,333.55,,15.33,,667482.19,351.33,,08-22
31,000776,广发证券,1.3,364.29,,16.18,,840596.12,401.85,,08-22
32,600643,爱建集团,0.21,-0.48,,5.64,,30094.86,29.57,,08-21
33,601318,中国平安,1.9,-29.63,18.12,11.0,13.57,3464900.0,62.2,10派1.8,08-21
34,002673,西部证券,0.56,330.77,,17.65,,151803.01,896.78,,08-21
35,000783,长江证券,0.52,271.43,3.35,16.29,4.32,244850.67,269.83,,08-20
36,600000,浦发银行,1.28,5.43,13.71,9.37,11.3,2390300.0,5.5,,08-20
37,601998,中信银行,0.48,2.13,6.05,8.32,0.82,2258600.0,2.51,,08-19
38,000563,陕国投A,0.24,31.65,,7.03,,28891.06,31.62,,08-19
39,600705,中航资本,0.39,-40.91,,8.98,,144245.31,28.65,10派0.86,08-19
40,601198,东兴证券,0.65,,,13.58,,151338.84,216.29,,08-18
41,002500,山西证券,0.48,377.8,,15.18,,120344.43,401.92,,08-18
42,600999,招商证券,1.26,347.87,,16.19,,731466.55,436.07,10派5.04,08-18
43,000001,平安银行,0.84,-4.55,10.54,8.41,12.76,1158500.0,15.02,,08-14
44,601555,东吴证券,0.68,300.0,,12.19,,182828.2,449.35,,08-13
45,600015,华夏银行,0.87,-10.31,10.4,8.72,-1.53,926300.0,6.84,,08-08
46,601788,光大证券,1.43,1180.0,,17.2,,487802.62,1180.05,,08-06
47,600816,安信信托,1.83,51.64,,37.59,,83160.51,51.63,10转15,07-31
48,000712,锦龙股份,0.65,150.0,,20.41,,58504.62,152.85,,07-30
49,601009,南京银行,1.2,23.71,13.06,10.42,20.06,356753.8,24.45,,07-29
