date,open,high,close,low,volume,amount
2015-12-31,12.1,12.13,11.99,11.98,49125892.0,591643584.0
2015-12-30,12.09,12.11,12.1,11.95,53266704.0,641277248.0
2015-12-29,11.99,12.1,12.09,11.97,61980216.0,744718400.0
2015-12-28,12.43,12.46,11.98,11.98,82240864.0,1003010176.0
2015-12-25,12.38,12.47,12.41,12.33,39984504.0,495638048.0
2015-12-24,12.46,12.56,12.34,12.24,64022964.0,791975808.0
2015-12-23,12.47,12.78,12.48,12.4,103901824.0,1302341504.0
2015-12-22,12.5,12.62,12.43,12.38,69809144.0,870121728.0
2015-12-21,12.14,12.72,12.51,12.11,128114216.0,1595741312.0
2015-12-18,12.03,12.55,12.23,12.02,102294472.0,1257360384.0
2015-12-17,11.97,12.14,12.07,11.96,64827476.0,780891776.0
2015-12-16,11.98,12.01,11.89,11.88,39276280.0,468510272.0
2015-12-15,12.03,12.09,11.92,11.86,36448736.0,436557696.0
2015-12-14,11.73,12.11,12.07,11.71,58723664.0,698792000.0
2015-12-11,11.91,11.92,11.83,11.73,37950804.0,448800928.0
2015-12-10,11.95,12.14,11.96,11.91,41760360.0,502326080.0
2015-12-09,11.92,12.12,11.99,11.9,42938436.0,515596480.0
2015-12-08,12.07,12.09,11.96,11.9,50310180.0,602568640.0
2015-12-07,12.18,12.25,12.15,12.04,40279264.0,488370688.0
2015-12-04,12.31,12.38,12.12,12.08,76453248.0,934906560.0
2015-12-03,12.39,12.75,12.45,12.25,142597680.0,1786008960.0
2015-12-02,11.7,12.64,12.51,11.66,161576080.0,1978750464.0
2015-12-01,11.7,11.86,11.75,11.51,68025392.0,793118208.0
2015-11-30,11.72,11.87,11.74,11.5,65849388.0,770221376.0
2015-11-27,12.18,12.2,11.73,11.53,72802592.0,867702400.0
2015-11-26,12.36,12.38,12.23,12.2,55221016.0,679692160.0
2015-11-25,12.21,12.37,12.32,12.17,51346272.0,629507072.0
2015-11-24,12.41,12.45,12.28,12.16,66421480.0,812675968.0
2015-11-23,12.55,12.6,12.45,12.38,60797532.0,760493312.0
2015-11-20,12.5,12.59,12.55,12.42,59803632.0,747487168.0
2015-11-19,12.4,12.51,12.5,12.33,47112068.0,585571008.0
2015-11-18,12.46,12.7,12.42,12.31,79370480.0,991513856.0
2015-11-17,12.41,12.7,12.5,12.36,104648656.0,1315319808.0
2015-11-16,12.13,12.39,12.34,12.09,55984872.0,685977408.0
2015-11-13,12.22,12.48,12.24,12.19,58755504.0,722252992.0
2015-11-12,12.6,12.65,12.4,12.28,67113960.0,833753280.0
2015-11-11,12.7,12.78,12.55,12.38,102173504.0,1280174464.0
2015-11-10,12.8,13.07,12.75,12.61,112502760.0,1438707584.0
2015-11-09,12.5,13.38,12.94,12.46,241388784.0,3137641472.0
2015-11-06,12.02,12.41,12.39,11.92,146319488.0,1781331328.0
2015-11-05,11.6,12.57,12.07,11.55,229218976.0,2780266752.0
2015-11-04,11.08,11.7,11.69,11.05,130724416.0,1493255552.0
2015-11-03,11.15,11.21,11.05,11.01,39126520.0,434818752.0
2015-11-02,11.27,11.32,11.14,11.1,48443580.0,544000192.0
2015-10-30,11.3,11.42,11.36,11.27,53593072.0,607980992.0
2015-10-29,11.3,11.36,11.27,11.25,31670368.0,357830464.0
2015-10-28,11.46,11.48,11.27,11.25,54481116.0,619790784.0
2015-10-27,11.5,11.64,11.48,11.34,58043636.0,664648832.0
2015-10-26,11.6,11.81,11.52,11.44,108591752.0,1260872064.0
2015-10-23,11.39,11.53,11.47,11.34,93742512.0,1073981568.0
2015-10-22,11.25,11.4,11.33,11.18,82280576.0,928960000.0
2015-10-21,11.29,11.75,11.22,11.18,133262904.0,1523591936.0
2015-10-20,11.2,11.38,11.32,11.19,71516328.0,807642368.0
2015-10-19,11.27,11.35,11.26,11.15,72337152.0,814910976.0
2015-10-16,11.21,11.3,11.23,11.16,57000144.0,640488896.0
2015-10-15,10.95,11.17,11.17,10.94,48590048.0,539103680.0
2015-10-14,11.04,11.15,10.98,10.94,41898064.0,462963488.0
2015-10-13,11.2,11.26,11.13,11.09,35979820.0,401600928.0
2015-10-12,10.96,11.38,11.23,10.91,84966512.0,950602304.0
2015-10-09,10.75,10.95,10.9,10.72,47461208.0,516310496.0
2015-10-08,10.85,10.89,10.7,10.7,49407084.0,533806144.0
2015-09-30,10.4,10.59,10.49,10.39,36465972.0,383230176.0
2015-09-29,10.45,10.56,10.38,10.32,33360356.0,347612288.0
2015-09-28,10.56,10.59,10.53,10.43,19908728.0,209186176.0
2015-09-25,10.69,10.71,10.55,10.45,44642060.0,471537664.0
2015-09-24,10.76,10.81,10.71,10.67,25863256.0,277274176.0
2015-09-23,10.86,10.91,10.7,10.68,37115084.0,399583552.0
2015-09-22,10.83,11.06,10.96,10.82,49295560.0,541007296.0
2015-09-21,10.7,10.89,10.82,10.65,38611112.0,416851072.0
2015-09-18,10.84,10.96,10.81,10.73,31827282.0,345063776.0
2015-09-17,10.85,11.14,10.77,10.77,62079856.0,682338176.0
2015-09-16,10.59,11.08,10.9,10.52,56924376.0,612767040.0
2015-09-15,10.69,10.85,10.57,10.5,54283900.0,579042240.0
2015-09-14,10.99,11.0,10.87,10.45,75645272.0,813927104.0
2015-09-11,11.02,11.12,10.96,10.88,42645080.0,469297504.0
2015-09-10,11.0,11.18,11.05,10.94,46520564.0,514578400.0
2015-09-09,11.03,11.19,11.1,10.88,85107392.0,940582976.0
2015-09-08,10.88,11.15,11.0,10.59,74729248.0,815241856.0
2015-09-07,11.55,11.56,10.89,10.89,137611072.0,1544055040.0
2015-09-02,11.18,12.0,11.84,11.06,281574688.0,3273803264.0
2015-09-01,10.9,11.61,11.57,10.61,265766128.0,3003860736.0
2015-08-31,10.71,11.07,11.07,10.48,146429728.0,1578261504.0
2015-08-28,10.89,11.09,10.83,10.55,160802976.0,1728745600.0
2015-08-27,10.16,10.9,10.8,9.86,184923568.0,1912163328.0
2015-08-26,9.6,10.23,9.91,9.3,249191952.0,2460482048.0
2015-08-25,9.85,10.35,9.46,9.32,219233376.0,2122788608.0
2015-08-24,11.1,11.17,10.35,10.35,151802976.0,1601529088.0
2015-08-21,11.9,11.99,11.5,11.46,93336784.0,1095668224.0
2015-08-20,12.17,12.17,12.05,11.9,67763440.0,815652736.0
2015-08-19,12.1,12.23,12.23,11.9,95889424.0,1157078528.0
2015-08-18,12.5,12.74,12.27,11.95,117632440.0,1459671040.0
2015-08-17,12.61,12.69,12.54,12.45,67964256.0,852588992.0
2015-08-14,12.69,12.75,12.64,12.58,82378928.0,1043762752.0
2015-08-13,12.51,12.67,12.57,12.42,60634440.0,760265728.0
2015-08-12,12.69,12.77,12.57,12.56,68682208.0,869580800.0
2015-08-11,12.91,12.95,12.84,12.79,82849336.0,1065323968.0
2015-08-10,12.66,12.99,12.92,12.55,105311192.0,1346325120.0
2015-08-07,12.61,12.72,12.61,12.54,62201032.0,785501376.0
2015-08-06,12.5,12.73,12.53,12.43,45021844.0,567208512.0
2015-08-05,12.8,12.95,12.59,12.57,55180236.0,704539328.0
2015-08-04,12.77,12.99,12.86,12.59,77493760.0,988843520.0
2015-08-03,12.2,12.85,12.82,12.15,140512272.0,1757739776.0
2015-07-31,12.16,12.42,12.36,12.02,120274688.0,1472860288.0
2015-07-30,12.61,12.64,12.26,12.23,77027896.0,962337472.0
2015-07-29,12.6,12.62,12.6,12.38,97168288.0,1210759040.0
2015-07-28,12.19,12.76,12.62,12.15,201120080.0,2509971456.0
2015-07-27,13.25,13.32,12.44,12.04,178785920.0,2289450240.0
2015-07-24,13.68,13.7,13.38,13.32,133931000.0,1815659008.0
2015-07-23,13.46,13.75,13.67,13.41,148369616.0,2022035328.0
2015-07-22,13.49,13.54,13.52,13.34,113809064.0,1528783872.0
2015-07-21,13.51,13.64,13.57,13.38,113164352.0,1529148288.0
2015-07-20,13.8,13.8,13.6,13.53,135868304.0,1852316416.0
2015-07-17,13.66,13.94,13.82,13.53,168063760.0,2304999424.0
2015-07-16,13.6,13.76,13.6,13.42,138893984.0,1884221568.0
2015-07-15,13.66,13.96,13.58,13.4,162642320.0,2225697024.0
2015-07-14,14.2,14.38,13.87,13.51,258022960.0,3608580608.0
2015-07-13,14.4,14.89,14.44,14.12,326819616.0,4737400320.0
2015-07-10,13.85,15.36,14.86,13.61,465098784.0,6891581440.0
2015-07-09,13.19,14.44,14.26,12.11,434435552.0,5904698368.0
2015-07-08,13.81,14.0,13.19,13.19,499669696.0,6762103296.0
2015-07-07,13.66,14.65,14.65,13.21,480831200.0,6808003584.0
2015-07-06,14.3,14.31,13.88,13.29,338152672.0,4660186112.0
2015-07-03,13.98,13.99,13.07,12.79,259745824.0,3473335552.0
2015-07-02,13.9,14.31,13.75,13.38,198282624.0,2762337280.0
2015-07-01,14.35,14.59,13.92,13.74,183540608.0,2629096448.0
2015-06-30,13.54,14.54,14.54,13.38,254810320.0,3572978432.0
2015-06-29,14.08,14.15,13.56,12.75,261294320.0,3570319360.0
2015-06-26,14.64,14.95,13.77,13.38,255532176.0,3623880448.0
2015-06-25,15.58,15.63,14.87,14.76,207916480.0,3179774464.0
2015-06-24,15.0,15.13,15.12,14.7,153199616.0,2290363648.0
2015-06-23,14.64,14.97,14.95,14.11,180548816.0,2643180032.0
2015-06-19,15.25,15.39,14.63,14.5,156552048.0,2345768704.0
2015-06-18,15.68,15.68,15.38,15.01,160255488.0,2468466176.0
2015-06-17,15.83,15.89,15.73,15.45,171594224.0,2689990144.0
2015-06-16,15.8,16.06,15.64,15.5,181217984.0,2858213632.0
2015-06-15,16.53,16.6,15.92,15.9,219217664.0,3547149568.0
2015-06-12,16.48,16.63,16.51,16.31,190338880.0,3131996672.0
2015-06-11,16.68,16.77,16.48,16.35,170696048.0,2811189760.0
2015-06-10,16.8,16.93,16.68,16.53,219838656.0,3679460608.0
2015-06-09,17.36,17.45,16.98,16.68,328696768.0,5601776128.0
2015-06-08,16.32,17.45,17.29,16.19,508605024.0,8596941824.0
2015-06-05,16.7,16.8,16.3,16.03,285545632.0,4681142272.0
2015-06-04,15.85,16.58,16.37,15.66,368253280.0,5971846144.0
2015-06-03,15.77,15.95,15.83,15.5,197523184.0,3103860736.0
2015-06-02,15.89,15.9,15.77,15.52,190482208.0,2991565056.0
2015-06-01,15.33,15.98,15.9,15.19,215836224.0,3365459200.0
2015-05-29,15.51,15.67,15.32,15.11,201493296.0,3103543552.0
2015-05-28,16.5,16.51,15.5,15.43,273306112.0,4404154880.0
2015-05-27,16.62,16.91,16.48,16.4,234121776.0,3888992256.0
2015-05-26,16.63,16.7,16.62,16.28,279220864.0,4607493632.0
2015-05-25,16.35,16.71,16.6,16.35,273036960.0,4518316544.0
2015-05-22,15.91,16.3,16.27,15.82,262190784.0,4233675776.0
2015-05-21,15.8,15.89,15.79,15.62,140584656.0,2214024960.0
2015-05-20,16.01,16.15,15.74,15.6,258966688.0,4115472640.0
2015-05-19,15.17,15.74,15.59,15.05,191781264.0,2959557120.0
2015-05-18,15.2,15.35,15.18,14.97,153708416.0,2327558400.0
2015-05-15,15.8,15.88,15.45,15.27,175271648.0,2718885120.0
2015-05-14,16.0,16.05,15.89,15.69,143802768.0,2283604736.0
2015-05-13,16.18,16.25,15.88,15.74,175656160.0,2807445504.0
2015-05-12,15.98,16.18,15.96,15.65,198965552.0,3166864384.0
2015-05-11,15.8,16.12,16.03,15.49,212307728.0,3349066752.0
2015-05-08,15.71,15.98,15.85,15.5,137446848.0,2163108864.0
2015-05-07,15.72,15.88,15.67,15.5,125870752.0,1968941824.0
2015-05-06,15.82,16.3,15.72,15.49,194991104.0,3107565568.0
2015-05-05,16.41,16.52,15.86,15.5,229934176.0,3685372416.0
2015-05-04,16.7,16.7,16.52,16.28,142757504.0,2351547392.0
2015-04-30,16.83,17.26,16.7,16.68,289063552.0,4899379712.0
2015-04-29,16.66,16.75,16.65,16.2,215118832.0,3550493440.0
2015-04-28,16.45,17.38,16.7,16.22,476354400.0,8014319104.0
2015-04-27,16.21,16.6,16.42,16.2,246056352.0,4027939328.0
2015-04-24,16.3,16.51,16.14,16.01,244283696.0,3959606528.0
2015-04-23,16.98,17.04,16.66,16.56,231968832.0,3893522176.0
2015-04-22,16.58,16.98,16.95,16.5,277314176.0,4640335872.0
2015-04-21,16.32,16.7,16.56,15.98,241593696.0,3943356928.0
2015-04-20,17.1,17.2,16.3,16.16,344725728.0,5776437760.0
2015-04-17,17.5,17.5,16.93,16.8,260952336.0,4447332864.0
2015-04-16,16.34,17.1,17.0,16.25,246740720.0,4102824448.0
2015-04-15,16.3,17.28,16.65,16.1,341764192.0,5746875392.0
2015-04-14,16.5,16.5,16.3,16.1,247237504.0,4020209664.0
2015-04-13,17.0,17.16,16.54,16.15,480715328.0,8021096960.0
2015-04-10,18.0,19.8,19.8,17.85,334020992.0,6339649024.0
2015-04-09,17.95,19.05,18.0,17.73,317306336.0,5794632192.0
2015-04-08,16.93,18.08,17.92,16.65,337164640.0,5784459264.0
2015-04-07,16.15,16.96,16.81,16.15,296047232.0,4898119680.0
2015-04-03,15.7,15.94,15.85,15.61,143494128.0,2262844416.0
2015-04-02,16.09,16.14,15.8,15.62,140583744.0,2222670592.0
2015-04-01,15.82,16.14,15.96,15.55,164331648.0,2608976896.0
2015-03-31,16.04,16.6,15.75,15.63,273318336.0,4393135104.0
2015-03-30,15.23,15.94,15.66,15.1,258261376.0,4014724352.0
2015-03-27,15.1,15.29,15.08,14.86,104763888.0,1577607040.0
2015-03-26,14.86,15.42,15.11,14.71,148789152.0,2246003712.0
2015-03-25,15.28,15.32,14.91,14.89,159146800.0,2396613888.0
2015-03-24,15.43,15.59,15.35,15.22,155919344.0,2396553472.0
2015-03-23,15.33,15.56,15.43,15.33,178205584.0,2750596608.0
2015-03-20,15.19,15.55,15.32,15.06,197639440.0,3027315200.0
2015-03-19,15.48,15.48,15.19,15.12,158030032.0,2413982208.0
2015-03-18,15.36,15.58,15.51,15.29,183100064.0,2823982848.0
2015-03-17,15.51,15.8,15.4,15.25,195984192.0,3020408576.0
2015-03-16,15.1,15.5,15.41,14.92,221847248.0,3387198720.0
2015-03-13,14.9,15.61,14.99,14.8,316398848.0,4799934976.0
2015-03-12,14.2,14.96,14.6,14.08,330513728.0,4805590528.0
2015-03-11,13.79,14.08,13.86,13.79,90335416.0,1258356096.0
2015-03-10,14.0,14.12,13.77,13.77,138570624.0,1927581952.0
2015-03-09,13.47,14.34,14.15,13.32,220532368.0,3067985664.0
2015-03-06,13.37,13.51,13.44,13.35,55704776.0,748959104.0
2015-03-05,13.5,13.53,13.38,13.29,82860488.0,1109152000.0
2015-03-04,13.62,13.72,13.57,13.5,81497304.0,1108145408.0
2015-03-03,13.98,13.98,13.6,13.59,105947632.0,1457305088.0
2015-03-02,14.03,14.09,14.03,13.87,101879696.0,1423603328.0
2015-02-27,14.06,14.16,13.99,13.96,79357016.0,1115146112.0
2015-02-26,13.8,14.08,14.07,13.6,102554424.0,1424064896.0
2015-02-25,14.04,14.05,13.8,13.76,57739232.0,799193600.0
2015-02-17,13.96,14.11,13.99,13.93,68049160.0,954430208.0
2015-02-16,13.95,14.01,13.92,13.73,72120240.0,999898496.0
2015-02-13,13.93,14.18,13.95,13.84,88774312.0,1244514816.0
2015-02-12,13.75,13.9,13.86,13.62,60871568.0,838611264.0
2015-02-11,13.78,13.85,13.73,13.68,55434952.0,763414592.0
2015-02-10,13.49,13.82,13.77,13.42,72487536.0,991823744.0
2015-02-09,13.5,13.68,13.52,13.22,94658624.0,1273141120.0
2015-02-06,13.69,13.95,13.51,13.4,103040856.0,1411298560.0
2015-02-05,14.3,14.43,13.79,13.76,191372912.0,2710523904.0
2015-02-04,14.0,14.04,13.71,13.7,80762312.0,1122666752.0
2015-02-03,13.78,13.99,13.95,13.62,88334912.0,1217876608.0
2015-02-02,13.6,13.8,13.63,13.55,86093216.0,1176949504.0
2015-01-30,13.93,14.12,13.93,13.76,93011672.0,1298735744.0
2015-01-29,13.82,14.01,13.9,13.75,101675328.0,1408825344.0
2015-01-28,13.87,14.3,14.06,13.8,124087752.0,1742175744.0
2015-01-27,14.35,14.37,13.99,13.83,133949464.0,1881058944.0
2015-01-26,14.36,14.44,14.34,14.16,105760576.0,1508446592.0
2015-01-23,14.36,14.63,14.4,14.3,145918192.0,2108746752.0
2015-01-22,14.34,14.52,14.3,14.16,125501608.0,1801436288.0
2015-01-21,13.88,14.6,14.42,13.75,194053040.0,2758192640.0
2015-01-20,13.83,14.06,13.83,13.56,149101808.0,2064280576.0
2015-01-19,14.01,14.57,13.83,13.83,213712368.0,3016203008.0
2015-01-16,15.4,15.62,15.37,15.18,155584640.0,2403346176.0
2015-01-15,14.85,15.35,15.35,14.71,124217032.0,1868795904.0
2015-01-14,14.78,15.2,14.81,14.7,126302960.0,1889296640.0
2015-01-13,14.65,14.9,14.68,14.61,81687480.0,1204987136.0
2015-01-12,14.87,15.05,14.77,14.5,155329088.0,2293104640.0
2015-01-09,14.9,15.87,15.08,14.71,250850016.0,3835378176.0
2015-01-08,15.5,15.57,14.96,14.9,140771424.0,2128003456.0
2015-01-07,15.56,15.83,15.48,15.3,170012064.0,2634796288.0
2015-01-06,15.85,16.39,15.78,15.55,216642144.0,3453446144.0
2015-01-05,15.99,16.28,16.02,15.6,286043648.0,4565387776.0
2014-12-31,15.61,15.88,15.84,15.3,240006576.0,3760218368.0
2014-12-30,14.93,15.59,15.5,14.87,236607840.0,3637484288.0
2014-12-29,15.61,16.05,14.92,14.75,258614816.0,3983923200.0
2014-12-26,14.61,15.18,15.1,14.52,243707328.0,3625690368.0
2014-12-25,14.35,14.75,14.69,14.04,199727584.0,2887581440.0
2014-12-24,14.74,14.85,14.07,13.68,201027104.0,2854208000.0
2014-12-23,14.99,15.28,14.75,14.5,179785072.0,2688160512.0
2014-12-22,14.9,16.16,15.34,14.81,346739136.0,5383744512.0
2014-12-19,14.82,15.19,15.0,14.44,193540576.0,2880581120.0
2014-12-18,15.41,15.55,14.89,14.6,247025088.0,3714889472.0
2014-12-17,14.4,15.67,15.36,14.2,440016608.0,6579202560.0
2014-12-16,13.5,14.39,14.39,13.44,246907296.0,3433988608.0
2014-12-15,13.75,13.75,13.58,13.27,180093664.0,2428185600.0
2014-12-12,13.9,14.2,13.94,13.68,164390912.0,2291244544.0
2014-12-11,13.81,14.58,13.92,13.69,223799568.0,3153661696.0
2014-12-10,13.6,14.36,14.19,13.02,352784416.0,4800983040.0
2014-12-09,14.96,15.53,13.71,13.71,404542016.0,6002899968.0
2014-12-08,14.21,15.5,15.23,14.0,392834240.0,5883664384.0
2014-12-05,14.05,15.23,14.53,13.52,441369728.0,6338168320.0
2014-12-04,13.14,13.97,13.96,12.9,345018080.0,4674285056.0
2014-12-03,13.12,13.89,13.1,12.71,399753024.0,5328330240.0
2014-12-02,12.14,13.4,13.12,12.08,349041152.0,4436545024.0
2014-12-01,12.6,13.04,12.19,12.15,446521376.0,5600612352.0
2014-11-28,11.27,12.44,12.44,11.18,484483936.0,5793392128.0
2014-11-27,11.35,11.51,11.31,11.12,210385664.0,2386849792.0
2014-11-26,10.99,11.37,11.21,10.92,218491872.0,2437181184.0
2014-11-25,10.75,11.02,10.98,10.69,156780272.0,1704413952.0
2014-11-24,10.61,10.95,10.78,10.52,222736848.0,2397291008.0
2014-11-21,10.62,10.86,10.8,10.5,114673200.0,1223438976.0
2014-11-20,10.58,10.69,10.63,10.5,68354464.0,724359488.0
2014-11-19,10.6,10.66,10.63,10.54,59165676.0,627088000.0
2014-11-18,10.74,10.81,10.61,10.56,93029648.0,989520768.0
2014-11-17,10.95,10.99,10.76,10.71,88959448.0,961843456.0
2014-11-14,11.0,11.01,10.93,10.8,90152664.0,980490624.0
2014-11-13,11.18,11.36,11.05,11.03,134038424.0,1498070400.0
2014-11-12,11.19,11.21,11.2,10.99,138946256.0,1538194048.0
2014-11-11,11.11,11.64,11.27,11.07,298139072.0,3390990080.0
2014-11-10,11.05,11.25,11.14,10.86,162134848.0,1792128640.0
2014-11-07,10.81,11.38,10.91,10.77,223436928.0,2470577664.0
2014-11-06,10.82,10.9,10.84,10.74,64512384.0,697762496.0
2014-11-05,10.85,10.95,10.82,10.66,128587680.0,1386577280.0
2014-11-04,11.15,11.18,10.85,10.78,131899208.0,1443563392.0
2014-11-03,11.16,11.26,11.11,10.98,191683472.0,2129642880.0
2014-10-31,10.5,11.35,11.03,10.46,359308416.0,3900875264.0
2014-10-30,10.31,10.55,10.43,10.21,152063312.0,1578266368.0
2014-10-29,10.19,10.38,10.3,10.14,106527616.0,1093979392.0
2014-10-28,10.05,10.19,10.17,10.05,53065096.0,536920640.0
2014-10-27,10.1,10.13,10.02,9.98,72956880.0,732278912.0
2014-10-24,10.33,10.35,10.18,10.15,82098912.0,842529664.0
2014-10-23,10.12,10.34,10.24,10.12,158547968.0,1625133824.0
2014-10-22,10.08,10.19,10.1,10.06,55946012.0,566148288.0
2014-10-21,10.14,10.16,10.09,10.07,48632320.0,491186144.0
2014-10-20,10.15,10.19,10.17,10.09,61117048.0,619515008.0
2014-10-17,10.2,10.22,10.12,10.06,70051112.0,709337216.0
2014-10-16,10.1,10.35,10.2,10.08,132373552.0,1355834880.0
2014-10-15,10.11,10.18,10.16,10.02,59765984.0,604421632.0
2014-10-14,10.09,10.2,10.12,10.07,57588336.0,582555072.0
2014-10-13,10.12,10.14,10.1,10.04,51987540.0,524142432.0
2014-10-10,10.16,10.2,10.16,10.13,65934904.0,669474240.0
2014-10-09,10.26,10.29,10.2,10.16,66239360.0,676601216.0
2014-10-08,10.17,10.26,10.26,10.14,67468720.0,688179584.0
2014-09-30,10.14,10.16,10.14,10.1,48398244.0,490091136.0
2014-09-29,10.14,10.19,10.12,10.09,60535872.0,613587456.0
2014-09-26,10.16,10.17,10.12,10.06,45363332.0,458477952.0
2014-09-25,10.32,10.33,10.18,10.15,67716736.0,693101952.0
2014-09-24,10.07,10.3,10.28,10.04,76055288.0,774981760.0
2014-09-23,10.06,10.14,10.1,10.05,46215800.0,466701920.0
2014-09-22,10.33,10.34,10.06,10.02,79019168.0,802793600.0
2014-09-19,10.3,10.4,10.38,10.26,57075420.0,590539520.0
2014-09-18,10.21,10.46,10.33,10.18,76830912.0,793783232.0
2014-09-17,10.3,10.35,10.26,10.2,55674796.0,570332032.0
2014-09-16,10.32,10.46,10.25,10.24,82834048.0,855746048.0
2014-09-15,10.33,10.33,10.31,10.25,51541836.0,530216256.0
2014-09-12,10.37,10.38,10.37,10.27,40865436.0,421465536.0
2014-09-11,10.33,10.55,10.37,10.3,71346128.0,743736320.0
2014-09-10,10.4,10.41,10.33,10.31,53159332.0,549288832.0
2014-09-09,10.55,10.58,10.46,10.42,56669760.0,593195200.0
2014-09-05,10.55,10.64,10.57,10.5,59787808.0,631001536.0
2014-09-04,10.5,10.55,10.55,10.38,62815852.0,657751232.0
2014-09-03,10.47,10.59,10.5,10.43,76692880.0,807419392.0
2014-09-02,10.35,10.49,10.45,10.24,78800496.0,816712384.0
2014-09-01,10.24,10.33,10.3,10.17,48778216.0,501154048.0
2014-08-29,10.15,10.25,10.25,10.14,34372640.0,350689088.0
2014-08-28,10.24,10.25,10.15,10.14,43896984.0,447046656.0
2014-08-27,10.19,10.39,10.24,10.17,57314684.0,588959936.0
2014-08-26,10.19,10.27,10.19,10.14,46116512.0,469882624.0
2014-08-25,10.35,10.35,10.21,10.18,50943444.0,521445408.0
2014-08-22,10.29,10.41,10.35,10.26,48156176.0,497919616.0
2014-08-21,10.45,10.47,10.34,10.25,63223048.0,653438912.0
2014-08-20,10.57,10.57,10.47,10.44,57328568.0,600953664.0
2014-08-19,10.65,10.67,10.58,10.51,58082164.0,613961792.0
2014-08-18,10.59,10.69,10.65,10.55,58902348.0,625059392.0
2014-08-15,10.54,10.63,10.58,10.45,67508976.0,711373248.0
2014-08-14,10.68,10.75,10.54,10.51,52369320.0,556638912.0
2014-08-13,10.58,10.71,10.65,10.49,53336496.0,564717120.0
2014-08-12,10.65,10.66,10.6,10.52,48085236.0,508251840.0
2014-08-11,10.56,10.75,10.71,10.56,62133184.0,663290432.0
2014-08-08,10.53,10.62,10.54,10.46,55565168.0,586028480.0
2014-08-07,10.65,10.68,10.5,10.48,59643464.0,629404544.0
2014-08-06,10.75,10.75,10.65,10.51,83464760.0,884436928.0
2014-08-05,10.95,11.09,10.82,10.71,75217528.0,817861952.0
2014-08-04,10.7,10.93,10.93,10.6,83062392.0,896723520.0
2014-08-01,10.84,11.08,10.7,10.7,85450968.0,930971520.0
2014-07-31,10.75,10.9,10.87,10.65,63778444.0,685541120.0
2014-07-30,10.82,11.1,10.75,10.73,81002560.0,880625344.0
2014-07-29,10.82,11.1,10.82,10.73,120182704.0,1306061696.0
2014-07-28,10.26,10.9,10.78,10.24,186787920.0,1997922432.0
2014-07-25,10.2,10.26,10.22,10.08,85391392.0,868778304.0
2014-07-24,9.77,10.3,10.16,9.76,180582400.0,1820306688.0
2014-07-23,9.7,9.83,9.76,9.68,55570368.0,541821248.0
2014-07-22,9.53,9.8,9.73,9.52,61369888.0,594111744.0
2014-07-21,9.6,9.6,9.55,9.53,27299506.0,260823472.0
2014-07-18,9.55,9.65,9.6,9.53,37511524.0,360507392.0
2014-07-17,9.6,9.62,9.59,9.53,32007282.0,306409312.0
2014-07-16,9.7,9.71,9.61,9.52,61770284.0,592431488.0
2014-07-14,9.68,9.72,9.72,9.57,46311612.0,446246592.0
2014-07-11,9.66,9.7,9.67,9.64,31832008.0,307776992.0
2014-07-10,9.66,9.73,9.67,9.61,36025784.0,348040192.0
2014-07-09,9.92,9.92,9.65,9.58,58789112.0,573417344.0
2014-07-08,9.84,9.93,9.93,9.77,34608704.0,341179840.0
2014-07-07,9.91,9.93,9.86,9.8,34306164.0,337859968.0
2014-07-04,9.97,10.01,9.91,9.86,34231128.0,339852544.0
2014-07-03,9.89,9.99,9.96,9.83,44690488.0,443709920.0
2014-07-02,9.86,9.9,9.89,9.81,28604172.0,281857216.0
2014-07-01,9.91,9.95,9.86,9.83,28494372.0,281216672.0
2014-06-30,9.8,9.97,9.91,9.79,44723792.0,442037472.0
2014-06-27,9.79,9.87,9.82,9.71,36752084.0,359856064.0
2014-06-26,9.71,9.83,9.82,9.71,34288524.0,335699968.0
2014-06-25,9.8,9.81,9.77,9.64,27126264.0,263555600.0
2014-06-24,9.78,9.85,9.8,9.76,28459320.0,279235072.0
2014-06-23,9.85,9.95,9.77,9.76,43085976.0,423339296.0
2014-06-20,9.77,9.85,9.85,9.74,37207088.0,364389984.0
2014-06-19,9.86,9.94,9.78,9.68,48308104.0,474545248.0
2014-06-18,10.04,10.06,9.86,9.81,53855012.0,534087744.0
2014-06-17,10.05,10.18,10.04,9.98,54184788.0,546274880.0
2014-06-16,10.06,10.24,10.13,10.02,87818232.0,889629952.0
2014-06-13,9.7,10.38,10.12,9.68,123950480.0,1246107264.0
2014-06-12,9.62,9.77,9.71,9.6,36744200.0,355905024.0
2014-06-11,11.68,11.84,11.78,11.63,43323328.0,509141984.0
2014-06-10,11.52,11.75,11.75,11.47,62198264.0,723590272.0
2014-06-09,11.35,11.54,11.48,11.32,31352202.0,359580576.0
2014-06-06,11.44,11.48,11.38,11.29,18643556.0,212129088.0
2014-06-05,11.3,11.44,11.43,11.29,24629124.0,280049632.0
2014-06-04,11.51,11.52,11.33,11.25,32388974.0,367011936.0
2014-06-03,11.5,11.69,11.51,11.5,27811388.0,322371200.0
2014-05-30,11.49,11.62,11.5,11.46,31877308.0,367350848.0
2014-05-29,11.59,11.74,11.5,11.49,36223848.0,420664544.0
2014-05-28,11.57,11.63,11.6,11.39,42703764.0,491816864.0
2014-05-27,11.53,11.7,11.58,11.5,28440770.0,329865248.0
2014-05-26,11.65,11.65,11.58,11.46,31598920.0,365020288.0
2014-05-23,11.4,11.61,11.58,11.36,41535648.0,478107232.0
2014-05-22,11.33,11.66,11.39,11.29,61914168.0,713100736.0
2014-05-21,11.2,11.38,11.33,11.08,26316828.0,297218368.0
2014-05-20,11.25,11.34,11.24,11.17,20576600.0,231625056.0
2014-05-19,11.27,11.28,11.27,11.14,26110556.0,292426272.0
2014-05-16,11.19,11.34,11.27,11.18,31177310.0,351626464.0
2014-05-15,11.3,11.35,11.19,11.15,31262756.0,351067744.0
2014-05-14,11.21,11.44,11.31,11.21,41612180.0,471890560.0
2014-05-13,11.33,11.36,11.23,11.19,30583330.0,344109440.0
2014-05-12,11.15,11.4,11.34,11.02,60199192.0,678608640.0
2014-05-09,10.93,11.13,11.05,10.9,32191490.0,354936704.0
2014-05-08,10.83,11.15,10.93,10.81,37962092.0,418459584.0
2014-05-07,10.91,10.95,10.85,10.85,24191028.0,263547088.0
2014-05-06,10.92,11.09,10.95,10.9,26777092.0,294197728.0
2014-05-05,11.1,11.11,10.99,10.83,40327048.0,440413664.0
2014-04-30,11.18,11.22,11.14,11.09,25959642.0,289386176.0
2014-04-29,11.02,11.25,11.16,10.92,41362160.0,458216064.0
2014-04-28,11.25,11.28,11.03,10.96,52604504.0,582533632.0
2014-04-25,11.23,11.52,11.25,11.11,71433520.0,810796672.0
2014-04-24,11.42,11.45,11.23,11.12,63400484.0,712292416.0
2014-04-23,11.08,11.45,11.3,11.08,119102808.0,1346115072.0
2014-04-22,10.71,11.18,11.06,10.68,52328164.0,569433664.0
2014-04-21,10.75,10.9,10.69,10.67,29815604.0,321959264.0
2014-04-18,10.85,10.88,10.8,10.72,32354412.0,349102656.0
2014-04-17,11.02,11.08,10.9,10.83,30488524.0,333305056.0
2014-04-16,10.93,11.13,10.99,10.86,37664608.0,414021984.0
2014-04-15,11.21,11.23,10.97,10.91,53468880.0,589940416.0
2014-04-14,11.35,11.45,11.28,11.19,42174132.0,476278752.0
2014-04-11,11.34,11.5,11.4,11.25,59325528.0,674562240.0
2014-04-10,11.21,11.6,11.36,11.16,77006824.0,876017984.0
2014-04-09,11.27,11.35,11.19,11.16,55734652.0,626176128.0
2014-04-08,10.78,11.49,11.28,10.78,134292064.0,1503024000.0
2014-04-04,10.7,10.82,10.79,10.59,34209024.0,366585728.0
2014-04-03,10.96,11.02,10.77,10.76,45365088.0,494227840.0
2014-04-02,10.79,11.01,10.91,10.73,46039728.0,500530400.0
2014-04-01,10.72,10.89,10.8,10.7,28124288.0,303939584.0
2014-03-31,10.85,10.94,10.77,10.67,32113078.0,346029600.0
2014-03-28,10.7,10.96,10.78,10.67,53264992.0,576611648.0
2014-03-27,10.64,11.03,10.77,10.52,80313368.0,867999424.0
2014-03-26,10.66,10.75,10.7,10.54,36020600.0,383229632.0
2014-03-25,10.77,10.81,10.6,10.56,41575436.0,444839360.0
2014-03-24,10.77,10.93,10.79,10.63,84253872.0,908755200.0
2014-03-21,10.07,10.94,10.79,10.03,125181192.0,1316754816.0
2014-03-20,10.22,10.29,10.1,10.05,45488152.0,462702976.0
2014-03-19,10.35,10.35,10.24,10.15,36302888.0,370332000.0
2014-03-18,10.47,10.51,10.38,10.33,43181484.0,449377632.0
2014-03-17,10.41,10.5,10.47,10.34,37297944.0,388751072.0
2014-03-14,10.43,10.53,10.32,10.27,45039248.0,466403744.0
2014-03-13,10.48,10.79,10.56,10.37,62662520.0,663461504.0
2014-03-12,10.27,10.48,10.35,10.18,51510720.0,532491168.0
2014-03-11,10.31,10.39,10.24,10.1,45078940.0,462135328.0
2014-03-10,10.7,10.72,10.31,10.25,54432072.0,567573120.0
2014-03-07,10.75,10.94,10.8,10.72,48865432.0,529718080.0
2014-03-06,10.71,10.85,10.77,10.51,52738264.0,564310336.0
2014-03-05,10.89,10.98,10.7,10.63,53301668.0,575251328.0
2014-03-04,10.99,11.02,10.98,10.8,52758524.0,575054336.0
2014-03-03,11.02,11.08,11.04,10.93,42743200.0,470295904.0
2014-02-28,11.17,11.24,11.13,10.88,44623752.0,493549152.0
2014-02-27,11.15,11.35,11.24,11.01,55508600.0,621811136.0
2014-02-26,11.03,11.22,11.11,11.0,40793776.0,453164480.0
2014-02-25,11.17,11.35,11.02,11.0,54838744.0,611611840.0
2014-02-24,11.45,11.48,11.16,11.14,66782028.0,750803456.0
2014-02-21,11.82,11.84,11.6,11.58,47999664.0,559681280.0
2014-02-20,11.93,12.25,11.76,11.75,76632416.0,919006400.0
2014-02-19,11.61,12.13,12.0,11.61,98817488.0,1177763456.0
2014-02-18,11.91,11.93,11.66,11.62,59606164.0,700246016.0
2014-02-17,12.1,12.17,11.97,11.87,60892188.0,727601216.0
2014-02-14,12.11,12.19,12.08,11.96,58233936.0,701905728.0
2014-02-13,11.83,12.5,12.22,11.8,121819272.0,1480576896.0
2014-02-12,11.87,12.2,11.94,11.85,69462200.0,831733248.0
2014-02-11,11.53,12.33,12.0,11.43,131046536.0,1569553152.0
2014-02-10,11.38,11.59,11.57,11.35,58122624.0,670008704.0
2014-02-07,11.32,11.38,11.38,11.1,41875744.0,470138336.0
2014-01-30,11.55,11.55,11.4,11.38,29141306.0,332618208.0
2014-01-29,11.54,11.64,11.56,11.5,31210440.0,361575328.0
2014-01-28,11.45,11.59,11.5,11.37,38968304.0,446213152.0
2014-01-27,11.56,11.63,11.39,11.35,44299724.0,508343008.0
2014-01-24,11.64,11.81,11.66,11.57,48528332.0,567516096.0
2014-01-23,11.77,11.79,11.7,11.65,37553548.0,439497024.0
2014-01-22,11.36,11.86,11.79,11.35,61908448.0,723523200.0
2014-01-21,11.32,11.56,11.36,11.32,26579498.0,303578624.0
2014-01-20,11.48,11.48,11.3,11.25,30721992.0,349154112.0
2014-01-17,11.62,11.64,11.48,11.45,42351388.0,487423200.0
2014-01-16,11.66,11.8,11.69,11.58,29959340.0,350027744.0
2014-01-15,11.7,11.74,11.67,11.56,29798810.0,346733024.0
2014-01-14,11.57,11.78,11.72,11.45,36242708.0,420715264.0
2014-01-13,11.8,11.91,11.6,11.49,47887516.0,559375168.0
2014-01-10,11.78,11.95,11.82,11.66,38119764.0,450487744.0
2014-01-09,11.69,11.99,11.82,11.65,48551836.0,576870528.0
2014-01-08,11.64,11.95,11.76,11.53,45776816.0,538436160.0
2014-01-07,11.53,11.76,11.63,11.51,33840748.0,393977568.0
2014-01-06,11.89,12.0,11.67,11.5,58211824.0,679280384.0
2014-01-03,12.15,12.16,11.93,11.78,55111484.0,656631296.0
2014-01-02,12.12,12.3,12.23,12.05,48991088.0,596223744.0
2013-12-31,11.73,12.39,12.25,11.65,82686416.0,1002632448.0
2013-12-30,11.79,11.85,11.74,11.7,43574488.0,512282784.0
2013-12-27,11.46,11.89,11.75,11.43,63066168.0,733105792.0
2013-12-26,11.7,11.7,11.45,11.43,40230092.0,463847168.0
2013-12-25,11.7,11.79,11.72,11.53,50589940.0,589596288.0
2013-12-24,12.0,12.12,11.7,11.6,51936464.0,617009152.0
2013-12-23,11.92,12.18,11.95,11.8,41215328.0,495535264.0
2013-12-20,12.51,12.58,11.91,11.91,68133392.0,826323840.0
2013-12-19,12.78,12.85,12.5,12.5,35620148.0,450676320.0
2013-12-18,12.7,12.85,12.76,12.65,23274046.0,296740192.0
2013-12-17,12.79,12.88,12.72,12.62,36768040.0,470046208.0
2013-12-16,12.5,12.83,12.75,12.5,55566784.0,704816704.0
2013-12-13,12.68,12.69,12.55,12.45,43034384.0,540933952.0
2013-12-12,12.71,12.87,12.72,12.66,39806208.0,507708736.0
2013-12-11,13.2,13.24,12.84,12.68,92520408.0,1192542592.0
2013-12-10,13.3,13.34,13.29,13.2,32403352.0,429632576.0
2013-12-09,13.3,13.39,13.19,13.18,41804456.0,553192448.0
2013-12-06,13.47,13.48,13.29,13.24,48110320.0,640155456.0
2013-12-05,13.58,13.62,13.43,13.37,60748012.0,818132160.0
2013-12-04,13.5,13.85,13.6,13.36,89180488.0,1217121536.0
2013-12-03,13.68,13.82,13.54,13.3,80243608.0,1081622656.0
2013-12-02,13.64,14.06,13.75,13.55,122233192.0,1682918400.0
2013-11-29,13.8,13.89,13.6,13.56,62016340.0,850388544.0
2013-11-28,13.57,13.79,13.62,13.54,61904048.0,845915776.0
2013-11-27,13.41,13.82,13.57,13.37,57665668.0,783820160.0
2013-11-26,13.5,13.63,13.47,13.4,39201960.0,528774464.0
2013-11-25,13.4,13.79,13.5,13.36,53232868.0,722870912.0
2013-11-22,13.88,13.9,13.67,13.67,53878412.0,741591616.0
2013-11-21,13.87,13.96,13.94,13.48,94467416.0,1289349376.0
2013-11-20,14.0,14.2,13.99,13.75,70523848.0,984763584.0
2013-11-19,14.04,14.12,13.82,13.77,83538392.0,1161254272.0
2013-11-18,13.48,14.14,14.09,13.25,128156184.0,1761157760.0
2013-11-15,13.18,13.77,13.36,13.06,96702976.0,1306569856.0
2013-11-14,13.25,13.36,13.14,12.97,96441256.0,1262294144.0
2013-11-13,13.87,13.93,13.33,13.27,82642152.0,1127155584.0
2013-11-12,13.41,14.1,14.05,13.41,108732648.0,1510757376.0
2013-11-11,13.33,13.54,13.4,13.1,61585088.0,823194176.0
2013-11-08,13.1,13.54,13.33,13.08,72008184.0,958253504.0
2013-11-07,13.21,13.46,13.27,13.1,68650392.0,913998400.0
2013-11-06,13.41,13.48,13.15,13.06,71528944.0,951290048.0
2013-11-05,13.3,13.69,13.66,12.96,98703536.0,1305185664.0
2013-11-04,13.98,14.09,13.56,13.47,73966848.0,1013876800.0
2013-11-01,13.88,14.11,13.87,13.65,84492160.0,1175747328.0
2013-10-31,14.25,14.32,13.9,13.75,111296872.0,1558479744.0
2013-10-30,14.0,14.49,14.4,13.81,132582232.0,1871874560.0
2013-10-29,13.15,14.4,14.12,13.15,214154016.0,2981260800.0
2013-10-28,13.4,13.42,13.13,12.97,87876296.0,1154607616.0
2013-10-25,12.93,13.8,13.43,12.86,144110736.0,1935859072.0
2013-10-24,12.61,13.15,13.0,12.4,147778448.0,1909977856.0
2013-10-23,12.17,13.16,12.58,12.16,154335728.0,1957187840.0
2013-10-22,12.28,12.28,12.05,12.01,51490012.0,623986688.0
2013-10-21,12.21,12.38,12.33,12.02,60301256.0,736781248.0
2013-10-18,12.01,12.44,12.2,11.96,51565252.0,631501184.0
2013-10-17,12.13,12.24,12.0,12.0,31361588.0,378747296.0
2013-10-16,12.15,12.16,12.01,11.93,45239616.0,544119424.0
2013-10-15,12.49,12.5,12.21,12.13,48446348.0,594407040.0
2013-10-14,12.6,12.69,12.49,12.47,55293904.0,693548160.0
2013-10-11,12.41,12.78,12.69,12.36,92298672.0,1165261952.0
2013-10-10,12.6,12.75,12.28,12.2,77626824.0,967348800.0
2013-10-09,12.12,12.75,12.55,12.02,84408432.0,1054297728.0
2013-10-08,11.88,12.34,12.21,11.51,73757472.0,888899072.0
2013-09-30,11.9,12.04,11.88,11.82,37360168.0,445333344.0
2013-09-27,11.63,12.01,11.9,11.6,68751992.0,810756864.0
2013-09-26,11.96,11.96,11.66,11.5,86071184.0,1002417088.0
2013-09-25,12.18,12.45,12.03,11.98,77993072.0,949782720.0
2013-09-24,12.86,12.87,12.27,11.97,145618928.0,1786488320.0
2013-09-23,12.8,12.97,12.88,12.62,72379520.0,928672768.0
2013-09-18,12.75,12.99,12.79,12.51,61700280.0,786897792.0
2013-09-17,13.15,13.37,12.79,12.75,94002600.0,1224996864.0
2013-09-16,13.22,13.64,13.2,12.67,143436608.0,1874388864.0
2013-09-13,13.23,13.7,13.21,13.03,119131992.0,1587326720.0
2013-09-12,12.52,13.86,13.47,12.4,183054048.0,2418432512.0
2013-09-11,12.4,13.15,12.69,12.2,170823008.0,2186675968.0
2013-09-10,12.42,12.65,12.44,11.99,208529424.0,2574801664.0
2013-09-09,11.28,12.13,12.13,11.28,220449376.0,2639382272.0
2013-09-05,11.08,11.13,11.03,10.98,34323008.0,379657120.0
2013-09-04,11.16,11.4,11.08,11.05,89262008.0,1001844672.0
2013-09-03,10.79,11.2,11.2,10.72,115757168.0,1276796928.0
2013-09-02,10.74,10.83,10.75,10.63,50023176.0,537024128.0
2013-08-30,10.54,10.85,10.61,10.52,52029080.0,555844992.0
2013-08-29,10.8,10.89,10.64,10.6,55125304.0,590423936.0
2013-08-28,10.74,10.84,10.63,10.53,68220320.0,728468800.0
2013-08-27,10.89,11.02,10.88,10.76,58688428.0,638179712.0
2013-08-26,10.63,10.95,10.9,10.5,74327448.0,803066304.0
2013-08-23,10.95,11.07,10.62,10.44,104396128.0,1116168192.0
2013-08-22,10.86,11.25,10.95,10.81,79080656.0,874059840.0
2013-08-21,10.97,11.1,10.91,10.75,62680480.0,682275392.0
2013-08-20,10.71,11.25,11.0,10.59,153186704.0,1676956544.0
2013-08-19,10.22,10.95,10.79,10.22,158560400.0,1677377408.0
2013-08-16,10.18,11.22,10.58,10.01,253143440.0,2723081472.0
2013-08-15,10.42,10.52,10.2,10.18,58675656.0,605654336.0
2013-08-14,10.51,10.83,10.43,10.38,116474456.0,1237080448.0
2013-08-13,10.31,10.56,10.5,10.25,120349664.0,1252254464.0
2013-08-12,9.88,10.45,10.33,9.85,134836320.0,1373703552.0
2013-08-09,9.97,10.02,9.85,9.75,49763448.0,491213376.0
2013-08-08,9.86,10.05,9.89,9.83,54585924.0,542966976.0
2013-08-07,9.88,10.12,9.93,9.85,74376400.0,743841152.0
2013-08-06,9.87,10.0,9.92,9.78,59617992.0,588829760.0
2013-08-05,9.82,9.94,9.94,9.77,53143064.0,524425088.0
2013-08-02,10.02,10.1,9.82,9.79,57741736.0,571091008.0
2013-08-01,9.74,9.92,9.92,9.61,76275024.0,748544192.0
2013-07-31,9.81,9.99,9.59,9.55,45446880.0,442922528.0
2013-07-30,9.5,9.93,9.68,9.46,67454104.0,655829184.0
2013-07-29,9.47,9.52,9.41,9.36,49813032.0,469746112.0
2013-07-26,9.71,9.76,9.64,9.55,46505056.0,448749600.0
2013-07-25,9.79,10.02,9.81,9.7,68987416.0,681137664.0
2013-07-24,9.79,9.88,9.76,9.55,89972184.0,872706944.0
2013-07-23,9.47,10.24,9.96,9.41,124744344.0,1234752128.0
2013-07-22,9.23,9.5,9.42,9.12,65837736.0,613752256.0
2013-07-19,9.82,9.9,9.43,9.41,82736792.0,797155392.0
2013-07-18,10.08,10.18,9.82,9.78,80668720.0,798982784.0
2013-07-17,10.37,10.46,10.14,10.1,67368848.0,691750080.0
2013-07-16,10.35,10.44,10.38,10.14,101622760.0,1045499584.0
2013-07-15,10.5,10.76,10.51,10.04,134165944.0,1397980288.0
2013-07-12,10.5,10.84,10.34,10.26,211854400.0,2237235968.0
2013-07-11,9.5,10.34,10.34,9.5,173361152.0,1737228160.0
2013-07-10,9.01,9.4,9.4,8.99,74724160.0,686265856.0
2013-07-09,9.01,9.11,9.0,8.97,51215064.0,463017600.0
2013-07-08,9.18,9.26,8.99,8.97,59500688.0,542811648.0
2013-07-05,9.35,9.57,9.37,9.34,64144624.0,606232512.0
2013-07-04,9.22,9.57,9.37,9.01,80515992.0,750347520.0
2013-07-03,9.55,9.55,9.33,9.27,77115848.0,723582016.0
2013-07-02,9.78,9.8,9.6,9.37,81375376.0,776186624.0
2013-07-01,9.81,9.95,9.75,9.44,80019664.0,775396032.0
2013-06-28,9.5,10.14,9.97,9.3,92664392.0,909148160.0
2013-06-27,9.85,10.0,9.6,9.54,83586704.0,819712896.0
2013-06-26,10.0,10.0,9.76,9.58,101715104.0,992741120.0
2013-06-25,9.8,10.1,9.98,9.14,171716256.0,1643643136.0
2013-06-24,11.11,11.11,10.15,10.15,116667176.0,1210827520.0
2013-06-21,10.95,11.39,11.28,10.85,61400268.0,687937856.0
2013-06-20,11.93,11.95,11.18,11.07,90306656.0,1029738112.0
2013-06-19,19.55,19.56,19.24,19.15,36997752.0,714070016.0
2013-06-18,19.45,20.04,19.73,19.45,38959936.0,770155904.0
2013-06-17,19.16,19.56,19.24,18.95,30921022.0,596190208.0
2013-06-14,19.0,19.2,19.06,18.8,32855336.0,625125440.0
2013-06-13,19.31,19.33,18.79,18.55,38134260.0,717936640.0
2013-06-07,20.13,20.26,19.53,19.41,40200096.0,795705792.0
2013-06-06,20.59,20.77,20.13,20.04,43527000.0,883833856.0
2013-06-05,21.01,21.11,20.81,20.62,30574508.0,636042496.0
2013-06-04,20.91,21.33,21.13,20.78,44215692.0,930180288.0
2013-06-03,20.93,21.19,20.91,20.79,34379292.0,720122816.0
2013-05-31,21.25,21.49,20.99,20.98,36186204.0,767274368.0
2013-05-30,21.22,21.58,21.2,21.06,42544168.0,905433856.0
2013-05-29,21.61,21.69,21.28,21.22,53259776.0,1140654720.0
2013-05-28,20.42,21.7,21.6,20.24,78361712.0,1653684480.0
2013-05-27,20.59,20.88,20.42,20.29,35854608.0,737775168.0
2013-05-24,20.55,20.94,20.69,20.31,33280996.0,686838464.0
2013-05-23,21.01,21.2,20.52,20.5,50740940.0,1054439744.0
2013-05-22,21.1,21.29,21.16,20.92,41311344.0,872231936.0
2013-05-21,20.8,21.21,21.1,20.74,44757456.0,938805120.0
2013-05-20,20.48,21.5,20.98,20.38,87697456.0,1842617472.0
2013-05-17,20.28,20.53,20.39,19.92,59580700.0,1207256064.0
2013-05-16,19.21,20.47,20.31,19.05,81311584.0,1620143104.0
2013-05-15,19.29,19.42,19.3,19.15,24208282.0,466686528.0
2013-05-14,19.92,19.93,19.29,19.11,49816080.0,963271680.0
2013-05-13,20.11,20.2,19.92,19.8,32387980.0,645920640.0
2013-05-10,20.0,20.42,20.19,19.89,38624828.0,779054976.0
2013-05-09,20.27,20.27,20.13,19.8,48361312.0,967721600.0
2013-05-08,20.35,20.87,20.38,19.92,62878712.0,1286250112.0
2013-05-07,20.16,20.38,20.25,19.88,42417084.0,854343040.0
2013-05-06,19.84,20.56,20.31,19.68,84054464.0,1700266240.0
2013-05-03,18.98,20.21,19.73,18.86,72012608.0,1419670016.0
2013-05-02,18.6,18.92,18.91,18.4,23757280.0,445019648.0
2013-04-26,18.99,19.22,18.7,18.65,33673896.0,637945792.0
2013-04-25,19.0,19.38,18.83,18.74,44685588.0,847664640.0
2013-04-24,18.75,19.79,19.4,18.55,73338048.0,1397785344.0
2013-04-23,20.33,20.39,19.08,19.05,80265936.0,1559983360.0
2013-04-22,20.0,20.37,20.23,19.91,69291440.0,1396575744.0
2013-04-19,19.0,20.6,20.24,18.94,147838016.0,2902667264.0
2013-04-18,18.22,19.19,19.1,18.09,90124464.0,1685861504.0
2013-04-17,18.7,18.77,18.49,18.05,64270316.0,1180893568.0
2013-04-16,18.33,18.76,18.75,18.1,65549248.0,1213261312.0
2013-04-15,18.94,19.06,18.56,18.41,57095700.0,1065287808.0
2013-04-12,19.45,19.48,18.9,18.8,80532280.0,1535799808.0
2013-04-11,19.59,19.7,19.41,19.29,31178900.0,607690368.0
2013-04-10,19.88,19.9,19.4,19.13,50776708.0,988314112.0
2013-04-09,19.99,20.26,19.94,19.91,38049112.0,763834496.0
2013-04-08,19.79,20.1,19.93,19.58,40771476.0,808525760.0
2013-04-03,20.56,20.79,20.45,20.31,22458964.0,461545664.0
2013-04-02,20.38,20.9,20.44,20.19,46305476.0,952838144.0
2013-04-01,20.2,20.6,20.39,20.1,38554184.0,786200256.0
2013-03-29,20.02,20.37,20.12,19.64,56984840.0,1139477760.0
2013-03-28,21.0,21.0,20.02,19.94,117504328.0,2385878272.0
2013-03-27,22.17,22.67,22.15,21.92,38599692.0,859815744.0
2013-03-26,22.59,22.59,22.14,22.08,55977300.0,1248606080.0
2013-03-25,23.13,23.28,22.76,22.67,45289372.0,1037164928.0
2013-03-22,22.95,23.14,23.03,22.78,41182524.0,947445376.0
2013-03-21,22.99,23.21,22.96,22.68,71531768.0,1640675072.0
2013-03-20,21.43,23.27,23.1,21.4,130937024.0,2950191872.0
2013-03-19,21.3,21.73,21.5,21.04,52977120.0,1135421184.0
2013-03-18,21.7,22.0,21.35,21.21,74529480.0,1605426304.0
2013-03-15,21.66,22.63,22.2,20.8,94357408.0,2057527296.0
2013-03-14,22.0,22.09,21.67,21.3,57785360.0,1259573632.0
2013-03-13,21.69,22.58,22.09,21.61,83690152.0,1857825792.0
2013-03-12,22.6,22.79,21.72,21.31,84076904.0,1845179520.0
2013-03-11,22.72,22.98,22.63,21.85,57329336.0,1288820736.0
2013-03-08,23.8,23.98,22.86,22.46,92586832.0,2138190976.0
2013-03-07,23.95,24.12,23.74,22.75,89267088.0,2106340352.0
2013-03-06,24.5,24.71,24.25,23.92,113828104.0,2762182912.0
2013-03-05,21.8,23.93,23.93,21.79,116898728.0,2700253184.0
2013-03-04,22.45,23.0,21.75,21.53,109877960.0,2429985280.0
2013-03-01,22.93,23.24,23.06,22.37,103782384.0,2371270400.0
2013-02-28,21.14,23.0,23.0,21.03,111989168.0,2487830784.0
2013-02-27,21.01,21.82,21.02,20.85,70067664.0,1492890624.0
2013-02-26,19.81,21.97,20.85,19.7,103481472.0,2186227712.0
2013-02-25,19.26,20.3,20.01,19.22,61630068.0,1218835584.0
2013-02-22,19.5,19.69,19.12,18.95,46859524.0,907188800.0
2013-02-21,20.0,20.0,19.6,19.06,74024480.0,1445657216.0
2013-02-20,20.85,20.99,20.3,19.69,65915768.0,1324230528.0
2013-02-19,20.8,21.11,20.81,20.67,48650848.0,1017085056.0
2013-02-18,20.91,21.49,20.9,20.73,42181312.0,887486912.0
2013-02-08,20.78,21.05,20.75,20.39,46202464.0,958773568.0
2013-02-07,21.7,21.81,20.85,20.31,58612692.0,1230117760.0
2013-02-06,21.7,21.98,21.86,21.45,38082656.0,827479680.0
2013-02-05,21.74,22.16,21.78,21.19,42689100.0,927037952.0
2013-02-04,22.26,22.79,22.01,21.71,85742000.0,1906659456.0
2013-02-01,21.02,22.55,22.43,20.79,82408048.0,1793445760.0
2013-01-31,21.27,21.34,21.1,20.8,41588420.0,873902912.0
2013-01-30,21.1,21.34,21.33,20.8,58362496.0,1233766272.0
2013-01-29,21.3,21.55,21.38,20.63,108289496.0,2288064768.0
2013-01-28,19.16,21.07,21.07,19.16,116399520.0,2365203200.0
2013-01-25,19.5,19.58,19.15,18.94,61431248.0,1178016256.0
2013-01-24,20.03,20.58,19.45,19.3,85723640.0,1709191424.0
2013-01-23,20.01,20.41,20.05,19.3,63569848.0,1266082560.0
2013-01-22,19.46,20.9,20.48,19.33,106876960.0,2167549696.0
2013-01-21,18.3,19.7,19.7,17.99,78213640.0,1465651584.0
2013-01-18,17.87,18.42,18.33,17.6,66536764.0,1201751680.0
2013-01-17,17.7,18.28,17.74,17.46,67577208.0,1206432384.0
2013-01-16,17.61,17.91,17.82,17.22,68270096.0,1198986624.0
2013-01-15,17.12,17.92,17.61,17.09,98406440.0,1719308672.0
2013-01-14,15.49,17.09,17.09,15.49,93989592.0,1568841984.0
2013-01-11,15.87,16.04,15.54,15.45,25126856.0,396184768.0
2013-01-10,15.86,16.1,15.87,15.79,24003028.0,383347744.0
2013-01-09,15.96,16.02,15.86,15.8,25132916.0,399696192.0
2013-01-08,16.3,16.37,16.0,15.86,31247912.0,501360096.0
2013-01-07,15.98,16.35,16.3,15.88,35716924.0,578450496.0
2013-01-04,16.32,16.45,15.99,15.92,44385136.0,717567552.0
2012-12-31,15.71,16.17,16.02,15.65,37868420.0,605187328.0
2012-12-28,15.45,15.78,15.6,15.37,24234912.0,377652096.0
2012-12-27,15.43,15.56,15.48,15.27,28363030.0,436845792.0
2012-12-26,15.4,15.45,15.37,15.25,30801434.0,472347392.0
2012-12-25,14.89,15.58,15.41,14.8,44988144.0,691035840.0
2012-12-24,14.84,15.21,14.92,14.82,21777834.0,327128896.0
2012-12-21,15.08,15.14,14.87,14.85,24527160.0,366606688.0
2012-12-20,15.1,15.15,15.11,14.78,29347538.0,438977120.0
2012-12-19,15.2,15.34,15.18,15.14,27157618.0,413928576.0
2012-12-18,15.15,15.47,15.25,15.04,41162952.0,630112640.0
2012-12-17,15.2,15.32,15.22,15.0,48778000.0,740677376.0
2012-12-14,14.04,15.2,15.18,14.02,77413768.0,1143057920.0
2012-12-13,14.19,14.22,14.06,14.05,18964924.0,268485664.0
2012-12-12,14.13,14.39,14.24,14.09,22739652.0,323505184.0
2012-12-11,14.2,14.37,14.11,14.09,26068304.0,370736000.0
2012-12-10,14.15,14.42,14.32,13.87,48181440.0,681366272.0
2012-12-07,13.51,14.03,14.02,13.48,45656784.0,632609152.0
2012-12-06,13.35,13.56,13.51,13.31,36101524.0,486216800.0
2012-12-05,12.66,13.47,13.39,12.63,40236392.0,532826176.0
2012-12-04,12.56,12.77,12.7,12.48,11692406.0,147537056.0
2012-12-03,12.81,12.83,12.56,12.5,14072783.0,177383536.0
2012-11-30,12.7,12.88,12.8,12.7,9664616.0,123711328.0
2012-11-29,13.09,13.1,12.74,12.74,20497422.0,263156032.0
2012-11-28,13.12,13.19,13.09,13.08,7213613.0,94731376.0
2012-11-27,13.08,13.19,13.18,13.06,8875244.0,116511896.0
2012-11-26,13.24,13.25,13.13,13.1,5737293.0,75519848.0
2012-11-23,13.19,13.33,13.26,13.14,8031817.0,106505912.0
2012-11-22,13.24,13.26,13.15,13.11,4858906.0,63994756.0
2012-11-21,13.04,13.3,13.26,12.99,10792687.0,141558176.0
2012-11-20,13.09,13.11,13.08,12.92,7975806.0,104041952.0
2012-11-19,13.02,13.11,13.09,12.93,9836934.0,128001552.0
2012-11-16,13.1,13.15,13.1,12.92,14755857.0,192143856.0
2012-11-15,13.3,13.39,13.15,13.1,7651970.0,101637296.0
2012-11-14,13.5,13.5,13.38,13.33,7526378.0,100889384.0
2012-11-13,13.61,13.61,13.42,13.38,9993534.0,134504032.0
2012-11-12,13.39,13.63,13.62,13.38,14534904.0,196914080.0
2012-11-09,13.37,13.44,13.42,13.33,6217075.0,83239024.0
2012-11-08,13.44,13.53,13.38,13.38,8472817.0,113907736.0
2012-11-07,13.51,13.63,13.55,13.43,8816884.0,119251176.0
2012-11-06,13.59,13.62,13.58,13.38,13017945.0,175738848.0
2012-11-05,13.54,13.71,13.61,13.5,14675465.0,199475088.0
2012-11-02,13.38,13.57,13.53,13.37,16333697.0,219877328.0
2012-11-01,13.16,13.51,13.38,13.15,13800345.0,184644048.0
2012-10-31,13.12,13.21,13.16,13.06,7512545.0,98717440.0
2012-10-30,12.94,13.14,13.09,12.92,14292166.0,186512272.0
2012-10-29,12.9,13.05,12.94,12.87,12964193.0,167853280.0
2012-10-26,13.27,13.3,12.93,12.9,17138012.0,224201696.0
2012-10-25,13.32,13.34,13.21,13.19,12337754.0,163551584.0
2012-10-24,13.27,13.4,13.29,13.23,8995284.0,119926216.0
2012-10-23,13.48,13.5,13.3,13.27,11680820.0,156357632.0
2012-10-22,13.38,13.51,13.47,13.29,13408932.0,179787008.0
2012-10-19,13.42,13.46,13.43,13.36,10071311.0,135099120.0
2012-10-18,13.38,13.56,13.51,13.35,15917879.0,214090080.0
2012-10-17,13.27,13.38,13.36,13.23,12188114.0,162229776.0
2012-10-16,13.13,13.35,13.22,13.07,12634649.0,167235920.0
2012-10-15,13.3,13.31,13.1,13.05,8911948.0,117114360.0
2012-10-12,13.27,13.43,13.29,13.21,10145190.0,135067776.0
2012-10-11,13.3,13.3,13.22,13.18,9574790.0,126809880.0
2012-10-10,13.29,13.3,13.29,13.2,9976558.0,132165224.0
2012-10-09,13.0,13.33,13.29,13.0,16481579.0,218229440.0
2012-10-08,13.14,13.23,12.96,12.9,10638633.0,138955168.0
2012-09-28,12.95,13.15,13.13,12.89,15095772.0,196802880.0
2012-09-27,12.64,13.26,13.03,12.63,21538708.0,279689536.0
2012-09-26,12.75,12.79,12.64,12.6,7078915.0,89861904.0
2012-09-25,12.88,12.88,12.74,12.7,9882594.0,126342880.0
2012-09-24,12.82,13.0,12.91,12.59,17905626.0,228728960.0
2012-09-21,13.0,13.03,12.88,12.83,15751258.0,203492208.0
2012-09-20,13.31,13.31,13.01,13.0,18134616.0,237807072.0
2012-09-19,13.52,13.57,13.34,13.21,18434608.0,245924736.0
2012-09-18,13.68,13.68,13.51,13.49,12250194.0,166389840.0
2012-09-17,14.02,14.02,13.71,13.68,11471438.0,158729296.0
2012-09-14,13.98,14.14,14.05,13.86,15327279.0,214681376.0
2012-09-13,13.96,14.03,13.89,13.89,8244257.0,115132800.0
2012-09-12,14.08,14.15,13.98,13.86,12245281.0,171431984.0
2012-09-11,14.01,14.05,14.02,13.91,8743686.0,122118848.0
2012-09-10,14.2,14.23,14.07,13.95,23677796.0,332644832.0
2012-09-07,13.8,14.4,14.21,13.76,28173772.0,398458816.0
2012-09-06,13.63,13.75,13.73,13.56,10356038.0,141626688.0
2012-09-05,13.85,13.87,13.62,13.54,17219018.0,235084944.0
2012-09-04,14.21,14.25,13.87,13.82,20775580.0,290805056.0
2012-09-03,14.22,14.3,14.21,14.18,10112994.0,143818624.0
2012-08-31,14.24,14.43,14.19,14.19,8561919.0,122564448.0
2012-08-30,14.16,14.37,14.28,14.15,8987322.0,128124856.0
2012-08-29,14.3,14.32,14.28,14.19,6948365.0,99043800.0
2012-08-28,14.13,14.46,14.37,14.03,15910898.0,226308464.0
2012-08-27,14.36,14.37,14.11,14.05,16775926.0,237771008.0
2012-08-24,14.59,14.6,14.37,14.36,18817910.0,271872000.0
2012-08-23,14.68,14.74,14.62,14.54,13128906.0,191921632.0
2012-08-22,14.8,14.81,14.67,14.61,12518267.0,183731120.0
2012-08-21,14.85,14.88,14.79,14.74,13021973.0,192757792.0
2012-08-20,14.99,15.0,14.85,14.73,15579504.0,231016480.0
2012-08-17,14.91,15.1,15.06,14.88,10399698.0,156222176.0
2012-08-16,15.03,15.04,14.91,14.86,14681599.0,219340240.0
2012-08-15,15.16,15.24,15.1,15.01,11614215.0,175631856.0
2012-08-14,15.03,15.3,15.26,14.94,18037022.0,273064256.0
2012-08-13,15.1,15.17,15.03,15.02,10799064.0,163090048.0
2012-08-10,15.07,15.17,15.08,15.07,10549817.0,159571472.0
2012-08-09,15.03,15.04,15.04,14.91,8575072.0,128443496.0
2012-08-08,14.95,15.05,15.04,14.94,11754171.0,176391104.0
2012-08-07,15.09,15.15,14.96,14.94,15982578.0,239640608.0
2012-08-06,15.13,15.22,15.1,15.1,15331221.0,232307808.0
2012-08-03,15.15,15.19,15.15,15.03,9438713.0,142870688.0
2012-08-02,15.16,15.2,15.16,15.06,8907731.0,134826272.0
2012-08-01,15.08,15.22,15.16,15.0,12186730.0,184236832.0
2012-07-31,14.89,15.13,15.1,14.86,15313469.0,230444672.0
2012-07-30,14.76,15.07,14.85,14.76,11842631.0,176839232.0
2012-07-27,14.72,14.94,14.75,14.65,10966060.0,162335584.0
2012-07-26,14.64,14.81,14.65,14.61,7290309.0,107285512.0
2012-07-25,14.8,14.87,14.64,14.62,9840494.0,144875472.0
2012-07-24,14.75,14.97,14.8,14.74,10094330.0,149950272.0
2012-07-23,14.76,14.81,14.81,14.66,15049383.0,221835968.0
2012-07-20,14.87,14.96,14.85,14.82,10673403.0,158679776.0
2012-07-19,14.99,15.1,15.02,14.88,13626372.0,204768496.0
2012-07-18,14.98,15.03,15.01,14.85,7561238.0,112967984.0
2012-07-17,14.85,15.04,15.03,14.82,9160116.0,136786576.0
2012-07-16,15.0,15.07,14.85,14.85,10860266.0,162268368.0
2012-07-13,14.8,15.14,14.98,14.75,11070005.0,165726976.0
2012-07-12,14.82,14.94,14.88,14.65,19473086.0,287704672.0
2012-07-11,14.86,14.97,14.86,14.78,7544441.0,112224824.0
2012-07-10,14.72,15.03,14.91,14.71,12370989.0,183975552.0
2012-07-09,15.06,15.06,14.71,14.71,16095224.0,238871824.0
2012-07-06,14.95,15.2,15.14,14.75,16545450.0,247858064.0
2012-07-05,15.23,15.33,15.19,15.15,10289670.0,156808688.0
2012-07-04,15.13,15.48,15.28,15.13,19766960.0,302421600.0
2012-07-03,15.11,15.28,15.13,15.02,12372795.0,187834400.0
2012-07-02,15.23,15.23,15.15,15.0,15564511.0,234575312.0
2012-06-29,14.77,15.23,15.16,14.7,18455456.0,278224224.0
2012-06-28,14.86,14.96,14.73,14.71,10084717.0,149964624.0
2012-06-27,14.91,14.96,14.86,14.8,8177633.0,121766280.0
2012-06-26,14.81,15.01,14.9,14.79,13492363.0,201321552.0
2012-06-25,14.88,15.06,14.77,14.77,16435834.0,245383808.0
2012-06-21,15.22,15.23,14.9,14.86,14483296.0,217217296.0
2012-06-20,15.33,15.5,15.23,15.2,14370713.0,220127616.0
2012-06-19,15.15,15.37,15.25,15.11,14992460.0,228553088.0
2012-06-18,15.14,15.23,15.21,15.06,19873336.0,301170880.0
2012-06-15,14.71,15.35,15.16,14.71,42295156.0,636342592.0
2012-06-14,14.76,14.81,14.64,14.61,13047824.0,191929248.0
2012-06-13,14.58,14.91,14.84,14.5,26011662.0,383736096.0
2012-06-12,14.7,14.78,14.53,14.45,29815536.0,434459168.0
2012-06-11,14.85,14.93,14.79,14.72,26550912.0,393125600.0
2012-06-08,15.25,15.27,14.81,14.77,39755724.0,593133504.0
2012-06-07,15.43,15.48,15.21,15.17,13130248.0,201455936.0
2012-06-06,15.3,15.35,15.32,15.25,18886004.0,288959584.0
2012-06-05,15.44,15.46,15.26,15.26,24614408.0,377715360.0
2012-06-04,15.61,15.64,15.4,15.38,17177788.0,266890992.0
2012-06-01,15.7,15.88,15.78,15.65,15835304.0,249589888.0
2012-05-31,15.67,15.77,15.69,15.56,15325128.0,239888128.0
2012-05-30,15.86,15.88,15.7,15.6,21712592.0,341898720.0
2012-05-29,15.8,15.96,15.93,15.65,28680860.0,453701952.0
2012-05-28,15.62,15.81,15.81,15.52,13720237.0,215529424.0
2012-05-25,15.72,15.76,15.62,15.6,9892922.0,154918944.0
2012-05-24,15.88,15.91,15.71,15.67,19407374.0,305714016.0
2012-05-22,15.83,15.99,15.97,15.83,11359898.0,180941168.0
2012-05-21,15.72,15.84,15.77,15.7,8569485.0,135114976.0
2012-05-18,15.8,15.91,15.72,15.66,15786319.0,248755808.0
2012-05-17,15.8,15.97,15.94,15.76,13338999.0,211749264.0
2012-05-16,16.0,16.0,15.76,15.75,15030511.0,238216896.0
2012-05-15,15.9,16.06,16.02,15.8,13445478.0,213764768.0
2012-05-14,16.14,16.16,15.94,15.9,20696000.0,332240256.0
2012-05-11,16.13,16.2,16.02,16.01,16251980.0,261354032.0
2012-05-10,16.16,16.26,16.13,16.07,12942834.0,209027536.0
2012-05-09,16.45,16.47,16.16,16.12,21367676.0,347527136.0
2012-05-08,16.56,16.58,16.54,16.45,17512996.0,289312160.0
2012-05-07,16.61,16.74,16.6,16.48,25573094.0,423783680.0
2012-05-04,16.61,16.73,16.71,16.57,14029557.0,233813680.0
2012-05-03,16.78,16.84,16.63,16.61,16148709.0,269467360.0
2012-05-02,16.72,16.94,16.78,16.64,26117210.0,438591392.0
2012-04-27,16.63,16.75,16.56,16.47,16661706.0,277246080.0
2012-04-26,16.88,16.91,16.58,16.46,28341442.0,470733984.0
2012-04-25,16.62,16.86,16.86,16.58,20892364.0,350401184.0
2012-04-24,16.4,17.12,16.76,16.38,47804024.0,802959360.0
2012-04-23,16.54,16.62,16.42,16.35,19738112.0,325312448.0
2012-04-20,16.3,16.6,16.58,16.25,25807488.0,426240160.0
2012-04-19,16.3,16.37,16.36,16.2,13739186.0,223742896.0
2012-04-18,16.02,16.33,16.26,16.02,15960090.0,258852704.0
2012-04-17,16.14,16.23,15.99,15.98,11895119.0,191093632.0
2012-04-16,16.19,16.35,16.18,16.08,13367317.0,216401792.0
2012-04-13,16.35,16.61,16.3,16.2,33774472.0,554098560.0
2012-04-12,15.84,16.34,16.33,15.75,27577946.0,443771872.0
2012-04-11,15.68,15.94,15.83,15.66,10514365.0,166106128.0
2012-04-10,15.72,15.89,15.88,15.58,19699850.0,308914112.0
2012-04-09,15.9,15.9,15.75,15.7,9319714.0,147459888.0
2012-04-06,15.7,16.01,15.99,15.63,19387554.0,306955616.0
2012-04-05,15.71,15.79,15.74,15.45,18379254.0,287161664.0
2012-03-30,15.63,15.73,15.71,15.59,10631246.0,166628768.0
2012-03-29,15.78,15.78,15.57,15.46,18886584.0,295267360.0
2012-03-28,16.06,16.1,15.78,15.76,20448296.0,325213024.0
2012-03-27,16.11,16.16,16.07,16.05,11120921.0,179214160.0
2012-03-26,16.02,16.08,16.04,15.98,8246121.0,132200784.0
2012-03-23,16.11,16.13,16.01,15.96,11901609.0,190843184.0
2012-03-22,16.11,16.28,16.19,15.97,17938848.0,288804704.0
2012-03-21,16.2,16.22,16.1,16.02,15040403.0,242481936.0
2012-03-20,16.32,16.33,16.07,16.05,20304048.0,328052064.0
2012-03-19,16.34,16.4,16.35,16.2,16746474.0,272964672.0
2012-03-16,16.27,16.41,16.4,16.16,16786552.0,273741696.0
2012-03-15,16.49,16.58,16.25,16.25,25804872.0,423785024.0
2012-03-14,16.92,17.04,16.48,16.44,43996404.0,738597760.0
2012-03-13,16.75,16.88,16.85,16.68,23753056.0,398818656.0
2012-03-12,16.88,16.88,16.7,16.64,27064788.0,451971840.0
2012-03-09,16.9,16.94,16.87,16.66,53053644.0,891070592.0
2012-03-08,16.92,17.16,17.03,16.85,28878270.0,491703680.0
2012-03-07,16.8,17.03,16.8,16.75,20137130.0,339797440.0
2012-03-06,17.21,17.3,16.95,16.9,33137414.0,565065408.0
2012-03-05,17.53,17.78,17.27,17.22,35041728.0,614488128.0
2012-03-02,17.23,17.5,17.48,17.22,29097318.0,505353984.0
2012-03-01,17.08,17.44,17.23,17.06,29162132.0,504303648.0
2012-02-29,17.27,17.27,17.1,17.02,26302462.0,451402720.0
2012-02-28,16.93,17.48,17.25,16.9,46014184.0,793135040.0
2012-02-27,16.9,17.19,16.92,16.76,44761712.0,759502528.0
2012-02-24,16.69,16.87,16.87,16.53,36410464.0,609181824.0
2012-02-23,16.62,16.76,16.63,16.59,22626760.0,376851584.0
2012-02-22,16.49,16.65,16.62,16.44,31739776.0,525337440.0
2012-02-21,16.48,16.54,16.49,16.34,15026488.0,247188096.0
2012-02-20,16.74,16.75,16.45,16.44,22420576.0,372071616.0
2012-02-17,16.54,16.57,16.45,16.4,15069047.0,248573520.0
2012-02-16,16.62,16.69,16.45,16.36,27369216.0,451825408.0
2012-02-15,16.59,16.76,16.62,16.45,20130584.0,334137696.0
2012-02-14,16.65,16.72,16.6,16.49,10854644.0,179835120.0
2012-02-13,16.79,16.81,16.68,16.58,21506688.0,359692320.0
2012-02-10,16.8,16.98,16.91,16.8,18211848.0,307363104.0
2012-02-08,16.58,17.01,16.9,16.58,17227256.0,290646912.0
2012-02-07,16.74,16.78,16.59,16.54,12208636.0,203101568.0
2012-02-06,17.0,17.02,16.83,16.77,15780815.0,266559536.0
2012-02-03,16.86,17.04,16.99,16.7,22996446.0,388800512.0
2012-02-02,16.5,16.96,16.92,16.45,24462346.0,410098464.0
2012-02-01,16.58,16.8,16.45,16.43,18515900.0,307694784.0
2012-01-31,16.72,16.8,16.64,16.5,17326548.0,288275840.0
2012-01-30,16.81,16.94,16.71,16.63,33298844.0,558095296.0
2012-01-20,16.73,16.94,16.78,16.32,58667568.0,972826816.0
2012-01-09,15.36,15.81,15.78,15.25,22113866.0,345938688.0
2012-01-06,15.35,15.51,15.35,15.15,13315115.0,204143664.0
2012-01-05,15.16,15.55,15.39,15.13,24408004.0,375880608.0
2012-01-04,15.59,15.59,15.16,15.15,14791098.0,227563712.0
2011-12-30,15.35,15.59,15.59,15.3,26148736.0,402708864.0
2011-12-29,15.25,15.42,15.31,15.21,12859277.0,197105648.0
2011-12-28,15.42,15.56,15.3,15.1,11317934.0,173347072.0
2011-12-27,15.41,15.61,15.48,15.4,13879755.0,214959824.0
2011-12-26,15.4,15.53,15.42,15.34,7377643.0,113827424.0
2011-12-23,15.43,15.61,15.42,15.36,9946525.0,153908336.0
2011-12-22,15.31,15.56,15.45,15.2,10984934.0,168904816.0
2011-12-21,15.47,15.62,15.34,15.31,14660853.0,227230416.0
2011-12-20,15.3,15.57,15.33,15.27,9463751.0,146041776.0
2011-12-19,15.17,15.46,15.35,15.02,12810069.0,194558352.0
2011-12-16,15.08,15.39,15.28,14.93,15737768.0,238364624.0
2011-12-15,15.51,15.58,15.05,15.02,19273652.0,294609856.0
2011-12-14,15.68,15.76,15.6,15.5,8493106.0,132825568.0
2011-12-13,15.8,15.93,15.68,15.64,19000444.0,300294560.0
2011-12-12,15.86,15.96,15.84,15.72,8633134.0,137072016.0
2011-12-09,15.88,15.96,15.85,15.79,8686255.0,137984144.0
2011-12-08,16.05,16.13,15.94,15.81,18705208.0,298946848.0
2011-12-07,15.9,16.15,16.05,15.86,14862428.0,238162240.0
2011-12-05,15.94,16.04,15.95,15.7,11349137.0,180714656.0
2011-12-02,15.81,16.02,15.95,15.74,18186014.0,289399904.0
2011-12-01,15.93,16.27,15.88,15.85,41183240.0,660688128.0
2011-11-30,15.95,15.96,15.51,15.48,19165720.0,299555296.0
2011-11-29,15.94,16.01,15.96,15.8,15649490.0,249152272.0
2011-11-28,15.82,15.92,15.78,15.71,9813225.0,155001376.0
2011-11-25,15.73,15.86,15.79,15.69,8446296.0,133224392.0
2011-11-24,15.71,15.92,15.84,15.59,12146393.0,191344464.0
2011-11-23,16.1,16.14,15.76,15.72,18894416.0,299733088.0
2011-11-22,15.9,16.12,16.05,15.82,13281831.0,212748304.0
2011-11-21,15.97,15.97,15.95,15.8,13673657.0,217304752.0
2011-11-18,15.89,16.08,15.95,15.86,14386865.0,229649104.0
2011-11-17,16.08,16.13,15.98,15.94,10961862.0,175962320.0
2011-11-16,16.47,16.48,16.03,15.97,19927200.0,322231072.0
2011-11-15,16.68,16.72,16.47,16.38,21708890.0,357983648.0
2011-11-14,16.68,16.85,16.73,16.57,17925052.0,299361824.0
2011-11-11,16.77,16.84,16.57,16.51,16526727.0,274797632.0
2011-11-10,16.78,16.97,16.78,16.7,15843664.0,266509040.0
2011-11-09,16.79,16.96,16.94,16.68,11355254.0,190845600.0
2011-11-08,16.74,16.87,16.74,16.66,9670530.0,162043536.0
2011-11-07,16.85,16.92,16.72,16.62,12957718.0,217220448.0
2011-11-04,17.0,17.05,16.98,16.83,13339644.0,226230000.0
2011-11-03,17.11,17.19,16.88,16.78,26232886.0,445806720.0
2011-11-02,16.64,17.12,17.12,16.62,19069442.0,320967360.0
2011-11-01,16.76,17.11,16.85,16.68,17930976.0,303128864.0
2011-10-31,17.03,17.08,16.88,16.63,14176696.0,238721168.0
2011-10-28,17.0,17.2,17.03,16.88,28495748.0,484862592.0
2011-10-27,16.77,16.93,16.72,16.61,14650097.0,245495552.0
2011-10-26,16.65,16.93,16.75,16.6,24416172.0,410238816.0
2011-10-25,16.52,16.77,16.64,16.4,19957370.0,331621152.0
2011-10-24,16.1,16.67,16.53,15.93,24059040.0,394450688.0
2011-10-21,15.9,16.18,16.03,15.77,14082651.0,225852448.0
2011-10-20,16.0,16.03,15.8,15.7,9245905.0,146319936.0
2011-10-19,16.11,16.28,16.06,16.01,8237424.0,132855568.0
2011-10-18,16.41,16.44,16.02,15.99,13801277.0,223255648.0
2011-10-17,16.48,16.71,16.54,16.42,11711517.0,194055200.0
2011-10-14,16.29,16.42,16.36,16.12,8695258.0,141751920.0
2011-10-13,16.25,16.43,16.35,16.22,14506496.0,236989024.0
2011-10-12,15.55,16.4,16.36,15.49,27447240.0,442778752.0
2011-10-11,16.0,16.09,15.65,15.54,21464906.0,339237344.0
2011-10-10,15.95,16.04,15.5,15.45,20965594.0,326892320.0
2011-09-30,16.08,16.22,16.04,16.0,14204046.0,228902896.0
2011-09-29,15.9,16.13,16.04,15.84,11315764.0,181407712.0
2011-09-28,16.28,16.28,16.0,15.9,9670343.0,155237152.0
2011-09-27,16.2,16.3,16.17,15.91,13761782.0,221845888.0
2011-09-26,16.43,16.76,16.04,15.98,19813812.0,322611456.0
2011-09-23,16.41,16.83,16.62,16.33,15181093.0,250805296.0
2011-09-22,16.88,16.94,16.7,16.68,15644754.0,262524752.0
2011-09-21,16.74,17.2,17.06,16.61,18368644.0,312327648.0
2011-09-20,16.55,16.92,16.74,16.5,7712700.0,128974784.0
2011-09-19,16.81,16.82,16.6,16.56,10599840.0,176591136.0
2011-09-16,16.65,17.1,17.0,16.62,36953540.0,626906560.0
2011-09-15,16.45,16.68,16.56,16.41,17064236.0,282498720.0
2011-09-14,16.54,16.59,16.42,16.16,14722697.0,241207200.0
2011-09-13,16.2,16.53,16.52,16.16,10320508.0,168927616.0
2011-09-09,16.65,16.87,16.48,16.37,10662894.0,176663296.0
2011-09-08,16.66,16.74,16.57,16.52,10076662.0,167311104.0
2011-09-07,16.49,16.76,16.66,16.34,13007207.0,215260560.0
2011-09-06,16.35,16.51,16.36,16.3,11350557.0,185902896.0
2011-09-05,16.6,16.68,16.45,16.36,13828628.0,228178080.0
2011-09-01,16.85,17.05,16.93,16.79,11465355.0,193932848.0
2011-08-31,16.7,17.02,16.85,16.55,13043411.0,218858304.0
2011-08-30,16.82,17.12,16.68,16.67,22000548.0,371612128.0
2011-08-29,17.0,17.0,16.72,16.56,45187136.0,755956224.0
2011-08-26,17.2,17.39,17.38,17.13,25855820.0,446200768.0
2011-08-25,16.5,17.37,17.34,16.39,46535408.0,793665408.0
2011-08-24,16.68,16.73,16.39,16.35,12520897.0,207818928.0
2011-08-23,16.44,16.69,16.64,16.37,10465458.0,173121392.0
2011-08-22,16.54,16.64,16.42,16.27,12807347.0,210393776.0
2011-08-19,16.4,16.63,16.6,16.29,15545149.0,255822480.0
2011-08-18,17.08,17.33,16.73,16.67,25245980.0,427197376.0
2011-08-16,17.09,17.29,17.05,16.98,19781800.0,338285312.0
2011-08-15,16.65,17.25,17.13,16.37,30852780.0,519120704.0
2011-08-12,16.49,16.7,16.64,16.4,18053416.0,297982240.0
2011-08-11,15.83,16.48,16.43,15.8,18987370.0,308443424.0
2011-08-10,16.25,16.4,16.09,16.08,18298392.0,297294720.0
2011-08-09,15.74,16.23,16.03,15.55,27088572.0,430794176.0
2011-08-08,16.22,16.51,16.0,15.75,25034798.0,403626912.0
2011-08-05,16.54,16.62,16.3,16.29,24826954.0,408435584.0
2011-08-04,16.89,17.2,16.89,16.87,11502275.0,195599888.0
2011-08-03,16.78,17.08,16.86,16.72,14194473.0,240147616.0
2011-08-02,17.05,17.12,17.0,16.73,19388300.0,327409984.0
2011-08-01,17.2,17.52,17.2,16.98,20792008.0,358426368.0
2011-07-29,16.92,17.75,17.34,16.7,31350764.0,541258944.0
2011-07-28,17.01,17.02,16.85,16.72,18780608.0,316189440.0
2011-07-27,17.05,17.34,17.18,17.02,15007940.0,258034544.0
2011-07-26,16.88,17.3,17.23,16.8,17324248.0,296943872.0
2011-07-25,17.1,17.26,16.87,16.75,19707012.0,335512640.0
2011-07-22,17.25,17.45,17.21,17.15,12273319.0,211870048.0
2011-07-21,17.52,17.56,17.18,17.17,18897122.0,326948288.0
2011-07-20,17.69,17.74,17.54,17.38,14593499.0,255516288.0
2011-07-19,17.75,17.76,17.54,17.48,21935526.0,385645088.0
2011-07-18,18.0,18.13,17.94,17.79,19781464.0,354921792.0
2011-07-15,17.55,18.2,17.99,17.39,37573800.0,671466240.0
2011-07-14,17.57,17.65,17.58,17.38,24447810.0,428448992.0
2011-07-13,17.25,17.72,17.54,17.13,32429428.0,566412224.0
2011-07-12,17.27,17.28,17.0,16.94,24514304.0,418118336.0
2011-07-11,17.39,17.63,17.4,17.35,16173487.0,282634272.0
2011-07-08,17.29,17.8,17.52,17.22,26960364.0,473536544.0
2011-07-07,17.5,17.63,17.29,17.14,33785504.0,588625664.0
2011-07-06,17.31,17.37,17.24,17.05,20647586.0,354627552.0
2011-07-05,17.5,17.53,17.4,17.28,19056022.0,331713600.0
2011-07-04,16.99,17.56,17.55,16.97,37824912.0,655990848.0
2011-07-01,17.15,17.15,16.93,16.83,24878948.0,422094944.0
2011-06-30,16.69,17.21,17.07,16.67,27584004.0,468824288.0
2011-06-29,17.13,17.17,16.63,16.58,25898152.0,435681888.0
2011-06-28,17.4,17.4,17.04,16.79,20652920.0,350987392.0
2011-06-27,16.98,17.53,17.09,16.93,28093322.0,483915168.0
2011-06-24,16.52,17.19,16.99,16.5,32282576.0,547045568.0
2011-06-23,16.2,16.67,16.6,16.15,16588875.0,272357056.0
2011-06-22,16.3,16.41,16.26,16.18,15194027.0,247618688.0
2011-06-21,16.06,16.33,16.28,15.99,19391196.0,313896320.0
2011-06-20,15.9,16.04,16.02,15.75,12269128.0,195132656.0
2011-06-17,16.04,16.12,15.89,15.85,19132952.0,305942720.0
2011-06-16,16.14,16.23,15.97,15.93,17385080.0,279148928.0
2011-06-15,16.46,16.62,16.26,16.26,16867712.0,275973984.0
2011-06-14,16.3,16.82,16.51,16.25,27898386.0,463185184.0
2011-06-13,16.39,16.45,16.31,16.11,16282265.0,265033184.0
2011-06-10,16.51,16.75,16.53,16.4,14557106.0,240550240.0
2011-06-09,16.6,16.81,16.55,16.53,12022235.0,200273680.0
2011-06-08,16.82,16.82,16.69,16.48,16075948.0,267290816.0
2011-06-07,16.55,16.92,16.85,16.45,14608911.0,244067280.0
2011-06-03,16.61,16.79,16.71,16.49,15453683.0,257350016.0
2011-06-02,17.2,17.33,16.7,16.49,43960072.0,739553856.0
2011-06-01,17.65,17.65,17.43,17.33,18103530.0,316218016.0
2011-05-31,17.57,17.74,17.66,17.17,19360768.0,338686784.0
2011-05-30,17.47,17.7,17.57,17.27,15090147.0,263972800.0
2011-05-27,17.7,17.98,17.6,17.6,23833088.0,423279648.0
2011-05-26,17.93,18.1,17.79,17.61,29474004.0,525548160.0
2011-05-24,17.8,18.34,18.16,17.8,29158742.0,528778304.0
2011-05-23,18.27,18.3,17.9,17.64,32912056.0,588700864.0
2011-05-20,17.92,18.59,18.34,17.89,31190030.0,572652160.0
2011-05-19,18.17,18.36,17.93,17.88,16459997.0,297958656.0
2011-05-18,17.74,18.41,18.11,17.67,29415320.0,532338144.0
2011-05-17,17.15,17.97,17.86,17.15,31970892.0,565242752.0
2011-05-16,17.46,17.64,17.15,17.14,19710484.0,342549024.0
2011-05-13,17.5,17.72,17.67,17.0,36798424.0,638079680.0
2011-05-06,17.55,17.84,17.54,17.46,24111904.0,425935552.0
2011-05-05,17.63,17.92,17.73,17.62,24603790.0,437563136.0
2011-05-04,18.0,18.34,17.86,17.68,39381976.0,708758080.0
2011-05-03,18.15,18.36,18.22,18.07,22105844.0,402350144.0
2011-04-29,18.6,18.6,18.2,17.91,50049592.0,911382592.0
2011-04-28,18.42,19.0,18.62,18.36,64895808.0,1215618304.0
2011-04-27,18.43,18.78,18.28,18.09,53270504.0,985540096.0
2011-04-26,18.04,18.44,18.42,17.98,38943064.0,711900608.0
2011-04-25,17.88,18.27,18.08,17.7,35864668.0,646189952.0
2011-04-22,18.0,18.13,17.86,17.73,30666850.0,548689856.0
2011-04-21,18.2,18.43,18.12,18.05,31806222.0,579304640.0
2011-04-20,18.43,18.55,18.07,17.91,48925672.0,891280640.0
2011-04-19,18.63,18.75,18.43,18.33,52577708.0,975147520.0
2011-04-18,18.67,18.88,18.87,18.45,58014896.0,1082013056.0
2011-04-15,18.21,18.77,18.73,18.15,67079416.0,1242600448.0
2011-04-14,18.47,18.6,18.19,18.1,104925064.0,1921868288.0
2011-04-13,17.0,18.05,18.05,16.89,72385120.0,1268537472.0
2011-04-12,17.1,17.35,17.06,16.97,38618172.0,662860224.0
2011-04-11,17.18,17.55,17.03,17.0,56381824.0,974852480.0
2011-04-08,17.16,17.24,17.17,16.96,26811760.0,458985760.0
2011-04-07,17.0,17.37,17.2,16.85,64881088.0,1112314112.0
2011-04-06,16.6,17.08,17.0,16.6,74524384.0,1263488256.0
2011-04-01,16.08,16.58,16.57,16.07,32324048.0,530034240.0
2011-03-31,16.38,16.46,16.08,16.01,21336828.0,345191104.0
2011-03-30,16.48,16.7,16.38,16.35,27507684.0,453620672.0
2011-03-29,16.36,16.75,16.5,16.31,48258736.0,798647424.0
2011-03-28,16.37,16.62,16.33,16.32,36793240.0,605067456.0
2011-03-25,15.98,16.34,16.26,15.96,36086256.0,585086400.0
2011-03-24,16.09,16.1,15.98,15.95,16012496.0,256090880.0
2011-03-23,15.96,16.15,16.1,15.92,22679888.0,363809600.0
2011-03-22,15.83,16.05,16.01,15.65,25194372.0,401085856.0
2011-03-21,15.8,15.89,15.77,15.72,16015761.0,252850944.0
2011-03-18,15.89,15.89,15.83,15.75,14524328.0,229686240.0
2011-03-17,15.82,15.9,15.71,15.68,20726244.0,327039744.0
2011-03-16,15.86,16.0,15.95,15.74,24207568.0,384301440.0
2011-03-15,16.02,16.1,15.84,15.7,28438142.0,451454528.0
2011-03-14,16.0,16.19,16.17,15.99,21799970.0,350756128.0
2011-03-11,16.18,16.29,16.05,16.03,23016686.0,371901344.0
2011-03-10,16.6,16.6,16.25,16.22,30849384.0,504165760.0
2011-03-09,16.7,16.87,16.69,16.68,32364768.0,542959232.0
2011-03-08,16.74,16.86,16.65,16.57,32181260.0,537368704.0
2011-03-07,16.78,16.97,16.74,16.55,49762448.0,834013056.0
2011-03-04,16.45,16.75,16.68,16.31,50539628.0,833234944.0
2011-03-03,16.2,16.77,16.4,16.18,98048936.0,1616932480.0
2011-03-02,15.95,16.3,16.18,15.91,48810708.0,786881472.0
2011-03-01,15.95,16.19,16.04,15.87,48277552.0,774219072.0
2011-02-28,15.81,15.98,15.93,15.63,30763736.0,486809440.0
2011-02-25,15.61,16.17,15.89,15.46,50926392.0,807238720.0
2011-02-24,15.58,15.59,15.56,15.4,20230780.0,313473088.0
2011-02-23,15.49,15.72,15.58,15.47,35743432.0,555794816.0
2011-02-22,15.98,15.99,15.47,15.46,34395852.0,538516416.0
2011-02-21,15.8,16.0,15.97,15.75,31654344.0,502016608.0
2011-02-18,15.9,16.1,15.98,15.8,22880240.0,363416320.0
2011-02-17,15.96,16.17,15.98,15.84,25381008.0,405836832.0
2011-02-16,15.81,15.95,15.88,15.72,18320572.0,289815296.0
2011-02-15,16.01,16.08,15.82,15.81,32109852.0,512496480.0
2011-02-14,15.49,16.09,16.0,15.48,41765668.0,661743808.0
2011-02-11,15.38,15.59,15.5,15.3,22582808.0,348149600.0
2011-02-10,15.25,15.47,15.45,15.2,13682225.0,210138992.0
2011-02-09,15.35,15.55,15.25,15.23,16650833.0,255979312.0
2011-02-01,15.32,15.49,15.44,15.26,15169758.0,233656080.0
2011-01-31,15.2,15.33,15.31,15.09,14024473.0,213770064.0
2011-01-28,15.32,15.36,15.2,15.06,18541948.0,281316480.0
2011-01-27,15.15,15.4,15.33,15.0,25551128.0,389319904.0
2011-01-26,15.15,15.3,15.26,15.13,10506028.0,160007840.0
2011-01-25,15.11,15.24,15.17,15.0,13420138.0,203198256.0
2011-01-24,15.15,15.2,15.05,14.95,15382697.0,231930928.0
2011-01-21,14.87,15.6,15.15,14.86,22997724.0,349887104.0
2011-01-20,15.48,15.48,14.92,14.92,28757900.0,435524160.0
2011-01-19,15.35,15.52,15.49,15.23,16794488.0,258415152.0
2011-01-18,15.4,15.45,15.34,15.26,15555469.0,238789232.0
2011-01-17,15.81,15.93,15.38,15.36,26616456.0,415802336.0
2011-01-14,16.29,16.29,15.99,15.98,20691456.0,332810208.0
2011-01-13,16.48,16.55,16.34,16.31,19481116.0,319664064.0
2011-01-12,16.23,16.42,16.4,16.11,27713344.0,451290816.0
2011-01-11,15.9,16.29,16.19,15.88,20820064.0,335260352.0
2011-01-10,16.23,16.4,15.98,15.9,36187212.0,584172480.0
2011-01-07,15.8,16.78,16.41,15.7,77048224.0,1263299328.0
2011-01-06,15.93,16.08,15.81,15.7,20653128.0,327148864.0
2011-01-05,15.99,16.13,15.93,15.91,23746264.0,379869056.0
2011-01-04,15.82,16.18,16.02,15.65,35884060.0,573343744.0
