date,open,high,close,low,volume,amount
2015-12-31,15.79,15.88,15.51,15.5,23325348.0,365765216.0
2015-12-30,15.96,15.96,15.77,15.6,27530818.0,433428064.0
2015-12-29,15.75,16.05,15.94,15.66,24707700.0,391279200.0
2015-12-28,16.58,16.6,15.74,15.71,50930372.0,819249792.0
2015-12-25,16.56,16.74,16.56,16.33,44548000.0,736565312.0
2015-12-24,16.35,16.7,16.55,15.97,71573080.0,1172241664.0
2015-12-23,15.99,16.86,16.25,15.99,84838880.0,1398979072.0
2015-12-22,16.02,16.3,16.05,15.91,45787256.0,734513664.0
2015-12-21,15.33,16.69,16.18,15.31,113094224.0,1820758784.0
2015-12-18,15.16,16.4,15.5,15.05,80780120.0,1267894144.0
2015-12-17,15.2,15.4,15.27,14.98,48762376.0,741798784.0
2015-12-16,15.05,15.18,14.91,14.83,28050796.0,421178656.0
2015-12-15,15.3,15.39,14.99,14.95,30553286.0,461044576.0
2015-12-14,14.47,15.5,15.38,14.43,39334144.0,590370880.0
2015-12-11,14.8,14.89,14.64,14.5,26856732.0,393005120.0
2015-12-10,15.1,15.53,14.91,14.84,38324984.0,582596992.0
2015-12-09,15.01,15.54,15.1,15.01,48120152.0,734986176.0
2015-12-08,15.21,15.29,15.25,14.7,47651824.0,713744640.0
2015-12-07,15.31,15.51,15.26,15.18,36739456.0,562023552.0
2015-12-04,15.5,15.75,15.33,15.25,63132020.0,976019200.0
2015-12-03,15.38,16.5,15.85,15.22,133549136.0,2118615680.0
2015-12-02,13.96,15.37,15.37,13.81,92418640.0,1375430912.0
2015-12-01,14.28,14.28,13.97,13.56,42807392.0,595788608.0
2015-11-30,14.28,14.47,14.3,13.8,37669208.0,533940096.0
2015-11-27,14.94,15.12,14.16,14.01,32637740.0,477085472.0
2015-11-26,15.22,15.44,15.13,15.13,36213284.0,553506560.0
2015-11-25,14.78,15.23,15.11,14.73,27927448.0,419881760.0
2015-11-24,14.94,14.97,14.85,14.6,25451332.0,375747392.0
2015-11-23,15.37,15.37,14.98,14.92,34162332.0,516758528.0
2015-11-20,15.34,15.75,15.36,15.26,42731800.0,661236288.0
2015-11-19,15.3,15.45,15.36,15.1,43288948.0,661424000.0
2015-11-18,15.35,16.16,15.27,14.9,76480224.0,1183448320.0
2015-11-17,15.13,15.81,15.26,15.13,80425512.0,1245495168.0
2015-11-16,14.64,15.15,15.0,14.58,35015504.0,522605952.0
2015-11-13,14.81,15.33,14.88,14.75,45888040.0,690218560.0
2015-11-12,15.19,15.39,14.99,14.96,46707796.0,706246976.0
2015-11-11,15.3,15.32,15.13,14.92,64304440.0,970346176.0
2015-11-10,15.42,15.84,15.44,15.11,119581992.0,1843843712.0
2015-11-09,14.75,15.88,15.88,14.75,173450384.0,2723638272.0
2015-11-06,14.01,14.58,14.44,13.92,65850028.0,939432256.0
2015-11-05,13.5,14.99,14.22,13.4,108882560.0,1557273984.0
2015-11-04,12.83,13.77,13.65,12.83,56190180.0,750708992.0
2015-11-03,12.71,12.88,12.85,12.69,21747856.0,277876256.0
2015-11-02,13.0,13.05,12.76,12.74,23553408.0,302939744.0
2015-10-30,12.86,13.17,13.0,12.79,34903000.0,454274560.0
2015-10-29,12.8,12.89,12.78,12.68,17236552.0,220557008.0
2015-10-28,12.9,13.09,12.85,12.75,23946476.0,309603136.0
2015-10-27,13.04,13.05,12.92,12.68,25049046.0,321965792.0
2015-10-26,13.25,13.43,13.15,13.04,41875600.0,553812224.0
2015-10-23,12.9,13.14,13.08,12.78,39110852.0,507991904.0
2015-10-22,12.73,13.06,12.96,12.58,46272736.0,592407744.0
2015-10-21,12.8,13.61,12.99,12.64,94052312.0,1234669952.0
2015-10-20,12.58,12.8,12.8,12.51,30092988.0,379795328.0
2015-10-19,12.58,12.86,12.68,12.34,40332036.0,509319104.0
2015-10-16,12.39,12.7,12.57,12.38,40584256.0,508514144.0
2015-10-15,12.15,12.38,12.37,12.1,26763152.0,328701920.0
2015-10-14,12.18,12.27,12.13,12.07,20753660.0,252175872.0
2015-10-13,12.25,12.3,12.23,12.1,27320236.0,333441600.0
2015-10-12,11.79,12.43,12.43,11.79,48333808.0,584744896.0
2015-10-09,11.53,11.73,11.7,11.44,25953054.0,302540448.0
2015-10-08,11.56,11.66,11.49,11.47,22171182.0,256229392.0
2015-09-30,11.21,11.41,11.24,11.14,21718964.0,244866000.0
2015-09-29,11.24,11.28,11.14,11.1,13161519.0,147299728.0
2015-09-28,11.41,11.42,11.37,11.12,17201844.0,194016032.0
2015-09-25,11.41,11.8,11.44,11.28,29127576.0,336584416.0
2015-09-24,11.5,11.53,11.45,11.38,13344016.0,152698672.0
2015-09-23,11.62,11.67,11.41,11.36,25051412.0,287823264.0
2015-09-22,11.48,12.08,11.79,11.48,40189368.0,474484864.0
2015-09-21,11.31,11.48,11.47,11.25,21344000.0,243432848.0
2015-09-18,11.55,11.62,11.4,11.3,17955600.0,205923888.0
2015-09-17,11.57,11.82,11.5,11.5,26470386.0,308924896.0
2015-09-16,11.35,11.9,11.63,11.11,29336918.0,337135200.0
2015-09-15,11.36,11.66,11.29,11.2,27271102.0,310810912.0
2015-09-14,11.85,11.97,11.56,10.99,41594240.0,479924256.0
2015-09-11,11.82,11.97,11.81,11.76,19125312.0,226771328.0
2015-09-10,11.73,12.05,11.86,11.73,27138772.0,322995744.0
2015-09-09,11.67,12.1,11.91,11.55,45310632.0,537575296.0
2015-09-08,11.26,11.85,11.65,11.26,29695812.0,344089216.0
2015-09-07,12.15,12.21,11.38,11.33,56875160.0,670662848.0
2015-09-02,11.9,12.61,12.28,11.68,103110304.0,1260386816.0
2015-09-01,12.02,12.55,12.42,11.42,131704376.0,1603847168.0
2015-08-31,11.51,12.48,12.47,11.27,119101624.0,1421644288.0
2015-08-28,11.34,11.66,11.49,11.18,93383480.0,1064159808.0
2015-08-27,10.34,11.22,11.22,10.05,76804248.0,816623360.0
2015-08-26,10.2,10.76,10.2,9.82,68406512.0,699856512.0
2015-08-25,10.22,10.94,9.81,9.81,80830832.0,826803072.0
2015-08-24,11.68,11.79,10.9,10.9,73957200.0,817713152.0
2015-08-21,12.01,12.5,12.11,11.96,51293860.0,628364288.0
2015-08-20,12.51,12.66,12.08,12.08,29820412.0,370878272.0
2015-08-19,12.28,12.71,12.67,11.91,49647440.0,608882240.0
2015-08-18,13.26,13.46,12.46,12.42,57126208.0,745687808.0
2015-08-17,13.52,13.53,13.26,13.11,44114352.0,583943232.0
2015-08-14,13.48,13.62,13.54,13.42,34387472.0,465468960.0
2015-08-13,13.3,13.51,13.45,13.26,30152468.0,403928800.0
2015-08-12,13.5,13.56,13.34,13.32,39141104.0,526435328.0
2015-08-11,13.85,13.9,13.7,13.64,47772384.0,657524800.0
2015-08-10,13.48,14.07,13.95,13.32,67382920.0,923544128.0
2015-08-07,13.33,13.57,13.48,13.31,32864884.0,442292896.0
2015-08-06,13.14,13.47,13.33,13.06,28744876.0,382929184.0
2015-08-05,13.5,13.54,13.32,13.2,31961564.0,427548000.0
2015-08-04,13.29,13.59,13.58,13.21,42498964.0,568434944.0
2015-08-03,12.96,13.35,13.35,12.89,39875336.0,522696416.0
2015-07-31,12.9,13.18,13.16,12.65,46748848.0,603573760.0
2015-07-30,13.6,13.68,13.08,13.03,44231024.0,596179840.0
2015-07-29,13.7,13.74,13.68,13.1,60066956.0,808686848.0
2015-07-28,13.39,14.03,13.7,13.2,56578684.0,770387072.0
2015-07-27,15.0,15.15,13.67,13.67,77291208.0,1116587392.0
2015-07-24,15.48,15.79,15.19,15.1,65559152.0,1015416896.0
2015-07-23,15.01,15.58,15.53,15.01,70739256.0,1091401728.0
2015-07-22,15.11,15.27,15.04,15.01,42424680.0,641314432.0
2015-07-21,15.23,15.41,15.22,15.02,52777628.0,801713920.0
2015-07-20,15.73,15.75,15.33,15.26,64487232.0,995850176.0
2015-07-17,15.49,15.89,15.72,15.31,63558984.0,989984512.0
2015-07-16,15.78,15.89,15.39,15.25,61432804.0,953906176.0
2015-07-15,16.5,16.94,15.78,15.63,88784224.0,1442510208.0
2015-07-14,21.09,21.18,20.71,20.1,80810464.0,1675458432.0
2015-07-13,20.58,21.43,21.33,19.95,120640672.0,2503425792.0
2015-07-10,19.37,21.74,21.01,19.17,122776760.0,2569289216.0
2015-07-09,18.15,19.92,19.84,17.11,104966048.0,1990322176.0
2015-07-08,16.89,20.06,18.15,16.6,224229488.0,3994994176.0
2015-07-07,18.0,18.89,18.45,16.79,132443488.0,2396337152.0
2015-07-06,19.25,19.25,18.61,17.5,99105360.0,1813180672.0
2015-07-03,18.98,19.47,17.5,17.41,99448824.0,1822585216.0
2015-07-02,20.44,20.9,19.35,18.52,100743352.0,2014006016.0
2015-07-01,20.69,21.57,20.38,20.19,118818720.0,2479256064.0
2015-06-30,19.77,21.18,21.14,19.31,138141328.0,2802708224.0
2015-06-29,19.39,19.99,19.39,17.64,122976048.0,2364361728.0
2015-06-26,19.0,20.55,18.68,18.1,111211624.0,2153594112.0
2015-06-25,20.99,21.49,20.07,19.79,131967248.0,2753502720.0
2015-06-24,19.61,20.05,20.04,19.14,75701432.0,1482398208.0
2015-06-23,19.24,19.52,19.48,18.34,65263464.0,1247652608.0
2015-06-19,20.23,20.67,18.99,18.79,58760504.0,1170993024.0
2015-06-18,21.18,21.23,20.48,20.48,59281328.0,1234225408.0
2015-06-17,21.49,21.59,21.36,20.89,59036388.0,1258309248.0
2015-06-16,21.19,21.75,21.04,20.86,60016952.0,1279600384.0
2015-06-15,22.36,22.59,21.4,21.29,83284256.0,1836100352.0
2015-06-12,22.18,22.45,22.38,21.9,68778440.0,1527185920.0
2015-06-11,22.74,22.78,22.17,21.95,76224112.0,1690811008.0
2015-06-10,22.7,23.05,22.73,22.48,77556032.0,1761337856.0
2015-06-09,23.79,24.37,23.18,22.84,118904064.0,2798504192.0
2015-06-08,22.06,24.05,23.87,21.59,172573552.0,4000732160.0
2015-06-05,22.67,22.87,21.96,21.45,129994656.0,2867888128.0
2015-06-04,20.99,22.91,22.18,19.97,171788992.0,3754608640.0
2015-06-03,20.07,21.61,21.18,19.79,158651024.0,3287804672.0
2015-06-02,19.85,20.22,20.15,19.59,87115216.0,1734130176.0
2015-06-01,18.99,19.94,19.92,18.59,96030120.0,1865942272.0
2015-05-29,19.29,19.52,18.88,18.09,89108736.0,1693111296.0
2015-05-28,19.61,21.09,19.09,19.06,163251040.0,3277271040.0
2015-05-27,19.85,19.94,19.63,19.48,75411904.0,1485077504.0
2015-05-26,20.03,20.18,19.84,19.47,90089984.0,1777453312.0
2015-05-25,19.62,19.95,19.79,19.44,102433200.0,2019343744.0
2015-05-22,18.99,19.44,19.34,18.8,94187536.0,1812998272.0
2015-05-21,18.66,18.83,18.77,18.44,50541368.0,942406912.0
2015-05-20,18.69,18.98,18.67,18.29,79856936.0,1490206976.0
2015-05-19,18.02,18.93,18.66,18.01,63447520.0,1176446720.0
2015-05-18,17.99,18.23,17.96,17.85,42416956.0,765431424.0
2015-05-15,18.92,18.96,18.29,18.17,57322852.0,1060832384.0
2015-05-14,19.15,19.35,19.11,18.81,68471472.0,1308011008.0
2015-05-13,19.3,19.44,18.95,18.64,69106224.0,1319541760.0
2015-05-12,18.79,19.14,18.93,18.46,71728544.0,1351620864.0
2015-05-11,18.17,18.87,18.79,17.9,68521208.0,1263276160.0
2015-05-08,18.38,18.47,18.19,17.74,54605568.0,989131200.0
2015-05-07,18.02,18.25,18.1,17.85,46206580.0,837098688.0
2015-05-06,18.34,19.08,18.0,17.56,69369056.0,1283319552.0
2015-05-05,19.17,19.54,18.32,18.22,73432304.0,1394708864.0
2015-05-04,19.36,19.36,19.17,18.85,53723984.0,1025291584.0
2015-04-30,19.95,20.18,19.4,19.37,72251552.0,1426132992.0
2015-04-29,19.94,20.16,19.89,19.48,89452328.0,1770552192.0
2015-04-28,19.5,21.52,20.41,19.42,194072640.0,3980757248.0
2015-04-27,18.95,19.69,19.59,18.94,92154400.0,1786185856.0
2015-04-24,18.99,19.2,18.81,18.7,68175520.0,1293174912.0
2015-04-23,19.75,19.79,19.34,19.26,77856896.0,1517382272.0
2015-04-22,19.45,19.85,19.73,19.25,92716216.0,1808995456.0
2015-04-21,18.99,19.46,19.37,18.75,79724632.0,1523709184.0
2015-04-20,20.22,20.39,19.06,18.99,127297952.0,2520584192.0
2015-04-17,19.61,20.23,19.79,19.35,116843272.0,2310927872.0
2015-04-16,18.95,19.56,19.52,18.8,73935072.0,1421083648.0
2015-04-15,19.39,19.84,19.39,19.03,102256560.0,2000530944.0
2015-04-14,19.89,19.89,19.44,19.2,88203792.0,1717932544.0
2015-04-13,20.39,20.54,20.02,19.8,112310000.0,2256418816.0
2015-04-10,19.31,20.3,19.97,19.1,120523088.0,2368787200.0
2015-04-09,19.49,20.48,19.43,19.2,171649072.0,3393623552.0
2015-04-08,18.53,19.58,19.58,18.07,173493664.0,3242135552.0
2015-04-07,18.68,18.8,18.54,18.2,133332808.0,2469442048.0
2015-04-03,17.74,18.16,18.16,17.7,101817904.0,1830984576.0
2015-04-02,18.07,18.08,17.85,17.64,68861624.0,1228916224.0
2015-04-01,17.73,18.08,17.89,17.59,89836928.0,1601653760.0
2015-03-31,18.49,18.91,17.84,17.69,122659568.0,2249595392.0
2015-03-30,17.96,18.79,18.24,17.6,132821184.0,2421158912.0
2015-03-27,17.89,18.07,17.81,17.5,91789096.0,1631441664.0
2015-03-26,17.24,18.67,18.16,17.23,166605920.0,3021880576.0
2015-03-25,17.59,17.72,17.31,17.21,91673456.0,1599821952.0
2015-03-24,17.91,18.28,17.81,17.52,100943448.0,1809814784.0
2015-03-23,17.91,18.34,18.03,17.7,115880944.0,2086204416.0
2015-03-20,17.71,18.78,17.99,17.64,152997184.0,2776164608.0
2015-03-19,18.09,18.34,17.88,17.6,107053032.0,1918391808.0
2015-03-18,18.34,18.8,18.37,18.05,118284312.0,2169761536.0
2015-03-17,17.62,18.51,18.51,17.44,160560000.0,2870127104.0
2015-03-16,17.73,18.02,17.76,17.22,160973584.0,2831575040.0
2015-03-13,17.19,18.65,17.57,17.1,228836944.0,4057165056.0
2015-03-12,16.4,17.59,17.39,16.35,267142304.0,4592757248.0
2015-03-11,15.63,16.19,15.99,15.61,125012840.0,1987246720.0
2015-03-10,15.72,16.15,15.79,15.4,192061120.0,3029468672.0
2015-03-09,14.3,15.56,15.56,14.19,121353488.0,1825746688.0
2015-03-06,13.95,14.27,14.14,13.94,32896132.0,466097984.0
2015-03-05,14.16,14.16,13.94,13.85,36009272.0,503158976.0
2015-03-04,14.29,14.33,14.2,14.07,26987008.0,382797792.0
2015-03-03,14.7,14.71,14.24,14.21,46150872.0,666324608.0
2015-03-02,14.79,14.91,14.8,14.64,52035344.0,768442624.0
2015-02-27,14.83,14.96,14.69,14.63,43471416.0,642706624.0
2015-02-26,14.19,14.87,14.85,14.14,57629496.0,838345984.0
2015-02-25,14.61,14.63,14.19,14.19,34310544.0,493191488.0
2015-02-17,14.4,14.83,14.66,14.37,44355736.0,651038144.0
2015-02-16,14.22,14.56,14.4,14.14,34895920.0,499682016.0
2015-02-13,14.34,14.55,14.22,14.15,53648428.0,769851520.0
2015-02-12,14.08,14.29,14.24,13.91,34290552.0,485027424.0
2015-02-11,14.05,14.12,14.02,13.88,28471572.0,398489120.0
2015-02-10,13.69,14.07,14.07,13.61,41517792.0,577765952.0
2015-02-09,13.54,13.96,13.7,13.37,39027824.0,533547360.0
2015-02-06,13.96,14.14,13.63,13.57,58740444.0,813026240.0
2015-02-05,14.68,15.06,14.18,14.11,141557408.0,2076943488.0
2015-02-04,13.94,14.05,13.69,13.68,24793836.0,344938048.0
2015-02-03,13.74,13.97,13.93,13.59,26471004.0,364740416.0
2015-02-02,13.59,13.82,13.61,13.51,21572796.0,294381728.0
2015-01-30,13.98,14.08,13.88,13.84,24248968.0,338714784.0
2015-01-29,13.79,13.99,13.88,13.72,24900368.0,345925888.0
2015-01-28,14.0,14.28,14.0,13.91,34658192.0,487293696.0
2015-01-27,14.62,14.64,14.23,13.95,39670044.0,565664384.0
2015-01-26,14.47,14.54,14.54,14.23,31463238.0,451968160.0
2015-01-23,14.42,14.84,14.46,14.39,52843516.0,772016384.0
2015-01-22,14.34,14.46,14.35,14.15,34501400.0,494830464.0
2015-01-21,13.65,14.56,14.46,13.62,57349100.0,808577920.0
2015-01-20,13.59,13.77,13.61,13.39,48500272.0,660542720.0
2015-01-19,13.89,14.13,13.36,13.34,87166024.0,1189319808.0
2015-01-16,14.79,15.04,14.82,14.69,75494768.0,1124801152.0
2015-01-15,14.35,14.82,14.82,14.04,53913448.0,779473792.0
2015-01-14,14.33,14.64,14.35,14.21,36826188.0,531545440.0
2015-01-13,14.28,14.49,14.24,14.19,34013564.0,487130368.0
2015-01-12,14.68,14.74,14.44,14.2,53435816.0,774310912.0
2015-01-09,14.51,15.67,14.85,14.5,82249008.0,1236811520.0
2015-01-08,15.24,15.3,14.66,14.61,52293572.0,776662464.0
2015-01-07,15.19,15.53,15.24,14.99,54608024.0,833192640.0
2015-01-06,15.43,15.98,15.39,15.17,79178168.0,1228423296.0
2015-01-05,15.75,15.96,15.7,15.24,99763936.0,1566657536.0
2014-12-31,15.37,15.76,15.72,15.08,89678536.0,1393601664.0
2014-12-30,15.14,15.64,15.39,14.87,75695352.0,1165629952.0
2014-12-29,15.74,16.18,15.08,14.89,105926272.0,1653305472.0
2014-12-26,14.69,15.43,15.34,14.6,86442752.0,1303586304.0
2014-12-25,14.29,15.08,14.84,14.13,85393416.0,1251522560.0
2014-12-24,14.77,14.87,14.01,13.67,75777336.0,1074146816.0
2014-12-23,15.19,15.44,14.71,14.45,78280544.0,1171937408.0
2014-12-22,15.2,16.48,15.54,15.15,134225872.0,2134321024.0
2014-12-19,14.72,15.46,15.29,14.63,100329120.0,1519286400.0
2014-12-18,15.49,15.72,14.88,14.61,147399008.0,2234379008.0
2014-12-17,14.14,15.45,15.45,13.99,187566048.0,2816070656.0
2014-12-16,13.28,14.04,14.04,13.24,75965328.0,1042254336.0
2014-12-15,13.43,13.47,13.36,12.99,45809804.0,607349120.0
2014-12-12,13.52,13.93,13.61,13.37,55828648.0,762302464.0
2014-12-11,13.29,13.75,13.42,13.17,72309056.0,978810496.0
2014-12-10,12.99,13.56,13.42,12.39,88391472.0,1152106112.0
2014-12-09,14.29,14.74,13.07,13.07,115933224.0,1636196736.0
2014-12-08,14.24,14.88,14.52,13.89,114455152.0,1649156992.0
2014-12-05,14.28,15.09,14.55,13.79,152889936.0,2207988480.0
2014-12-04,13.53,14.32,14.27,13.39,125765992.0,1749826432.0
2014-12-03,13.79,14.25,13.61,13.38,120457848.0,1672294912.0
2014-12-02,13.11,14.27,13.93,13.01,107689536.0,1473200640.0
2014-12-01,13.54,14.32,13.21,13.17,136227744.0,1862379136.0
2014-11-28,12.29,13.61,13.61,12.14,127251968.0,1653096832.0
2014-11-27,12.36,12.57,12.37,12.14,87611816.0,1082886272.0
2014-11-26,11.73,12.47,12.19,11.6,103941040.0,1251017728.0
2014-11-25,11.54,11.76,11.7,11.33,51620044.0,595440896.0
2014-11-24,11.12,11.83,11.57,11.04,86329248.0,988484928.0
2014-11-21,10.98,11.33,11.3,10.85,43106504.0,479767040.0
2014-11-20,10.84,11.05,10.97,10.84,22373538.0,245256656.0
2014-11-19,10.91,11.1,10.93,10.75,31988036.0,348163264.0
2014-11-18,11.16,11.16,10.94,10.9,26689276.0,294097824.0
2014-11-17,11.3,11.38,11.19,11.08,19891054.0,222985600.0
2014-11-14,11.42,11.42,11.27,11.06,29548304.0,331418976.0
2014-11-13,11.67,11.84,11.44,11.42,35193108.0,409049856.0
2014-11-12,11.5,11.61,11.61,11.37,34926424.0,401112480.0
2014-11-11,11.54,12.28,11.67,11.39,92513544.0,1098598016.0
2014-11-10,11.45,11.75,11.7,11.15,62711420.0,718704128.0
2014-11-07,11.11,11.94,11.34,11.1,106589008.0,1222661120.0
2014-11-06,11.2,11.23,11.18,11.04,20606172.0,229716240.0
2014-11-05,11.31,11.31,11.16,11.03,36364872.0,405614912.0
2014-11-04,11.32,11.43,11.25,11.09,50733764.0,570671488.0
2014-11-03,11.4,11.52,11.37,11.22,59136668.0,671002560.0
2014-10-31,10.58,11.64,11.49,10.54,127227672.0,1427696512.0
2014-10-30,10.18,10.67,10.58,10.15,60255704.0,626691200.0
2014-10-29,10.03,10.34,10.23,9.93,37200824.0,376782816.0
2014-10-28,9.92,10.04,10.03,9.87,14362233.0,142879504.0
2014-10-27,10.09,10.09,9.85,9.81,16982264.0,168507184.0
2014-10-24,10.11,10.18,10.13,10.07,15789174.0,159999904.0
2014-10-23,10.06,10.2,10.1,10.03,20782068.0,210345552.0
2014-10-22,9.96,10.25,10.07,9.94,23475024.0,237233408.0
2014-10-21,10.06,10.08,9.97,9.97,10345253.0,103605320.0
2014-10-20,10.08,10.12,10.09,9.97,14851988.0,149245792.0
2014-10-17,10.16,10.25,10.04,9.91,21335660.0,215080528.0
2014-10-16,9.98,10.49,10.16,9.95,41138440.0,423006464.0
2014-10-15,9.99,10.07,10.06,9.91,13887236.0,139056896.0
2014-10-14,9.94,10.03,10.0,9.9,12836561.0,127979936.0
2014-10-13,10.05,10.05,9.95,9.89,15049780.0,149592000.0
2014-10-10,10.08,10.14,10.08,10.04,13020105.0,131254936.0
2014-10-09,10.33,10.35,10.13,10.05,23798860.0,241781376.0
2014-10-08,10.29,10.33,10.31,10.18,16661840.0,171142480.0
2014-09-30,10.17,10.34,10.28,10.08,22954488.0,234589680.0
2014-09-29,9.98,10.25,10.22,9.97,33296388.0,336976448.0
2014-09-26,9.85,10.03,9.94,9.84,15784681.0,157125200.0
2014-09-25,9.96,10.02,9.87,9.84,19044510.0,189240784.0
2014-09-24,9.79,9.97,9.94,9.73,21218940.0,209296368.0
2014-09-23,9.75,9.8,9.78,9.72,9682293.0,94506216.0
2014-09-22,9.93,9.93,9.73,9.73,14125203.0,138448512.0
2014-09-19,9.88,9.96,9.95,9.84,16529646.0,163791968.0
2014-09-18,9.75,10.05,9.92,9.72,25785364.0,255951968.0
2014-09-17,9.78,9.82,9.78,9.72,12056154.0,117720920.0
2014-09-16,9.8,9.95,9.77,9.75,19752124.0,194235232.0
2014-09-15,9.85,9.87,9.82,9.74,14336843.0,140349120.0
2014-09-12,9.86,9.86,9.85,9.7,12665322.0,123914168.0
2014-09-11,9.8,9.99,9.86,9.78,18073692.0,178822000.0
2014-09-10,9.81,9.85,9.81,9.79,11622993.0,114063664.0
2014-09-09,9.9,9.91,9.84,9.81,13391754.0,132059248.0
2014-09-05,9.8,9.88,9.88,9.78,17963096.0,176609440.0
2014-09-04,9.75,9.81,9.8,9.68,11893558.0,116043144.0
2014-09-03,9.74,9.88,9.76,9.72,18036244.0,176631504.0
2014-09-02,9.58,9.74,9.72,9.51,18016432.0,173454656.0
2014-09-01,9.48,9.56,9.54,9.43,11011428.0,104697096.0
2014-08-29,9.43,9.48,9.47,9.39,8793852.0,82926912.0
2014-08-28,9.54,9.55,9.41,9.39,11986281.0,113342240.0
2014-08-27,9.6,9.63,9.56,9.52,8444426.0,80903568.0
2014-08-26,9.61,9.73,9.63,9.58,10313008.0,99504472.0
2014-08-25,9.71,9.73,9.67,9.58,8792166.0,84796544.0
2014-08-22,9.62,9.7,9.7,9.58,8944269.0,86250904.0
2014-08-21,9.73,9.76,9.61,9.53,13893207.0,133688000.0
2014-08-20,9.73,9.78,9.76,9.7,10537460.0,102612224.0
2014-08-19,9.74,9.76,9.72,9.68,11032132.0,107139840.0
2014-08-18,9.71,9.77,9.73,9.68,11801127.0,114607272.0
2014-08-15,9.61,9.73,9.68,9.59,10867239.0,105031648.0
2014-08-14,9.71,9.72,9.59,9.58,9751769.0,94247384.0
2014-08-13,9.76,9.84,9.71,9.63,12637920.0,122608816.0
2014-08-12,9.81,9.82,9.76,9.72,8788477.0,85693024.0
2014-08-11,9.7,9.87,9.85,9.7,11220060.0,110224872.0
2014-08-08,9.64,9.73,9.67,9.62,10520996.0,101764584.0
2014-08-07,9.9,9.95,9.65,9.65,14926555.0,146019776.0
2014-08-06,9.85,9.92,9.87,9.76,11582600.0,114041888.0
2014-08-05,10.03,10.05,9.94,9.84,14500367.0,143973696.0
2014-08-04,9.89,10.06,10.03,9.85,16768319.0,167024992.0
2014-08-01,10.01,10.16,9.9,9.9,21533780.0,215795664.0
2014-07-31,9.76,10.05,10.05,9.74,21895552.0,217324640.0
2014-07-30,9.88,10.01,9.8,9.68,21631900.0,212993952.0
2014-07-29,9.89,10.18,9.94,9.75,41074232.0,409748032.0
2014-07-28,9.29,10.0,9.82,9.29,52622440.0,512304384.0
2014-07-25,9.25,9.25,9.19,9.12,24990326.0,229170176.0
2014-07-24,8.81,9.09,9.02,8.81,26363780.0,236685936.0
2014-07-23,8.8,8.85,8.82,8.79,11626538.0,102490608.0
2014-07-22,8.72,8.84,8.82,8.72,15157415.0,133233168.0
2014-07-21,8.82,8.82,8.76,8.75,8552274.0,74997656.0
2014-07-18,8.78,8.85,8.82,8.77,9078344.0,80070664.0
2014-07-17,8.81,8.82,8.81,8.78,7820708.0,68768112.0
2014-07-16,8.83,8.84,8.82,8.79,11104006.0,97933312.0
2014-07-15,8.77,8.84,8.84,8.77,13028116.0,114693488.0
2014-07-14,8.7,8.79,8.79,8.67,8879442.0,77554496.0
2014-07-11,8.71,8.76,8.7,8.66,15049060.0,130967640.0
2014-07-10,9.07,9.13,9.1,9.07,7866434.0,71599368.0
2014-07-09,9.18,9.18,9.08,9.08,8114232.0,74116368.0
2014-07-08,9.19,9.19,9.19,9.14,5710890.0,52382192.0
2014-07-07,9.17,9.19,9.18,9.15,6450879.0,59168620.0
2014-07-04,9.17,9.21,9.16,9.14,5557610.0,50937336.0
2014-07-03,9.16,9.19,9.19,9.14,7851988.0,71987168.0
2014-07-02,9.15,9.18,9.17,9.12,5473852.0,50097120.0
2014-07-01,9.19,9.19,9.15,9.12,7251620.0,66302156.0
2014-06-30,9.15,9.2,9.2,9.13,9450165.0,86546992.0
2014-06-27,9.12,9.15,9.15,9.09,7047169.0,64345528.0
2014-06-26,9.08,9.13,9.12,9.06,7047939.0,64192084.0
2014-06-25,9.11,9.11,9.08,9.04,4524027.0,41024708.0
2014-06-24,9.08,9.12,9.12,9.06,5156880.0,46893820.0
2014-06-23,9.07,9.12,9.09,9.04,6505410.0,59062268.0
2014-06-20,9.0,9.06,9.06,8.99,5889257.0,53156872.0
2014-06-19,9.08,9.11,9.02,8.98,7975923.0,72183136.0
2014-06-18,9.13,9.16,9.08,9.07,9966081.0,90804264.0
2014-06-17,9.19,9.19,9.13,9.13,10451789.0,95742328.0
2014-06-16,9.17,9.27,9.24,9.1,16094253.0,147901120.0
2014-06-13,9.1,9.28,9.19,9.07,16310788.0,149711184.0
2014-06-12,9.09,9.11,9.11,9.07,6924527.0,62958308.0
2014-06-11,9.04,9.12,9.11,9.03,9749791.0,88496080.0
2014-06-10,9.03,9.06,9.06,8.97,7360165.0,66445032.0
2014-06-09,8.95,9.06,8.97,8.93,5682103.0,51070284.0
2014-06-06,9.01,9.02,8.99,8.91,5225170.0,46839900.0
2014-06-05,8.91,9.04,9.03,8.9,4805414.0,43092096.0
2014-06-04,9.02,9.03,8.91,8.88,8245974.0,73675368.0
2014-06-03,9.06,9.12,9.03,9.03,4480577.0,40625320.0
2014-05-30,9.04,9.1,9.06,9.02,5222411.0,47302044.0
2014-05-29,9.12,9.15,9.07,9.07,5730172.0,52202836.0
2014-05-28,9.06,9.14,9.12,9.03,6188202.0,56250252.0
2014-05-27,9.11,9.12,9.07,9.06,4494386.0,40875916.0
2014-05-26,9.12,9.14,9.1,9.06,5660911.0,51487296.0
2014-05-23,9.03,9.09,9.08,9.01,4153841.0,37568332.0
2014-05-22,9.06,9.16,9.03,9.01,7380152.0,67071556.0
2014-05-21,8.97,9.08,9.06,8.95,5239117.0,47266332.0
2014-05-20,9.03,9.05,8.97,8.94,5205701.0,46823744.0
2014-05-19,9.05,9.07,8.97,8.95,5691664.0,51152328.0
2014-05-16,9.05,9.13,9.08,9.03,6241880.0,56687484.0
2014-05-15,9.14,9.16,9.07,9.05,6902312.0,62923292.0
2014-05-14,9.13,9.22,9.14,9.1,7153991.0,65473468.0
2014-05-13,9.2,9.2,9.12,9.07,10857224.0,99079792.0
2014-05-12,9.15,9.28,9.21,9.07,18365416.0,168642624.0
2014-05-09,9.05,9.12,9.1,9.01,11094309.0,100734064.0
2014-05-08,8.96,9.13,9.01,8.94,9450093.0,85644728.0
2014-05-07,9.0,9.06,8.97,8.93,7173857.0,64570060.0
2014-05-06,8.95,9.07,9.02,8.93,7782861.0,70100168.0
2014-05-05,8.97,8.99,8.99,8.83,8353312.0,74327016.0
2014-04-30,9.05,9.08,8.98,8.97,6328300.0,57124564.0
2014-04-29,8.92,9.02,9.02,8.89,6015855.0,53963496.0
2014-04-28,8.98,9.05,8.93,8.87,10728770.0,96029680.0
2014-04-25,9.08,9.2,9.06,9.01,10463078.0,95242728.0
2014-04-24,8.97,9.09,9.06,8.96,10784900.0,97571408.0
2014-04-23,8.97,9.06,8.97,8.95,6579667.0,59220324.0
2014-04-22,8.85,9.02,9.01,8.84,10215875.0,91437768.0
2014-04-21,8.96,9.03,8.85,8.84,9095921.0,81276176.0
2014-04-18,9.0,9.05,8.97,8.9,5677229.0,50978648.0
2014-04-17,9.03,9.05,9.0,8.96,4938334.0,44425000.0
2014-04-16,8.94,9.05,8.99,8.92,5821014.0,52316044.0
2014-04-15,9.08,9.08,8.94,8.92,8923124.0,80191888.0
2014-04-14,9.17,9.21,9.08,9.03,9093995.0,82736968.0
2014-04-11,9.13,9.23,9.17,9.08,12525328.0,114731280.0
2014-04-10,9.1,9.27,9.16,9.04,18149128.0,165929488.0
2014-04-09,9.11,9.15,9.08,9.04,10625822.0,96493152.0
2014-04-08,8.82,9.21,9.14,8.82,28170460.0,255283040.0
2014-04-04,8.83,8.92,8.86,8.78,5776998.0,51118124.0
2014-04-03,8.99,9.01,8.85,8.81,11525135.0,102628224.0
2014-04-02,8.9,9.02,8.98,8.87,11249557.0,100718784.0
2014-04-01,8.83,8.94,8.91,8.83,7927580.0,70503776.0
2014-03-31,8.85,8.89,8.86,8.78,7938112.0,70185056.0
2014-03-28,8.8,8.93,8.84,8.75,10153594.0,89887696.0
2014-03-27,8.8,8.98,8.81,8.69,16140126.0,142462240.0
2014-03-26,8.87,8.9,8.8,8.77,8237425.0,72623816.0
2014-03-25,8.85,8.92,8.84,8.8,8710876.0,77144064.0
2014-03-24,8.91,8.96,8.87,8.83,15730819.0,139910880.0
2014-03-21,8.61,8.97,8.9,8.57,21571022.0,190061840.0
2014-03-20,8.65,8.76,8.61,8.61,8063301.0,70004552.0
2014-03-19,8.68,8.72,8.67,8.58,8653965.0,74603312.0
2014-03-18,8.8,8.82,8.7,8.69,8624095.0,75443608.0
2014-03-17,8.79,8.81,8.79,8.73,5649991.0,49562124.0
2014-03-14,8.74,8.8,8.74,8.65,8656034.0,75391760.0
2014-03-13,8.75,8.89,8.81,8.73,15939307.0,140562752.0
2014-03-12,8.53,8.74,8.68,8.51,16089274.0,139120176.0
2014-03-11,8.49,8.58,8.5,8.42,7077749.0,60193548.0
2014-03-10,8.65,8.7,8.49,8.48,12604140.0,108098280.0
2014-03-07,8.8,8.88,8.7,8.65,9436487.0,82901672.0
2014-03-06,8.77,8.86,8.84,8.61,14017933.0,122411600.0
2014-03-05,8.91,8.94,8.78,8.76,5987528.0,52921484.0
2014-03-04,8.9,8.94,8.9,8.79,7930252.0,70199224.0
2014-03-03,8.83,8.98,8.9,8.8,15444524.0,137825344.0
2014-02-28,8.75,8.87,8.84,8.68,11346415.0,99795472.0
2014-02-27,8.72,8.94,8.79,8.66,15275440.0,134638512.0
2014-02-26,8.6,8.77,8.72,8.59,10157103.0,88133848.0
2014-02-25,8.79,8.85,8.66,8.66,12499276.0,109486656.0
2014-02-24,8.95,8.95,8.77,8.67,17556476.0,154263552.0
2014-02-21,9.2,9.25,9.0,8.98,19509252.0,176930016.0
2014-02-20,9.45,9.6,9.24,9.18,31634790.0,296684928.0
2014-02-19,8.98,9.72,9.56,8.97,51033088.0,481328832.0
2014-02-18,9.14,9.14,8.97,8.95,12676754.0,114386856.0
2014-02-17,9.2,9.23,9.13,9.1,13255363.0,121128024.0
2014-02-14,9.2,9.24,9.17,9.13,12122104.0,111110712.0
2014-02-13,9.12,9.35,9.24,9.05,25607508.0,236382640.0
2014-02-12,9.06,9.25,9.14,9.05,12516106.0,114276496.0
2014-02-11,8.96,9.37,9.11,8.92,23376288.0,214122432.0
2014-02-10,8.82,8.99,8.98,8.82,11763362.0,105125952.0
2014-02-07,8.79,8.88,8.88,8.71,8037180.0,70592808.0
2014-01-30,8.9,8.92,8.83,8.81,3673275.0,32492246.0
2014-01-29,8.9,8.95,8.91,8.88,4195848.0,37419128.0
2014-01-28,8.89,8.92,8.89,8.82,5307159.0,47102328.0
2014-01-27,8.8,8.89,8.83,8.77,5993530.0,52961624.0
2014-01-24,8.79,8.91,8.84,8.75,7856302.0,69425520.0
2014-01-23,8.83,8.85,8.8,8.77,6545987.0,57676700.0
2014-01-22,8.66,8.86,8.83,8.66,9230376.0,81104968.0
2014-01-21,8.57,8.74,8.65,8.56,5684958.0,49263716.0
2014-01-20,8.58,8.62,8.58,8.53,5515755.0,47381560.0
2014-01-17,8.72,8.74,8.63,8.59,9472669.0,81851016.0
2014-01-16,8.75,8.81,8.76,8.68,7501595.0,65580252.0
2014-01-15,8.88,8.88,8.74,8.69,8464095.0,74094160.0
2014-01-14,8.94,8.99,8.87,8.68,11609318.0,102337136.0
2014-01-10,9.09,9.11,9.08,8.99,6844979.0,62004028.0
2014-01-09,9.12,9.2,9.11,9.09,8525104.0,77976104.0
2014-01-08,9.1,9.18,9.17,9.05,9327289.0,85164696.0
2014-01-07,9.07,9.14,9.08,9.03,7474165.0,67903944.0
2014-01-06,9.07,9.17,9.17,8.95,15556509.0,141017264.0
2014-01-03,9.12,9.14,9.05,9.0,8840144.0,79980384.0
2014-01-02,9.19,9.19,9.13,9.09,8938309.0,81605672.0
2013-12-31,9.09,9.33,9.23,9.06,15103994.0,139050672.0
2013-12-30,9.2,9.23,9.1,9.03,9651599.0,87970360.0
2013-12-27,8.95,9.18,9.12,8.93,8180819.0,74312016.0
2013-12-26,9.16,9.21,8.92,8.9,14809401.0,133201064.0
2013-12-25,9.25,9.28,9.2,9.13,7099208.0,65214356.0
2013-12-24,9.21,9.31,9.24,9.16,5730668.0,52934616.0
2013-12-23,9.14,9.29,9.21,9.11,9424291.0,86647496.0
2013-12-20,9.35,9.38,9.21,9.18,12269003.0,113500416.0
2013-12-19,9.49,9.53,9.36,9.3,12799270.0,120080160.0
2013-12-18,9.56,9.65,9.47,9.39,14694510.0,139899904.0
2013-12-17,9.46,9.54,9.53,9.37,17389374.0,165230176.0
2013-12-16,9.4,9.57,9.43,9.38,18270320.0,172969424.0
2013-12-13,9.25,9.4,9.37,9.23,9564972.0,89284208.0
2013-12-12,9.35,9.4,9.32,9.29,13950535.0,130211904.0
2013-12-11,9.48,9.49,9.35,9.31,15564815.0,146053648.0
2013-12-10,9.44,9.57,9.49,9.44,14830301.0,140915328.0
2013-12-09,9.42,9.51,9.42,9.38,11357509.0,107002768.0
2013-12-06,9.52,9.52,9.42,9.38,13469160.0,126967912.0
2013-12-05,9.49,9.57,9.52,9.42,18250700.0,173256304.0
2013-12-04,9.45,9.55,9.45,9.36,24092792.0,228583088.0
2013-12-03,9.38,9.42,9.4,9.25,18698828.0,174796640.0
2013-12-02,9.15,9.48,9.39,9.13,41747584.0,390297696.0
2013-11-29,9.28,9.32,9.19,9.16,12070669.0,111288616.0
2013-11-28,9.2,9.31,9.22,9.17,17298848.0,159967744.0
2013-11-27,9.1,9.26,9.2,9.02,18047320.0,165333584.0
2013-11-26,9.06,9.22,9.12,9.05,16469718.0,150718064.0
2013-11-25,8.96,9.2,9.07,8.93,17335352.0,157920224.0
2013-11-22,9.06,9.12,9.0,8.98,9681755.0,87587760.0
2013-11-21,9.09,9.09,9.04,8.9,15631087.0,140445968.0
2013-11-20,9.15,9.18,9.11,9.03,10219103.0,92938240.0
2013-11-19,9.18,9.19,9.05,9.03,17069888.0,155265344.0
2013-11-18,8.87,9.22,9.2,8.82,23108508.0,208628960.0
2013-11-15,8.72,8.97,8.85,8.71,16216523.0,143769088.0
2013-11-14,8.76,8.77,8.71,8.63,11684435.0,101611640.0
2013-11-13,9.05,9.07,8.73,8.68,21604564.0,191436752.0
2013-11-12,9.05,9.16,9.12,9.01,13501047.0,122904552.0
2013-11-11,9.0,9.06,9.0,8.95,7713742.0,69460624.0
2013-11-08,9.06,9.13,9.0,8.98,10642023.0,96242384.0
2013-11-07,9.0,9.11,9.09,8.98,11784159.0,106724568.0
2013-11-06,9.11,9.13,8.99,8.99,12901198.0,116784832.0
2013-11-05,9.13,9.19,9.18,8.94,17922028.0,162169696.0
2013-11-04,9.26,9.33,9.17,9.15,14460660.0,133371152.0
2013-11-01,9.2,9.33,9.26,9.11,17534712.0,161549696.0
2013-10-31,9.55,9.55,9.2,9.18,32100500.0,298873152.0
2013-10-30,9.61,9.68,9.6,9.43,31598428.0,301499968.0
2013-10-29,9.48,9.89,9.6,9.3,64775892.0,623343744.0
2013-10-28,9.32,9.54,9.48,9.2,32044014.0,301043360.0
2013-10-25,9.12,9.45,9.29,9.12,33461456.0,310696960.0
2013-10-24,9.08,9.26,9.11,8.96,18626078.0,170049568.0
2013-10-23,9.0,9.34,9.08,8.97,25641836.0,234998544.0
2013-10-22,9.02,9.08,8.97,8.95,10217001.0,92042432.0
2013-10-21,8.96,9.07,9.06,8.89,13088611.0,117794480.0
2013-10-18,8.87,9.04,8.95,8.83,11483707.0,102756056.0
2013-10-17,8.89,8.96,8.83,8.82,9286260.0,82550080.0
2013-10-16,8.96,8.98,8.87,8.83,12053475.0,107138056.0
2013-10-15,9.07,9.09,8.97,8.91,16119309.0,144905120.0
2013-10-14,9.1,9.12,9.06,9.04,16441848.0,149045728.0
2013-10-11,9.05,9.16,9.14,9.02,30199596.0,274859840.0
2013-10-10,9.08,9.11,8.91,8.89,14490159.0,130353016.0
2013-10-09,8.94,9.18,9.08,8.93,16658198.0,151287056.0
2013-10-08,8.85,9.04,8.99,8.76,12431774.0,111072784.0
2013-09-30,8.85,8.89,8.86,8.82,10184299.0,90217816.0
2013-09-27,8.76,8.86,8.82,8.74,12102953.0,106586632.0
2013-09-26,8.95,8.96,8.74,8.71,19893864.0,175001808.0
2013-09-25,9.05,9.15,8.98,8.96,19985756.0,180880000.0
2013-09-24,9.27,9.28,9.09,8.96,25138480.0,227594320.0
2013-09-23,9.24,9.32,9.26,9.11,19269112.0,177620592.0
2013-09-18,9.25,9.32,9.26,9.08,15592427.0,143695840.0
2013-09-17,9.58,9.68,9.25,9.21,22423300.0,210532992.0
2013-09-16,9.85,9.9,9.59,9.5,25466208.0,246200144.0
2013-09-13,9.71,9.93,9.77,9.69,33577216.0,329301856.0
2013-09-12,9.4,9.99,9.82,9.31,52511144.0,511467200.0
2013-09-11,9.42,9.7,9.41,9.37,36329364.0,345980128.0
2013-09-10,9.47,9.54,9.41,9.22,38100424.0,356258016.0
2013-09-09,8.88,9.57,9.48,8.8,66713236.0,620889920.0
2013-09-06,8.65,8.92,8.77,8.57,22488302.0,196386672.0
2013-09-05,8.75,8.81,8.66,8.64,14143949.0,123093264.0
2013-09-04,8.8,8.87,8.78,8.74,18803880.0,165483264.0
2013-09-03,8.69,8.84,8.81,8.65,21365126.0,187554592.0
2013-09-02,8.68,8.75,8.68,8.55,20709954.0,179053136.0
2013-08-30,8.47,8.7,8.63,8.47,31512472.0,271305856.0
2013-08-29,8.54,8.59,8.44,8.43,15043056.0,127794424.0
2013-08-28,8.49,8.51,8.43,8.35,13669649.0,115326192.0
2013-08-27,8.45,8.56,8.52,8.41,12158233.0,103284864.0
2013-08-26,8.35,8.47,8.46,8.28,12821664.0,107793504.0
2013-08-23,8.45,8.51,8.3,8.12,17683624.0,147159088.0
2013-08-22,8.37,8.57,8.41,8.34,13899837.0,117805344.0
2013-08-21,8.5,8.5,8.4,8.31,10900481.0,91465384.0
2013-08-20,8.46,8.66,8.45,8.42,22101440.0,188698400.0
2013-08-19,8.29,8.59,8.51,8.23,22546440.0,189216208.0
2013-08-16,8.27,8.98,8.44,8.21,42730428.0,366623936.0
2013-08-15,8.47,8.5,8.3,8.3,13489072.0,113345496.0
2013-08-14,8.47,8.63,8.48,8.44,20537776.0,175024384.0
2013-08-13,8.5,8.51,8.47,8.39,18089092.0,152818976.0
2013-08-12,8.18,8.48,8.46,8.17,24866196.0,208102560.0
2013-08-09,8.26,8.33,8.18,8.1,13520707.0,110888904.0
2013-08-08,8.19,8.34,8.23,8.14,11328767.0,93156616.0
2013-08-07,8.27,8.36,8.23,8.21,13791388.0,114402376.0
2013-08-06,8.2,8.3,8.26,8.14,12611797.0,103620064.0
2013-08-05,8.15,8.22,8.21,8.13,8678823.0,70997536.0
2013-08-02,8.22,8.27,8.14,8.12,10988012.0,89803232.0
2013-08-01,8.04,8.21,8.17,8.03,11222617.0,91383200.0
2013-07-31,8.11,8.14,8.03,8.01,8831425.0,71258976.0
2013-07-30,7.92,8.18,8.01,7.9,11840795.0,95252176.0
2013-07-29,7.95,7.95,7.88,7.84,10073641.0,79418400.0
2013-07-26,8.06,8.1,8.02,7.99,9530767.0,76621992.0
2013-07-25,8.15,8.23,8.11,8.04,11090696.0,90198608.0
2013-07-24,8.2,8.22,8.13,7.99,15633184.0,126562288.0
2013-07-23,8.03,8.35,8.25,8.01,17596506.0,144614624.0
2013-07-22,7.95,8.07,8.04,7.85,13378970.0,106387552.0
2013-07-19,8.31,8.32,8.05,8.02,17235466.0,140959136.0
2013-07-18,8.46,8.47,8.27,8.2,13386421.0,111444520.0
2013-07-17,8.56,8.67,8.47,8.46,13621892.0,116572968.0
2013-07-16,8.58,8.62,8.59,8.42,13965663.0,118741080.0
2013-07-15,8.48,8.83,8.59,8.43,21453252.0,185158480.0
2013-07-12,8.7,8.81,8.46,8.43,25789182.0,222822304.0
2013-07-11,8.38,9.12,9.0,8.36,41259116.0,363157088.0
2013-07-10,8.12,8.34,8.33,8.08,12237379.0,100638528.0
2013-07-09,8.07,8.19,8.1,8.05,9750828.0,79103816.0
2013-07-08,8.25,8.25,8.08,8.05,10915662.0,88673152.0
2013-07-05,8.33,8.42,8.31,8.28,10323642.0,86098536.0
2013-07-04,8.17,8.37,8.3,8.09,16425356.0,135200784.0
2013-07-03,8.35,8.35,8.21,8.12,12510606.0,102783944.0
2013-07-02,8.45,8.45,8.37,8.27,11436723.0,95488472.0
2013-07-01,8.4,8.49,8.42,8.32,17293300.0,145102832.0
2013-06-28,8.15,8.51,8.47,8.01,24715956.0,206642448.0
2013-06-27,8.17,8.29,8.2,8.11,19024092.0,156130224.0
2013-06-26,8.25,8.29,8.14,8.05,19898684.0,162158288.0
2013-06-25,8.2,8.29,8.23,7.51,36914208.0,293867104.0
2013-06-24,9.08,9.08,8.23,8.22,33687728.0,287053536.0
2013-06-21,8.97,9.23,9.13,8.9,12420981.0,113147376.0
2013-06-20,9.33,9.36,9.12,9.11,13052924.0,120141464.0
2013-06-19,9.57,9.57,9.39,9.27,14554860.0,136407072.0
2013-06-18,9.62,9.68,9.6,9.56,9542718.0,91799920.0
2013-06-17,9.69,9.7,9.54,9.52,9818893.0,94221552.0
2013-06-14,9.63,9.69,9.64,9.6,9745288.0,93899944.0
2013-06-13,10.02,10.03,9.63,9.4,18023624.0,175013280.0
2013-06-07,10.27,10.35,10.1,10.04,10443984.0,106133600.0
2013-06-06,10.35,10.44,10.25,10.23,9387362.0,96892072.0
2013-06-05,10.49,10.52,10.38,10.34,7975522.0,83126112.0
2013-06-04,10.59,10.61,10.48,10.46,9479744.0,99649280.0
2013-06-03,10.53,10.7,10.59,10.53,10065284.0,106863424.0
2013-05-31,10.75,10.78,10.6,10.6,12401712.0,132559280.0
2013-05-30,10.75,10.86,10.71,10.65,14334801.0,154039376.0
2013-05-29,10.94,10.98,10.8,10.78,21453336.0,233408896.0
2013-05-28,10.67,10.96,10.95,10.56,30638006.0,330676064.0
2013-05-27,10.62,10.75,10.63,10.55,12016110.0,127731048.0
2013-05-24,10.56,10.79,10.59,10.51,12538026.0,132945288.0
2013-05-23,10.62,10.76,10.55,10.51,15020624.0,159567056.0
2013-05-22,10.59,10.86,10.68,10.57,17359208.0,185382048.0
2013-05-21,10.57,10.63,10.57,10.46,16522261.0,174283184.0
2013-05-20,10.59,10.84,10.63,10.51,26512356.0,283310208.0
2013-05-17,10.41,10.59,10.56,10.35,20241324.0,212742272.0
2013-05-16,10.13,10.47,10.43,10.04,17365976.0,178834240.0
2013-05-15,10.09,10.2,10.18,10.08,7669145.0,77949224.0
2013-05-14,10.24,10.27,10.09,9.99,15437491.0,155915648.0
2013-05-13,10.4,10.41,10.28,10.24,13227095.0,136117408.0
2013-05-10,10.3,10.45,10.41,10.23,9192473.0,95271192.0
2013-05-09,10.46,10.47,10.33,10.24,9633678.0,99480240.0
2013-05-08,10.52,10.62,10.46,10.4,10459580.0,109772952.0
2013-05-07,10.43,10.48,10.44,10.35,9575470.0,99697904.0
2013-05-06,10.34,10.57,10.49,10.32,17440272.0,182610656.0
2013-05-03,10.15,10.49,10.34,10.14,18086956.0,187205296.0
2013-05-02,10.1,10.16,10.13,10.01,11590012.0,116663576.0
2013-04-26,10.26,10.37,10.18,10.11,11593667.0,118769704.0
2013-04-25,10.31,10.43,10.2,10.14,12707266.0,130272680.0
2013-04-24,10.23,10.56,10.43,10.08,20570686.0,211187696.0
2013-04-23,10.72,10.72,10.26,10.25,10738770.0,111470016.0
2013-04-22,10.6,10.73,10.66,10.58,10033708.0,106813440.0
2013-04-19,10.35,10.78,10.73,10.31,22503704.0,238720208.0
2013-04-18,10.12,10.36,10.35,9.99,12813898.0,130792024.0
2013-04-17,10.49,10.49,10.25,10.16,10908936.0,112067248.0
2013-04-16,10.42,10.49,10.49,10.25,10963247.0,113832280.0
2013-04-15,10.47,10.54,10.45,10.38,5075991.0,52968496.0
2013-04-12,10.57,10.63,10.46,10.45,6399950.0,67287848.0
2013-04-11,10.74,10.74,10.56,10.53,8400993.0,89236968.0
2013-04-10,10.68,10.73,10.61,10.52,7694266.0,81571416.0
2013-04-09,10.79,10.85,10.74,10.69,11010079.0,118526488.0
2013-04-08,10.46,10.78,10.75,10.38,11822858.0,125514304.0
2013-04-03,10.59,10.77,10.65,10.56,9138285.0,97504824.0
2013-04-02,10.61,10.74,10.58,10.55,8657010.0,92081120.0
2013-04-01,10.59,10.69,10.6,10.55,8554759.0,90768664.0
2013-03-29,10.67,10.72,10.59,10.48,13186990.0,139969600.0
2013-03-28,11.0,11.0,10.65,10.48,39723788.0,424344480.0
2013-03-27,11.15,11.75,11.49,11.15,34941068.0,402671840.0
2013-03-26,11.38,11.4,11.14,11.05,12492851.0,139604768.0
2013-03-25,11.54,11.62,11.44,11.38,12965486.0,148690720.0
2013-03-22,11.23,11.66,11.54,11.2,27349040.0,314447552.0
2013-03-21,11.23,11.37,11.23,11.14,16717668.0,188452672.0
2013-03-20,10.76,11.36,11.29,10.73,28237784.0,315845280.0
2013-03-19,10.57,10.85,10.81,10.56,13813022.0,148360576.0
2013-03-18,10.6,10.86,10.53,10.5,8361639.0,88780320.0
2013-03-15,10.68,11.05,10.65,10.43,16381880.0,176306688.0
2013-03-14,10.71,10.78,10.67,10.63,10364842.0,110757496.0
2013-03-13,10.7,10.9,10.69,10.53,12229779.0,131232016.0
2013-03-12,11.01,11.16,10.7,10.62,16459774.0,178916832.0
2013-03-11,11.21,11.24,11.06,11.0,9121506.0,101211272.0
2013-03-08,11.2,11.33,11.21,11.11,11513770.0,129389736.0
2013-03-07,11.39,11.43,11.22,11.01,19698436.0,221188976.0
2013-03-06,11.47,11.6,11.46,11.28,30681684.0,351655712.0
2013-03-05,10.8,11.55,11.5,10.7,34632140.0,384951424.0
2013-03-04,11.2,11.2,10.84,10.76,23851480.0,261908976.0
2013-03-01,11.67,11.72,11.53,11.36,22534428.0,260339632.0
2013-02-28,11.33,11.71,11.7,11.17,32177148.0,369766688.0
2013-02-27,11.08,11.33,11.24,11.04,16443255.0,183678128.0
2013-02-26,11.0,11.45,11.02,10.87,30164864.0,339669472.0
2013-02-25,10.89,11.22,11.12,10.88,18017576.0,199113296.0
2013-02-22,11.03,11.11,10.84,10.78,16965374.0,185706016.0
2013-02-21,11.48,11.48,11.04,10.99,25677428.0,286639968.0
2013-02-20,11.81,11.86,11.6,11.38,19017068.0,219277104.0
2013-02-19,11.76,11.9,11.8,11.68,18406460.0,216853168.0
2013-02-18,11.9,12.06,11.79,11.76,22543876.0,268143024.0
2013-02-08,11.61,11.89,11.79,11.55,23326544.0,273522144.0
2013-02-07,11.88,11.95,11.61,11.4,38651008.0,448882016.0
2013-02-06,11.88,12.03,11.92,11.7,30977698.0,367663776.0
2013-02-05,12.18,12.19,11.95,11.69,34834588.0,415390336.0
2013-02-04,12.43,12.79,12.3,12.2,37755392.0,471970592.0
2013-02-01,12.16,12.56,12.56,12.03,41641856.0,514041440.0
2013-01-31,12.29,12.35,12.26,11.94,25159906.0,304823296.0
2013-01-30,12.41,12.42,12.29,12.12,27375302.0,334959200.0
2013-01-29,12.5,12.59,12.44,12.2,35735576.0,443673984.0
2013-01-28,11.8,12.55,12.5,11.8,46326048.0,569819392.0
2013-01-25,11.83,12.22,11.8,11.7,27035824.0,321682336.0
2013-01-24,11.5,12.5,11.95,11.49,59561212.0,714956352.0
2013-01-23,11.35,11.77,11.49,11.28,37223032.0,430020320.0
2013-01-22,10.79,11.85,11.48,10.7,62252428.0,706176896.0
2013-01-21,10.58,10.88,10.81,10.44,22727794.0,241916544.0
2013-01-18,10.35,10.65,10.56,10.34,17334606.0,182157248.0
2013-01-17,10.34,10.44,10.34,10.15,12432847.0,127788328.0
2013-01-16,10.51,10.55,10.37,10.28,13890700.0,144512704.0
2013-01-15,10.54,10.55,10.52,10.44,20237060.0,212453072.0
2013-01-14,10.06,10.57,10.55,10.02,21551026.0,223943520.0
2013-01-11,10.29,10.34,10.07,10.0,14112082.0,143656592.0
2013-01-10,10.28,10.37,10.3,10.19,16869316.0,173378512.0
2013-01-09,10.45,10.51,10.27,10.17,15903314.0,164402016.0
2013-01-08,10.55,11.08,10.45,10.4,19642552.0,207717376.0
2013-01-07,10.45,10.7,10.53,10.43,13393618.0,141037664.0
2013-01-04,10.74,10.9,10.55,10.4,20165634.0,214105968.0
2012-12-31,10.34,10.66,10.66,10.34,21925442.0,231357200.0
2012-12-28,10.29,10.41,10.34,10.16,11343535.0,116893160.0
2012-12-27,10.41,10.49,10.23,10.21,14313514.0,147378272.0
2012-12-26,10.3,10.46,10.38,10.2,16539324.0,170264848.0
2012-12-25,9.9,10.55,10.34,9.89,27482534.0,283945760.0
2012-12-24,9.92,10.2,9.97,9.88,16186894.0,162438640.0
2012-12-21,9.97,10.02,9.95,9.84,14443744.0,143195344.0
2012-12-20,9.97,10.0,9.98,9.77,17400702.0,171988976.0
2012-12-19,10.05,10.15,10.07,9.98,13742399.0,137989392.0
2012-12-18,10.05,10.26,10.06,9.96,24640080.0,249223152.0
2012-12-17,10.1,10.28,10.15,9.95,31638716.0,319749120.0
2012-12-14,9.25,10.21,10.1,9.24,52548288.0,521602944.0
2012-12-13,9.38,9.38,9.28,9.26,9374982.0,87170584.0
2012-12-12,9.2,9.43,9.4,9.18,18811576.0,175741200.0
2012-12-11,9.27,9.37,9.2,9.2,8378224.0,77751344.0
2012-12-10,9.18,9.42,9.32,9.18,21960592.0,204063408.0
2012-12-07,8.85,9.22,9.19,8.83,23975744.0,218556288.0
2012-12-06,8.7,8.92,8.89,8.67,11771318.0,103797616.0
2012-12-05,8.26,8.99,8.82,8.23,22052448.0,191345920.0
2012-12-04,8.15,8.3,8.27,8.14,7586507.0,62327552.0
2012-12-03,8.73,8.75,8.15,8.13,15959469.0,133816576.0
2012-11-30,8.8,8.9,8.72,8.68,9098657.0,79885768.0
2012-11-29,8.86,8.92,8.78,8.78,4930161.0,43616104.0
2012-11-28,8.81,8.9,8.83,8.8,4896172.0,43320920.0
2012-11-27,8.91,9.01,8.86,8.85,6103199.0,54418004.0
2012-11-26,9.03,9.08,8.97,8.91,3711907.0,33338214.0
2012-11-23,9.04,9.11,9.07,9.01,5073004.0,46005524.0
2012-11-22,9.03,9.08,9.01,9.0,4585898.0,41470240.0
2012-11-21,8.89,9.08,9.07,8.89,5442526.0,48984620.0
2012-11-20,8.91,8.98,8.89,8.88,3808246.0,33991360.0
2012-11-19,8.84,8.94,8.91,8.8,3891460.0,34564336.0
2012-11-16,8.83,8.86,8.85,8.75,4740923.0,41745548.0
2012-11-15,8.94,8.96,8.83,8.78,4254306.0,37732872.0
2012-11-14,8.98,8.99,8.95,8.9,4029631.0,36037864.0
2012-11-13,9.1,9.12,8.92,8.91,5033974.0,45247652.0
2012-11-12,8.95,9.09,9.09,8.94,5237405.0,47329688.0
2012-11-09,8.89,8.99,8.92,8.88,4016300.0,35886916.0
2012-11-08,9.04,9.13,8.88,8.88,7908994.0,71223456.0
2012-11-07,9.1,9.15,9.13,9.05,6080301.0,55424200.0
2012-11-06,9.15,9.16,9.07,8.98,8116303.0,73438984.0
2012-11-05,9.16,9.29,9.13,9.11,8641491.0,79380520.0
2012-11-02,9.08,9.19,9.18,9.04,12346927.0,112764888.0
2012-11-01,8.97,9.16,9.07,8.94,12974002.0,117589776.0
2012-10-31,8.98,8.99,8.95,8.9,5016740.0,44836692.0
2012-10-30,8.85,9.03,8.97,8.83,9638879.0,86188176.0
2012-10-29,8.82,8.91,8.85,8.8,5664549.0,50133956.0
2012-10-26,8.9,8.93,8.78,8.74,7668955.0,67579464.0
2012-10-25,8.96,9.0,8.89,8.86,8577851.0,76499032.0
2012-10-24,9.09,9.12,8.96,8.93,9755803.0,87818264.0
2012-10-23,9.2,9.22,9.09,9.08,7009398.0,64102780.0
2012-10-22,9.1,9.23,9.2,9.1,5342080.0,48961272.0
2012-10-19,9.21,9.21,9.14,9.12,6873989.0,62974936.0
2012-10-18,9.2,9.25,9.22,9.11,13738839.0,126356592.0
2012-10-17,9.18,9.24,9.18,9.11,6866448.0,62926020.0
2012-10-16,9.15,9.3,9.18,9.09,7450639.0,68627456.0
2012-10-15,9.15,9.18,9.15,9.07,4836643.0,44156148.0
2012-10-12,9.13,9.23,9.16,9.08,5614817.0,51422908.0
2012-10-11,9.14,9.17,9.11,9.11,5614804.0,51240284.0
2012-10-10,9.18,9.19,9.18,9.1,4954359.0,45317896.0
2012-10-09,9.15,9.26,9.19,9.11,9709417.0,89298072.0
2012-10-08,9.06,9.2,9.09,9.04,7875277.0,71666776.0
2012-09-28,8.87,9.08,9.05,8.86,10436680.0,93858120.0
2012-09-27,8.74,9.09,8.96,8.69,12857864.0,114782720.0
2012-09-26,8.85,8.88,8.7,8.68,5027198.0,44002248.0
2012-09-25,8.82,8.93,8.83,8.78,4314892.0,38150864.0
2012-09-24,8.79,9.0,8.89,8.7,6957812.0,61797260.0
2012-09-21,8.93,9.06,8.84,8.81,8065916.0,72132552.0
2012-09-20,9.23,9.26,8.93,8.9,11928682.0,108342392.0
2012-09-19,9.3,9.33,9.27,9.21,5089344.0,47151408.0
2012-09-18,9.26,9.37,9.27,9.23,5635289.0,52354044.0
2012-09-17,9.56,9.58,9.31,9.3,12056895.0,113330072.0
2012-09-14,9.56,9.7,9.6,9.44,17212214.0,165311728.0
2012-09-13,9.5,9.56,9.48,9.44,9201925.0,87447056.0
2012-09-12,9.57,9.64,9.5,9.4,15230891.0,144873872.0
2012-09-11,9.56,9.57,9.54,9.47,7271284.0,69203184.0
2012-09-10,9.54,9.61,9.58,9.51,10980117.0,104933616.0
2012-09-07,9.4,9.87,9.57,9.37,30793244.0,295947744.0
2012-09-06,9.23,9.43,9.38,9.22,9831827.0,91616512.0
2012-09-05,9.34,9.37,9.23,9.16,11278219.0,104022856.0
2012-09-04,9.55,9.6,9.36,9.35,10307455.0,97320464.0
2012-09-03,9.56,9.67,9.59,9.49,9480695.0,90631712.0
2012-08-31,9.59,9.61,9.58,9.52,7212657.0,69003728.0
2012-08-30,9.43,9.69,9.6,9.4,14015268.0,134390784.0
2012-08-29,9.5,9.54,9.48,9.43,5431969.0,51474308.0
2012-08-28,9.37,9.61,9.53,9.37,8320666.0,79042192.0
2012-08-27,9.38,9.47,9.39,9.32,7100231.0,66745548.0
2012-08-24,9.51,9.52,9.4,9.39,7583390.0,71613488.0
2012-08-23,9.64,9.7,9.53,9.49,12996140.0,124306552.0
2012-08-22,9.75,9.75,9.66,9.61,7100167.0,68548672.0
2012-08-21,9.7,9.81,9.72,9.65,6943076.0,67654176.0
2012-08-20,9.83,9.84,9.71,9.59,10394700.0,100641240.0
2012-08-17,9.81,9.91,9.9,9.79,5801897.0,57199076.0
2012-08-16,9.8,9.9,9.84,9.77,6823478.0,67172552.0
2012-08-15,9.9,9.91,9.82,9.76,11081879.0,108909224.0
2012-08-14,9.91,9.98,9.97,9.69,16293421.0,160172272.0
2012-08-13,10.07,10.14,9.89,9.88,14282417.0,142944000.0
2012-08-10,10.17,10.26,10.08,10.08,13082557.0,132999104.0
2012-08-09,10.23,10.26,10.18,10.03,15169056.0,153662352.0
2012-08-08,10.19,10.35,10.23,10.15,17543482.0,179781952.0
2012-08-07,10.19,10.26,10.18,10.11,14710430.0,149746064.0
2012-08-06,10.08,10.24,10.21,10.05,16266731.0,164884016.0
2012-08-03,10.11,10.2,10.15,10.02,13055270.0,131929776.0
2012-08-02,10.16,10.2,10.14,10.06,12516849.0,126862784.0
2012-08-01,10.1,10.25,10.2,10.06,16360409.0,165988992.0
2012-07-31,10.08,10.26,10.16,9.99,22988116.0,233784176.0
2012-07-30,9.98,10.28,10.1,9.96,26099700.0,264544384.0
2012-07-27,9.75,10.11,10.02,9.73,28747606.0,287054912.0
2012-07-26,9.73,9.88,9.74,9.69,7833523.0,76610048.0
2012-07-25,9.75,9.95,9.78,9.73,8845281.0,87065864.0
2012-07-24,9.71,9.9,9.8,9.68,7763871.0,75958440.0
2012-07-23,9.8,9.82,9.77,9.68,8543005.0,83277832.0
2012-07-20,9.95,10.06,9.91,9.84,13581207.0,134933584.0
2012-07-19,9.92,10.1,9.99,9.83,17997072.0,179910128.0
2012-07-18,9.86,10.03,9.97,9.68,16176993.0,159271056.0
2012-07-17,9.54,9.85,9.83,9.54,14484966.0,141257680.0
2012-07-16,9.8,9.8,9.57,9.55,12310290.0,118287448.0
2012-07-13,9.62,9.95,9.79,9.61,15788516.0,154901408.0
2012-07-12,9.66,9.73,9.69,9.39,17841988.0,170399872.0
2012-07-11,9.57,9.73,9.67,9.57,9405742.0,90876984.0
2012-07-10,9.58,9.75,9.61,9.56,11496238.0,110962448.0
2012-07-09,10.01,10.01,9.62,9.61,19466110.0,191325232.0
2012-07-06,9.97,10.15,10.1,9.81,24452050.0,243349024.0
2012-07-05,10.18,10.29,10.2,10.06,22463702.0,228146480.0
2012-07-04,10.05,10.69,10.25,10.0,40014028.0,412709568.0
2012-07-03,10.05,10.25,10.02,9.98,21426708.0,216930608.0
2012-07-02,10.03,10.05,10.05,9.88,16631997.0,166071616.0
2012-06-29,9.64,10.08,9.98,9.6,20219278.0,200100448.0
2012-06-28,9.89,9.94,9.65,9.64,17351864.0,169106992.0
2012-06-27,9.99,10.02,9.84,9.83,15239653.0,151284160.0
2012-06-26,9.8,10.14,10.0,9.79,24400344.0,244532448.0
2012-06-25,9.83,10.05,9.86,9.83,16929184.0,168260560.0
2012-06-21,10.0,10.03,9.92,9.72,21211814.0,209358368.0
2012-06-20,10.03,10.24,10.04,9.94,28927756.0,292440960.0
2012-06-19,9.89,10.14,9.99,9.8,28084168.0,279893504.0
2012-06-18,9.9,9.98,9.93,9.81,27993920.0,277239584.0
2012-06-15,9.31,10.18,9.99,9.31,54516464.0,531196992.0
2012-06-14,9.37,9.43,9.28,9.24,11248900.0,105030496.0
2012-06-13,9.35,9.53,9.43,9.24,16555913.0,155532000.0
2012-06-12,9.18,9.42,9.32,9.09,16418439.0,152051600.0
2012-06-11,9.22,9.32,9.25,9.16,10602154.0,97850520.0
2012-06-08,9.4,9.43,9.21,9.18,17477944.0,161850912.0
2012-06-07,9.81,9.84,9.58,9.54,12527079.0,121446048.0
2012-06-06,9.64,9.7,9.69,9.58,9022816.0,86997552.0
2012-06-05,9.61,9.67,9.58,9.51,10381682.0,99609640.0
2012-06-04,9.81,9.84,9.61,9.6,17236696.0,167736560.0
2012-06-01,10.06,10.14,9.97,9.94,12558254.0,126115208.0
2012-05-31,9.97,10.1,10.05,9.89,11551878.0,115641784.0
2012-05-30,10.04,10.05,10.0,9.97,10692552.0,107008048.0
2012-05-29,9.93,10.11,10.09,9.85,19046832.0,190497648.0
2012-05-28,9.75,9.91,9.91,9.71,14026958.0,137656384.0
2012-05-25,9.98,10.0,9.78,9.73,11911443.0,117074304.0
2012-05-24,10.09,10.17,9.94,9.91,13653874.0,136744768.0
2012-05-23,10.14,10.2,10.06,9.99,12474873.0,126051720.0
2012-05-22,10.09,10.18,10.16,10.08,10597639.0,107361688.0
2012-05-21,10.07,10.17,10.05,9.94,17236794.0,172875680.0
2012-05-17,10.06,10.27,10.26,10.05,18754646.0,190615008.0
2012-05-16,10.2,10.23,10.03,10.01,11796784.0,119182736.0
2012-05-15,10.12,10.27,10.25,10.0,13091474.0,132469208.0
2012-05-14,10.43,10.47,10.18,10.15,16637888.0,172175648.0
2012-05-11,10.27,10.43,10.28,10.22,12456826.0,128630632.0
2012-05-10,10.25,10.36,10.27,10.21,14628896.0,150602608.0
2012-05-09,10.46,10.47,10.23,10.22,22906408.0,236889840.0
2012-05-08,10.7,10.7,10.58,10.49,19667054.0,207866592.0
2012-05-07,10.61,10.76,10.74,10.57,24314768.0,259363296.0
2012-05-04,10.56,10.79,10.71,10.45,26035028.0,276780992.0
2012-05-03,10.61,10.66,10.57,10.43,27763542.0,292508768.0
2012-05-02,10.77,10.84,10.68,10.62,34931256.0,375224160.0
2012-04-27,10.56,10.74,10.58,10.38,31898156.0,336779040.0
2012-04-26,10.61,10.72,10.52,10.44,46868356.0,495367616.0
2012-04-25,10.57,11.02,10.77,10.54,70162840.0,757051648.0
2012-04-24,10.0,11.03,10.71,9.97,111497424.0,1198713728.0
2012-04-23,10.06,10.12,10.03,9.94,21041404.0,211069424.0
2012-04-20,9.83,10.25,10.13,9.81,42073600.0,423924224.0
2012-04-19,9.81,9.93,9.83,9.75,15224385.0,149500288.0
2012-04-18,9.66,9.97,9.85,9.61,24095742.0,237425296.0
2012-04-17,9.69,9.75,9.62,9.57,13201045.0,127378752.0
2012-04-16,9.55,9.76,9.74,9.52,18664370.0,180414512.0
2012-04-13,9.69,9.73,9.61,9.54,27652600.0,266086432.0
2012-04-12,9.2,10.05,9.77,9.17,45902616.0,440459520.0
2012-04-11,9.15,9.28,9.19,9.14,7247871.0,66690596.0
2012-04-10,9.11,9.25,9.24,9.05,8740139.0,79942512.0
2012-04-09,9.2,9.2,9.12,9.11,6708954.0,61418896.0
2012-04-06,9.22,9.28,9.27,9.14,10198574.0,93840672.0
2012-04-05,9.14,9.27,9.25,9.0,12555617.0,114465584.0
2012-03-30,9.15,9.21,9.17,9.12,6855804.0,62846984.0
2012-03-29,9.3,9.3,9.15,9.09,10437585.0,96066952.0
2012-03-28,9.64,9.67,9.33,9.3,9068453.0,85741616.0
2012-03-27,9.68,9.71,9.65,9.6,5760238.0,55608160.0
2012-03-26,9.55,9.64,9.64,9.53,5223263.0,50132376.0
2012-03-23,9.58,9.71,9.56,9.52,9250456.0,88898912.0
2012-03-22,9.53,9.75,9.61,9.49,10054117.0,96771392.0
2012-03-21,9.61,9.65,9.56,9.48,7023780.0,67119136.0
2012-03-20,9.69,9.73,9.56,9.55,7782962.0,74963872.0
2012-03-19,9.65,9.73,9.72,9.61,8773617.0,84927408.0
2012-03-16,9.63,9.72,9.69,9.55,13990686.0,134853376.0
2012-03-15,9.72,9.81,9.64,9.64,16450666.0,160004640.0
2012-03-14,10.09,10.09,9.73,9.67,29372190.0,290427072.0
2012-03-13,9.79,9.99,9.99,9.79,23372520.0,232207168.0
2012-03-12,9.86,9.86,9.78,9.74,16605728.0,162479984.0
2012-03-09,9.84,9.86,9.85,9.77,14085816.0,138307696.0
2012-03-08,9.79,9.88,9.82,9.78,10581648.0,104019984.0
2012-03-07,9.74,9.85,9.74,9.71,12558722.0,122958576.0
2012-03-06,9.98,9.99,9.81,9.8,14330086.0,141543440.0
2012-03-05,10.16,10.17,10.01,10.01,15712600.0,158404896.0
2012-03-02,10.01,10.14,10.13,9.99,18945580.0,190716352.0
2012-03-01,10.0,10.06,10.01,9.98,8672307.0,86940712.0
2012-02-29,10.2,10.2,10.02,10.01,16671019.0,168059888.0
2012-02-28,10.09,10.29,10.2,10.06,26474838.0,269759808.0
2012-02-27,10.18,10.25,10.1,10.09,25616068.0,260193264.0
2012-02-24,10.01,10.14,10.13,9.89,27869784.0,279439392.0
2012-02-23,9.9,10.04,10.0,9.88,23891346.0,238298832.0
2012-02-22,9.81,9.93,9.89,9.77,19832296.0,195580064.0
2012-02-21,9.73,9.81,9.81,9.65,10717826.0,104385848.0
2012-02-20,9.89,9.89,9.71,9.7,18699180.0,183384208.0
2012-02-17,9.74,9.81,9.69,9.66,10590310.0,103021232.0
2012-02-16,9.67,9.74,9.73,9.63,14266411.0,138129296.0
2012-02-15,9.61,9.72,9.64,9.54,16473719.0,158915024.0
2012-02-14,9.73,9.77,9.62,9.56,12460279.0,120192216.0
2012-02-13,9.7,9.84,9.72,9.64,11806044.0,114861384.0
2012-02-10,9.8,9.91,9.79,9.75,11669513.0,114684680.0
2012-02-09,9.9,9.95,9.85,9.83,8871954.0,87671944.0
2012-02-08,9.71,9.97,9.93,9.71,11194662.0,110618376.0
2012-02-07,9.82,9.85,9.75,9.68,6829497.0,66653304.0
2012-02-06,10.0,10.05,9.9,9.8,11093744.0,109863728.0
2012-02-03,9.82,10.1,9.99,9.78,17928240.0,178380256.0
2012-02-02,9.58,9.88,9.88,9.54,10963014.0,106845600.0
2012-02-01,9.62,9.77,9.57,9.54,7388322.0,71332712.0
2012-01-30,9.81,9.87,9.69,9.68,12800151.0,125315272.0
2012-01-20,9.63,9.93,9.88,9.61,20766716.0,202886592.0
2012-01-19,9.45,9.63,9.61,9.44,11908361.0,114049112.0
2012-01-18,9.6,9.65,9.45,9.42,12212196.0,116510032.0
2012-01-17,9.33,9.61,9.59,9.2,18415856.0,173647248.0
2012-01-16,9.26,9.44,9.27,9.24,6975930.0,65029700.0
2012-01-13,9.46,9.49,9.3,9.25,8056620.0,75334936.0
2012-01-12,9.38,9.62,9.44,9.37,10501488.0,99773824.0
2012-01-11,9.44,9.51,9.4,9.34,9770934.0,91980384.0
2012-01-10,9.28,9.51,9.49,9.27,18338400.0,172375232.0
2012-01-09,9.15,9.35,9.33,9.1,13926478.0,128902312.0
2012-01-06,9.08,9.21,9.15,9.02,9766247.0,89049680.0
2012-01-05,8.9,9.32,9.13,8.88,16234845.0,148497456.0
2012-01-04,9.2,9.23,8.91,8.91,7088231.0,64238068.0
2011-12-30,9.0,9.19,9.16,9.0,5856906.0,53378000.0
2011-12-29,8.98,9.05,9.05,8.86,7453782.0,66811740.0
2011-12-28,9.11,9.19,9.0,8.89,10311890.0,92926184.0
2011-12-27,9.27,9.31,9.16,9.15,5815922.0,53641328.0
2011-12-26,9.25,9.36,9.26,9.21,5614534.0,52094292.0
2011-12-23,9.35,9.43,9.34,9.25,8564817.0,79936744.0
2011-12-22,9.31,9.46,9.37,9.21,9269263.0,86447456.0
2011-12-21,9.58,9.62,9.36,9.35,6624060.0,62936208.0
2011-12-20,9.37,9.65,9.5,9.36,11142096.0,106489992.0
2011-12-19,9.38,9.5,9.46,9.17,7539309.0,70377192.0
2011-12-16,9.21,9.5,9.46,9.19,7890942.0,73572824.0
2011-12-15,9.2,9.38,9.2,9.16,7129566.0,66079164.0
2011-12-14,9.32,9.42,9.25,9.2,5894237.0,54824640.0
2011-12-13,9.5,9.64,9.32,9.32,14115261.0,134581280.0
2011-12-12,9.44,9.68,9.54,9.42,8772917.0,83912544.0
2011-12-09,9.4,9.53,9.5,9.37,7183820.0,68095264.0
2011-12-08,9.43,9.58,9.47,9.32,7053263.0,66802580.0
2011-12-07,9.4,9.5,9.45,9.32,4951028.0,46657304.0
2011-12-06,9.42,9.52,9.39,9.35,6509605.0,61242520.0
2011-12-05,9.42,9.57,9.44,9.29,9510201.0,89903024.0
2011-12-02,9.33,9.5,9.46,9.26,8707057.0,81824032.0
2011-12-01,9.45,9.58,9.42,9.3,16491921.0,155952848.0
2011-11-30,9.44,9.44,9.1,9.06,8214357.0,75707840.0
2011-11-29,9.39,9.47,9.46,9.34,5370391.0,50515564.0
2011-11-28,9.3,9.39,9.34,9.27,3886918.0,36223016.0
2011-11-25,9.38,9.39,9.31,9.29,4526361.0,42188056.0
2011-11-24,9.31,9.43,9.39,9.26,6267968.0,58704828.0
2011-11-23,9.46,9.49,9.36,9.3,5336431.0,50059164.0
2011-11-22,9.3,9.46,9.46,9.28,6373253.0,59728924.0
2011-11-21,9.42,9.43,9.37,9.29,6174428.0,57756000.0
2011-11-18,9.6,9.73,9.41,9.34,14855884.0,140813040.0
2011-11-17,9.75,9.83,9.68,9.65,7006243.0,68286624.0
2011-11-16,10.03,10.07,9.75,9.72,9837534.0,97113432.0
2011-11-15,10.03,10.08,10.05,10.0,7690611.0,77262328.0
2011-11-14,9.91,10.14,10.07,9.9,12161509.0,122187064.0
2011-11-11,9.86,9.93,9.84,9.78,5421253.0,53538688.0
2011-11-10,9.95,10.02,9.85,9.84,8354555.0,82877696.0
2011-11-09,9.95,10.06,10.05,9.9,8684791.0,86780408.0
2011-11-08,9.9,9.99,9.92,9.89,6260104.0,62253656.0
2011-11-07,10.02,10.02,9.9,9.88,7019156.0,69790792.0
2011-11-04,10.1,10.15,10.03,10.01,9026141.0,90896448.0
2011-11-03,10.08,10.23,10.01,10.0,17090564.0,173346752.0
2011-11-02,9.83,10.11,10.08,9.77,15722181.0,155717120.0
2011-11-01,9.9,10.12,9.94,9.86,13021715.0,130430488.0
2011-10-31,9.93,10.03,9.99,9.9,16772901.0,167443392.0
2011-10-28,9.95,10.04,9.92,9.83,14400736.0,143103904.0
2011-10-26,9.75,9.9,9.75,9.71,14761241.0,144901872.0
2011-10-25,9.62,9.86,9.81,9.55,18626428.0,181571072.0
2011-10-24,9.34,9.76,9.67,9.26,15534320.0,148211120.0
2011-10-21,9.25,9.45,9.32,9.19,9315997.0,87074344.0
2011-10-20,9.4,9.4,9.25,9.18,8285491.0,76676176.0
2011-10-19,9.51,9.62,9.45,9.4,5341770.0,50755972.0
2011-10-18,9.61,9.63,9.5,9.49,6739241.0,64266488.0
2011-10-17,9.67,9.77,9.68,9.65,6125572.0,59442528.0
2011-10-14,9.75,9.75,9.67,9.57,7660751.0,73929448.0
2011-10-13,9.67,9.79,9.76,9.61,12541730.0,121896576.0
2011-10-12,9.31,9.78,9.71,9.25,16298398.0,156976672.0
2011-10-11,9.54,9.62,9.36,9.28,9047510.0,85705064.0
2011-10-10,9.3,9.33,9.25,9.19,6770366.0,62697820.0
2011-09-30,9.3,9.36,9.28,9.24,7571975.0,70477752.0
2011-09-29,9.2,9.33,9.25,9.17,6618060.0,61277656.0
2011-09-28,9.44,9.46,9.28,9.21,6077477.0,56616176.0
2011-09-27,9.33,9.43,9.36,9.28,7032192.0,65776184.0
2011-09-26,9.32,9.43,9.27,9.26,10858816.0,101259984.0
2011-09-23,9.37,9.52,9.44,9.28,13337941.0,125095392.0
2011-09-21,9.5,9.8,9.76,9.39,13454258.0,130046544.0
2011-09-20,9.39,9.55,9.49,9.37,6000961.0,56691872.0
2011-09-19,9.61,9.64,9.41,9.38,9388122.0,89238360.0
2011-09-16,9.77,9.88,9.68,9.66,6418767.0,62638756.0
2011-09-15,9.69,9.8,9.68,9.64,7279330.0,70803152.0
2011-09-14,9.65,9.74,9.69,9.5,10062572.0,96683992.0
2011-09-13,9.65,9.72,9.61,9.56,9078254.0,87359440.0
2011-09-09,9.88,10.0,9.8,9.75,7116738.0,70248776.0
2011-09-08,9.95,9.95,9.82,9.81,5958944.0,58881064.0
2011-09-07,9.76,9.93,9.89,9.71,7830654.0,77037984.0
2011-09-06,9.55,9.8,9.69,9.52,5811945.0,56289336.0
2011-09-05,9.7,9.83,9.67,9.55,9366697.0,90430056.0
2011-09-02,10.0,10.01,9.8,9.76,16558367.0,162870576.0
2011-09-01,10.07,10.14,10.02,9.98,23618038.0,237124672.0
2011-08-31,10.03,10.14,10.02,9.96,14220286.0,142952032.0
2011-08-30,10.29,10.43,10.03,9.97,21398776.0,217942736.0
2011-08-29,10.45,10.45,10.2,10.17,12048292.0,123964008.0
2011-08-26,10.53,10.62,10.57,10.48,8263749.0,87169576.0
2011-08-25,10.3,10.66,10.62,10.26,22414252.0,236688336.0
2011-08-24,10.3,10.48,10.23,10.22,7112371.0,73550048.0
2011-08-23,10.0,10.29,10.27,9.95,8928981.0,90663808.0
2011-08-22,10.13,10.13,9.96,9.91,3745113.0,37475348.0
2011-08-19,9.91,10.1,10.02,9.82,7110505.0,70861304.0
2011-08-18,10.42,10.42,10.08,10.06,6609382.0,67699128.0
2011-08-17,10.39,10.51,10.36,10.35,5905902.0,61609888.0
2011-08-16,10.43,10.52,10.39,10.33,9066676.0,94509912.0
2011-08-15,10.21,10.56,10.48,10.14,13303016.0,138029568.0
2011-08-12,10.26,10.33,10.19,10.18,7401790.0,75810264.0
2011-08-11,9.83,10.28,10.26,9.77,13912710.0,140482672.0
2011-08-10,10.09,10.12,10.0,9.97,13040525.0,130944976.0
2011-08-09,9.5,10.02,9.91,9.47,13975581.0,137224192.0
2011-08-08,10.28,10.4,9.89,9.36,15769602.0,158297728.0
2011-08-05,10.31,10.5,10.39,10.26,9223695.0,95914568.0
2011-08-04,10.6,10.77,10.63,10.56,7586536.0,81017312.0
2011-08-03,10.34,10.83,10.63,10.33,11588916.0,123242224.0
2011-08-02,10.58,10.58,10.49,10.31,6689453.0,69738192.0
2011-08-01,10.6,10.68,10.58,10.5,11574778.0,122482760.0
2011-07-29,10.28,11.19,10.77,10.25,23838886.0,256613856.0
2011-07-28,10.33,10.33,10.27,10.15,6353348.0,65050424.0
2011-07-27,10.34,10.37,10.37,10.23,10520598.0,108410600.0
2011-07-26,10.33,10.43,10.35,10.31,6557494.0,67934736.0
2011-07-25,10.77,10.77,10.32,10.3,12673492.0,133202880.0
2011-07-22,10.84,10.95,10.82,10.82,5052176.0,54998408.0
2011-07-21,11.01,11.02,10.84,10.84,6579078.0,71688216.0
2011-07-20,11.05,11.11,11.02,10.87,8563142.0,93990048.0
2011-07-19,11.1,11.1,10.97,10.95,8012372.0,88097496.0
2011-07-18,11.27,11.32,11.1,11.1,9096086.0,101742816.0
2011-07-15,11.15,11.28,11.24,11.08,8793809.0,98521480.0
2011-07-14,11.19,11.22,11.2,11.03,8683826.0,96644632.0
2011-07-13,10.95,11.25,11.17,10.94,9818456.0,109222488.0
2011-07-12,11.08,11.11,10.94,10.94,10617013.0,116646696.0
2011-07-11,11.22,11.26,11.16,11.04,14458176.0,161348096.0
2011-07-08,11.12,11.39,11.31,11.08,14538727.0,163710416.0
2011-07-07,11.21,11.35,11.08,11.07,14118887.0,158063472.0
2011-07-06,11.15,11.2,11.09,11.0,8615821.0,95311840.0
2011-07-05,11.14,11.32,11.2,11.11,12043017.0,135141888.0
2011-07-04,10.93,11.2,11.2,10.92,16842272.0,187007856.0
2011-07-01,10.9,11.02,10.92,10.75,13943714.0,151854672.0
2011-06-30,10.63,11.05,10.88,10.63,16575633.0,180644880.0
2011-06-29,10.78,10.79,10.64,10.63,9751892.0,104262296.0
2011-06-28,10.85,10.88,10.78,10.71,8723849.0,93882216.0
2011-06-27,10.9,10.95,10.85,10.75,16714976.0,181497424.0
2011-06-24,10.62,11.02,10.92,10.57,16236134.0,175952544.0
2011-06-23,10.41,10.74,10.64,10.34,8272596.0,87379784.0
2011-06-22,10.53,10.6,10.5,10.37,6238521.0,65404028.0
2011-06-21,10.44,10.53,10.49,10.4,5840555.0,61144516.0
2011-06-20,10.44,10.5,10.48,10.23,9556141.0,98943272.0
2011-06-17,10.49,10.62,10.45,10.41,6133100.0,64516120.0
2011-06-16,10.7,10.71,10.49,10.45,9122367.0,96440184.0
2011-06-15,10.92,10.99,10.77,10.75,10112849.0,109417368.0
2011-06-14,10.87,11.19,10.98,10.82,7968262.0,87818872.0
2011-06-13,10.85,10.93,10.87,10.7,5718943.0,61802800.0
2011-06-10,11.03,11.07,10.97,10.74,9910617.0,108038096.0
2011-06-09,11.28,11.38,11.21,11.21,8243933.0,93103056.0
2011-06-08,11.36,11.36,11.29,11.21,7759080.0,87480504.0
2011-06-07,11.27,11.34,11.34,11.2,9917585.0,112007432.0
2011-06-03,11.28,11.36,11.32,11.13,11802407.0,133133992.0
2011-06-02,11.74,11.8,11.28,11.1,16800396.0,190991760.0
2011-06-01,11.85,11.89,11.83,11.79,6203383.0,73306848.0
2011-05-31,11.77,11.9,11.87,11.72,5845841.0,69086768.0
2011-05-30,11.72,11.89,11.77,11.7,6877344.0,81135576.0
2011-05-27,11.74,11.89,11.74,11.73,6039368.0,71246136.0
2011-05-26,11.89,11.95,11.75,11.73,7001512.0,82929528.0
2011-05-25,12.07,12.07,11.82,11.8,5832550.0,69462176.0
2011-05-24,12.01,12.08,12.01,11.94,6941221.0,83362824.0
2011-05-23,12.35,12.38,12.01,12.01,9943473.0,120572824.0
2011-05-20,12.31,12.47,12.4,12.27,9528099.0,118117928.0
2011-05-19,12.4,12.44,12.27,12.22,8967609.0,110493672.0
2011-05-17,12.09,12.33,12.25,12.04,10512705.0,128255480.0
2011-05-16,12.3,12.3,12.1,12.05,13996374.0,170239120.0
2011-05-13,12.23,12.41,12.35,12.1,11987031.0,146676480.0
2011-05-12,12.32,12.41,12.2,12.17,11051697.0,136029120.0
2011-05-11,12.44,12.48,12.36,12.33,8526215.0,105715016.0
2011-05-10,12.33,12.44,12.42,12.25,8017839.0,99182256.0
2011-05-09,12.36,12.47,12.32,12.23,7419659.0,91686608.0
2011-05-06,12.4,12.52,12.34,12.3,10597080.0,131167560.0
2011-05-05,12.4,12.58,12.49,12.3,7734532.0,96220584.0
2011-05-04,12.9,12.9,12.42,12.42,14619805.0,184343056.0
2011-05-03,12.86,13.02,12.94,12.82,7977899.0,103016480.0
2011-04-29,13.21,13.26,12.92,12.72,15908199.0,204833984.0
2011-04-28,13.44,13.75,13.2,13.13,20851860.0,281830432.0
2011-04-27,13.56,13.72,13.36,13.3,16563709.0,224660736.0
2011-04-26,13.45,13.76,13.65,13.4,19680578.0,267893040.0
2011-04-25,13.32,13.59,13.46,13.31,11152237.0,150024480.0
2011-04-22,13.42,13.51,13.37,13.31,6889067.0,92305888.0
2011-04-21,13.35,13.5,13.47,13.3,7587395.0,101801848.0
2011-04-20,13.42,13.55,13.31,13.23,9374589.0,125277920.0
2011-04-19,13.61,13.64,13.37,13.3,14939435.0,201137040.0
2011-04-18,13.8,13.88,13.68,13.65,15274692.0,209625056.0
2011-04-15,13.72,13.94,13.86,13.67,14583048.0,201225200.0
2011-04-14,13.79,13.95,13.8,13.71,21336360.0,295030144.0
2011-04-13,13.41,13.8,13.8,13.37,16300917.0,222009824.0
2011-04-12,13.57,13.68,13.41,13.35,13256948.0,178532176.0
2011-04-11,13.69,13.85,13.58,13.54,16885696.0,231193120.0
2011-04-08,13.72,13.85,13.72,13.63,16275785.0,223022432.0
2011-04-07,13.78,13.97,13.75,13.66,21805348.0,300545248.0
2011-04-06,13.7,13.97,13.78,13.7,34364508.0,476366560.0
2011-04-01,13.32,13.65,13.63,13.26,15324427.0,207381072.0
2011-03-31,13.59,13.6,13.3,13.25,13166932.0,176193264.0
2011-03-30,13.46,13.77,13.58,13.45,30623758.0,417691584.0
2011-03-29,13.27,13.75,13.46,13.22,30527338.0,412775680.0
2011-03-28,13.43,13.72,13.28,13.27,27147974.0,366629856.0
2011-03-25,13.15,13.43,13.37,13.1,29798788.0,396826176.0
2011-03-24,13.28,13.29,13.08,13.07,12768588.0,167877600.0
2011-03-23,13.15,13.34,13.25,13.11,16258843.0,215288240.0
2011-03-22,13.08,13.3,13.22,12.91,21664862.0,285578304.0
2011-03-21,12.85,13.02,12.98,12.8,11183715.0,144741088.0
2011-03-18,12.8,12.95,12.88,12.8,10962737.0,141292352.0
2011-03-17,12.84,12.94,12.78,12.71,13523564.0,173328960.0
2011-03-16,12.8,13.05,12.99,12.68,18763402.0,241170144.0
2011-03-15,13.1,13.1,12.83,12.66,20852544.0,267104752.0
2011-03-14,12.96,13.2,13.1,12.95,12523804.0,163701088.0
2011-03-11,13.1,13.25,12.98,12.96,16304385.0,213589264.0
2011-03-10,13.4,13.41,13.16,13.05,24153846.0,318050560.0
2011-03-09,13.58,13.65,13.49,13.42,14445987.0,195371744.0
2011-03-08,13.57,13.67,13.58,13.4,19880756.0,268730432.0
2011-03-07,13.58,13.95,13.56,13.51,31179732.0,426822944.0
2011-03-04,13.43,13.65,13.55,13.22,35414468.0,476479136.0
2011-03-03,13.15,13.8,13.4,13.03,81450248.0,1100573440.0
2011-03-02,12.7,13.36,13.13,12.63,66455856.0,872571840.0
2011-03-01,12.61,12.96,12.79,12.58,33530184.0,428503680.0
2011-02-28,12.51,12.63,12.56,12.35,15733607.0,196782176.0
2011-02-25,12.44,12.64,12.47,12.29,14649214.0,182747968.0
2011-02-24,12.35,12.53,12.44,12.25,14299402.0,176842400.0
2011-02-23,12.4,12.46,12.37,12.32,11977569.0,148212320.0
2011-02-22,12.81,12.86,12.4,12.38,26460004.0,333567872.0
2011-02-21,12.6,12.82,12.8,12.58,20144404.0,256019808.0
2011-02-18,12.98,13.07,12.79,12.76,20813460.0,268240320.0
2011-02-17,12.87,13.36,13.02,12.8,36007456.0,470887872.0
2011-02-16,12.7,12.91,12.83,12.69,21491784.0,274576032.0
2011-02-15,12.82,13.03,12.78,12.73,31293196.0,401577952.0
2011-02-14,12.42,12.98,12.86,12.39,38786836.0,493058272.0
2011-02-11,12.3,12.46,12.39,12.24,19361452.0,238600240.0
2011-02-10,12.18,12.4,12.4,12.11,16566147.0,202970800.0
2011-02-09,12.5,12.63,12.2,12.16,16720153.0,207085072.0
2011-02-01,12.54,12.59,12.51,12.38,11203179.0,140088240.0
2011-01-31,12.53,12.64,12.49,12.33,14555859.0,181357776.0
2011-01-28,12.66,12.7,12.53,12.43,12473110.0,156307680.0
2011-01-27,12.42,12.74,12.71,12.33,19060420.0,239590352.0
2011-01-26,12.61,12.69,12.62,12.47,11183031.0,140641248.0
2011-01-25,12.3,12.68,12.59,12.27,16921498.0,212097808.0
2011-01-24,12.34,12.55,12.36,12.16,14222222.0,175555808.0
2011-01-21,12.0,12.75,12.3,11.98,21887764.0,270670496.0
2011-01-20,12.42,12.42,12.02,12.0,16779276.0,204279904.0
2011-01-19,12.32,12.52,12.49,12.08,18366202.0,225897504.0
2011-01-18,12.25,12.52,12.32,12.21,13301129.0,164594832.0
2011-01-17,12.9,13.0,12.35,12.24,27398210.0,346440928.0
2011-01-13,13.59,13.59,13.23,13.21,25621484.0,342606048.0
2011-01-12,13.35,13.54,13.5,13.12,37335040.0,498534912.0
2011-01-11,12.85,13.39,13.35,12.77,36134192.0,473667104.0
2011-01-10,13.05,13.28,12.89,12.88,33836808.0,441205472.0
2011-01-07,12.69,13.65,13.2,12.55,79661392.0,1052538368.0
2011-01-06,12.6,12.81,12.7,12.53,19228860.0,243728992.0
2011-01-05,12.6,12.87,12.62,12.56,23929642.0,303664480.0
2011-01-04,12.42,12.94,12.75,12.3,39160584.0,497331168.0
