date,open,high,close,low,volume,amount
2015-12-31,18.12,18.33,17.99,17.91,72164923.0,1308243670.0
2015-12-30,17.9,18.3,18.26,17.55,71266569.0,1275675597.0
2015-12-29,17.83,17.97,17.94,17.71,36577477.0,651978499.0
2015-12-28,18.35,18.39,17.84,17.8,48737935.0,876240574.0
2015-12-25,18.22,18.36,18.33,18.2,48926300.0,894866182.0
2015-12-24,18.18,18.31,18.14,18.01,37409208.0,678405120.0
2015-12-23,18.28,18.71,18.19,18.17,108842856.0,2005574272.0
2015-12-22,18.14,18.32,18.27,18.06,94006477.0,1712026828.0
2015-12-21,17.43,18.45,18.23,17.35,152603072.0,2749053952.0
2015-12-18,17.09,18.06,17.52,17.04,156986560.0,2766475776.0
2015-12-17,17.0,17.12,17.1,16.95,50191056.0,856073280.0
2015-12-16,17.08,17.09,16.96,16.87,30786340.0,521687776.0
2015-12-15,17.03,17.06,17.03,16.9,46157832.0,784493824.0
2015-12-14,16.75,17.09,17.06,16.5,94142192.0,1575700864.0
2015-12-11,17.23,17.26,16.92,16.66,114185616.0,1927210880.0
2015-12-10,17.39,17.65,17.26,17.21,44071740.0,767406848.0
2015-12-09,17.33,17.59,17.39,17.32,44067092.0,767061477.0
2015-12-08,17.3,17.62,17.42,17.18,45180100.0,786526016.0
2015-12-07,17.2,17.45,17.4,17.15,43689457.0,757778134.0
2015-12-04,17.6,17.69,17.25,17.13,51544536.0,895112320.0
2015-12-03,17.8,17.98,17.78,17.61,71516047.0,1272599587.0
2015-12-02,17.13,17.99,17.91,17.05,102164736.0,1800174848.0
2015-12-01,17.28,17.28,17.11,16.91,39788453.0,678415739.0
2015-11-30,17.07,17.32,17.2,16.98,55002024.0,940653568.0
2015-11-27,17.51,17.51,17.04,16.9,67955528.0,1168267264.0
2015-11-26,17.79,17.92,17.53,17.5,63766044.0,1127051648.0
2015-11-25,17.85,17.85,17.73,17.56,66101172.0,1169696256.0
2015-11-24,18.23,18.23,17.88,17.7,62211096.0,1111420160.0
2015-11-23,18.16,18.34,18.19,18.12,47651032.0,869174144.0
2015-11-20,18.15,18.29,18.15,18.11,36231272.0,659327808.0
2015-11-19,18.08,18.25,18.2,18.05,32778244.0,594877184.0
2015-11-18,18.23,18.45,18.16,18.0,47020960.0,854764928.0
2015-11-17,18.2,18.45,18.14,18.08,58690616.0,1073245504.0
2015-11-16,18.01,18.17,18.1,17.93,34169052.0,616059264.0
2015-11-13,18.13,18.34,18.14,18.09,35960744.0,653641216.0
2015-11-12,18.55,18.57,18.27,18.17,43502784.0,796449664.0
2015-11-11,18.64,18.64,18.44,18.31,50167496.0,925608704.0
2015-11-10,18.85,18.99,18.64,18.56,85968192.0,1608819584.0
2015-11-09,18.75,19.98,19.08,18.75,202697168.0,3926534144.0
2015-11-06,18.53,18.71,18.68,18.3,95910096.0,1778266496.0
2015-11-05,18.3,19.08,18.57,18.18,177602368.0,3329491968.0
2015-11-04,17.97,18.39,18.36,17.85,62343816.0,1133352832.0
2015-11-03,17.84,18.06,17.9,17.84,34258848.0,616527488.0
2015-11-02,17.78,18.04,17.83,17.78,27526694.0,492637312.0
2015-10-30,17.79,18.08,17.93,17.78,43475424.0,780550592.0
2015-10-29,17.85,17.93,17.81,17.8,27189186.0,485101152.0
2015-10-28,17.96,17.99,17.86,17.82,35544196.0,636052160.0
2015-10-27,18.08,18.13,18.04,17.88,37451196.0,673297472.0
2015-10-26,18.33,18.35,18.07,17.98,65191820.0,1182859648.0
2015-10-23,18.26,18.36,18.19,18.08,46374400.0,842709760.0
2015-10-22,18.42,18.48,18.29,18.22,43201464.0,791243648.0
2015-10-21,18.18,18.98,18.69,18.02,89199312.0,1636226560.0
2015-10-20,18.3,18.41,18.22,18.05,37834104.0,688780800.0
2015-10-19,18.56,18.56,18.25,18.19,55653064.0,1019756288.0
2015-10-16,18.4,18.79,18.58,18.33,67386056.0,1255251072.0
2015-10-15,17.93,18.51,18.34,17.8,79188952.0,1448179840.0
2015-10-14,17.86,18.1,17.85,17.81,28905264.0,519124192.0
2015-10-13,18.16,18.24,18.06,18.01,43079672.0,779474432.0
2015-10-12,17.96,18.28,18.19,17.79,60847888.0,1099989888.0
2015-10-09,17.95,18.2,17.96,17.83,30962816.0,557496960.0
2015-10-08,18.2,18.26,17.73,17.6,49182336.0,881085504.0
2015-09-30,17.5,17.91,17.77,17.39,54828280.0,972151296.0
2015-09-29,17.25,17.51,17.44,17.25,30162100.0,522340032.0
2015-09-28,17.56,17.67,17.51,17.47,21257676.0,373021856.0
2015-09-25,17.5,17.87,17.72,17.22,46496008.0,812576128.0
2015-09-24,17.88,17.89,17.52,17.41,40028864.0,703968000.0
2015-09-23,17.8,18.13,17.73,17.58,47881416.0,854955648.0
2015-09-22,17.65,18.1,17.96,17.52,61256088.0,1099849984.0
2015-09-21,17.6,17.75,17.57,17.41,51032928.0,896607936.0
2015-09-18,17.52,17.96,17.71,17.52,55779288.0,994981760.0
2015-09-17,17.7,18.12,17.56,17.52,72462096.0,1290899328.0
2015-09-16,17.9,18.21,17.88,17.48,92456984.0,1649211136.0
2015-09-15,17.94,18.25,18.01,17.65,159682112.0,2859988224.0
2015-09-14,17.1,18.41,18.35,16.75,238728464.0,4224243712.0
2015-09-11,17.1,17.31,17.12,16.97,58833748.0,1010033536.0
2015-09-10,16.6,17.35,17.29,16.5,141952544.0,2422977024.0
2015-09-09,16.79,16.79,16.75,16.53,88645504.0,1476979456.0
2015-09-08,16.16,16.97,16.65,16.05,99744304.0,1648957696.0
2015-09-07,16.55,16.6,16.16,16.03,89992304.0,1473089792.0
2015-09-02,16.45,17.08,16.77,16.3,173011248.0,2894747136.0
2015-09-01,16.88,17.38,16.84,16.71,177645568.0,3032538112.0
2015-08-31,17.17,17.24,17.05,16.62,142554704.0,2418625024.0
2015-08-28,17.49,17.85,17.3,17.05,197787584.0,3448948736.0
2015-08-27,16.38,17.7,17.63,15.81,250420464.0,4189866496.0
2015-08-26,14.7,16.18,16.09,14.63,249867584.0,3881032448.0
2015-08-25,14.51,15.34,14.71,14.01,198865776.0,2938765568.0
2015-08-24,16.1,16.34,14.98,14.89,219566784.0,3350255360.0
2015-08-21,16.71,16.95,16.54,16.22,102036288.0,1688909952.0
2015-08-20,16.92,16.97,16.81,16.71,73389712.0,1235705216.0
2015-08-19,17.04,17.17,17.13,16.68,120889448.0,2033145088.0
2015-08-18,17.34,17.47,16.8,16.68,118951192.0,2037802240.0
2015-08-17,17.58,17.65,17.33,17.2,85898648.0,1489369728.0
2015-08-14,17.91,17.95,17.74,17.68,61911328.0,1100300800.0
2015-08-13,18.16,18.16,17.85,17.65,70580928.0,1259620096.0
2015-08-12,17.9,18.2,17.9,17.85,69756264.0,1256297728.0
2015-08-11,18.49,18.5,18.2,18.01,119158096.0,2170867968.0
2015-08-10,18.12,18.66,18.62,17.95,146451824.0,2680856832.0
2015-08-07,18.1,18.47,18.29,18.06,97611656.0,1785386368.0
2015-08-06,17.82,18.55,18.12,17.8,104721648.0,1915869952.0
2015-08-05,18.06,18.22,17.91,17.85,63786792.0,1152536448.0
2015-08-04,17.96,18.2,18.15,17.82,88969864.0,1605609728.0
2015-08-03,17.2,18.22,18.09,17.05,237198560.0,4231772160.0
2015-07-31,17.1,17.38,17.3,16.94,120903560.0,2073334784.0
2015-07-30,17.15,17.33,16.98,16.98,110541304.0,1898233856.0
2015-07-29,17.04,17.27,17.16,16.9,151816224.0,2598864640.0
2015-07-28,16.57,17.35,17.04,16.44,293059392.0,4980539904.0
2015-07-27,17.75,17.88,16.7,16.67,207240544.0,3616867840.0
2015-07-24,18.0,18.19,17.9,17.82,168639888.0,3035791104.0
2015-07-23,17.76,18.04,17.94,17.56,154940896.0,2773616128.0
2015-07-22,17.91,18.0,17.85,17.73,147100272.0,2626580224.0
2015-07-21,18.27,18.5,18.08,18.01,141710096.0,2577185024.0
2015-07-20,18.26,18.49,18.44,18.05,191305536.0,3502137600.0
2015-07-17,18.35,18.43,18.36,18.01,184194960.0,3358838016.0
2015-07-16,18.48,18.49,18.15,17.8,227738304.0,4140280064.0
2015-07-15,17.78,18.51,18.48,17.71,370764544.0,6703076864.0
2015-07-14,18.02,18.18,17.87,17.51,355834784.0,6336410112.0
2015-07-13,18.51,18.88,18.31,18.04,389268448.0,7160449024.0
2015-07-10,18.57,20.25,18.99,18.3,707202240.0,13746919424.0
2015-07-09,17.5,19.95,19.0,16.85,588626880.0,10872359936.0
2015-07-08,19.0,20.8,18.41,18.19,943293184.0,18287187968.0
2015-07-07,18.6,20.5,20.21,18.0,873948864.0,16915629056.0
2015-07-06,19.0,19.0,18.82,18.19,814689728.0,15128545280.0
2015-07-03,17.98,18.34,17.61,16.9,407322720.0,7192690688.0
2015-07-02,18.81,19.18,18.65,17.95,524774688.0,9814648832.0
2015-07-01,18.33,18.66,18.21,18.06,293674272.0,5395012608.0
2015-06-30,17.6,19.0,18.72,17.6,491095680.0,8983116800.0
2015-06-29,17.7,18.29,17.43,16.13,472020608.0,8278080000.0
2015-06-26,18.16,18.68,17.4,16.86,393568224.0,7050535936.0
2015-06-25,19.49,19.59,18.44,18.31,327306816.0,6251707392.0
2015-06-24,18.65,19.08,18.93,18.2,273133792.0,5088378880.0
2015-06-23,18.06,19.0,18.87,17.72,287932256.0,5301457920.0
2015-06-19,19.0,19.09,18.0,17.9,250030784.0,4661571072.0
2015-06-18,19.2,19.35,18.79,18.73,211448976.0,4014580480.0
2015-06-17,19.62,19.77,19.43,19.28,252739376.0,4925319168.0
2015-06-16,19.5,19.8,19.29,19.0,244464736.0,4736893952.0
2015-06-15,20.48,20.73,19.5,19.33,321220960.0,6411293696.0
2015-06-12,20.58,20.77,20.31,20.1,245179408.0,5002958848.0
2015-06-11,20.57,20.8,20.36,20.07,227111584.0,4624733696.0
2015-06-10,20.51,21.17,20.47,20.36,252920832.0,5237249024.0
2015-06-09,21.15,21.7,20.83,20.61,366124480.0,7755194368.0
2015-06-08,20.04,21.2,21.13,19.61,515964160.0,10671410176.0
2015-06-05,20.99,21.21,19.99,19.51,377712448.0,7651487744.0
2015-06-04,19.44,20.65,20.44,18.92,495979040.0,9920531456.0
2015-06-03,19.0,19.6,19.45,18.55,358509088.0,6871298560.0
2015-06-02,18.82,19.14,18.95,18.53,254037664.0,4801441280.0
2015-06-01,17.92,18.99,18.83,17.62,280927296.0,5176270848.0
2015-05-29,17.97,18.2,18.07,17.45,261551008.0,4689434624.0
2015-05-28,19.06,19.13,17.92,17.85,292942368.0,5429786112.0
2015-05-27,19.21,19.52,19.07,18.82,241168304.0,4623215616.0
2015-05-26,19.24,19.39,19.2,18.92,282892928.0,5411636736.0
2015-05-25,19.0,19.36,19.22,19.0,328933088.0,6306117120.0
2015-05-22,18.33,18.71,18.7,18.21,311985408.0,5778315264.0
2015-05-21,18.24,18.49,18.16,17.91,197171536.0,3591569664.0
2015-05-20,17.63,18.6,18.04,17.61,354080256.0,6396818944.0
2015-05-19,16.85,17.69,17.63,16.79,249232784.0,4332748800.0
2015-05-18,17.01,17.18,16.85,16.84,159945728.0,2726765056.0
2015-05-15,17.42,17.66,17.16,16.9,214743216.0,3714982912.0
2015-05-14,17.55,17.8,17.49,17.4,184443824.0,3238528768.0
2015-05-13,17.87,17.98,17.54,17.43,226209360.0,4015189248.0
2015-05-12,17.82,17.94,17.77,17.56,223925200.0,3974051840.0
2015-05-11,17.51,17.95,17.91,17.34,277208096.0,4867456512.0
2015-05-08,17.78,18.1,17.7,17.4,218683280.0,3889491456.0
2015-05-07,17.51,17.94,17.69,17.41,221369712.0,3929052928.0
2015-05-06,17.6,18.0,17.54,17.3,261290544.0,4625262592.0
2015-05-05,18.05,18.1,17.45,17.21,268345408.0,4737518080.0
2015-05-04,18.23,18.35,18.16,18.02,213403792.0,3868502784.0
2015-04-30,18.5,18.8,18.22,18.19,266457344.0,4920839680.0
2015-04-29,18.6,18.86,18.48,18.41,373807968.0,6951257088.0
2015-04-28,18.42,19.23,18.36,18.1,509425728.0,9496380416.0
2015-04-27,17.8,18.6,18.44,17.8,407263584.0,7467653120.0
2015-04-24,17.88,18.1,17.7,17.41,291759968.0,5184168960.0
2015-04-23,18.5,18.67,18.17,18.07,273771776.0,5015812096.0
2015-04-22,18.47,18.5,18.41,18.06,340839648.0,6247865344.0
2015-04-21,17.96,18.18,18.17,17.82,263542432.0,4748971520.0
2015-04-20,18.7,18.7,17.81,17.6,530851104.0,9699567616.0
2015-04-17,18.96,19.45,18.32,18.28,543675520.0,10204445696.0
2015-04-16,17.87,18.84,18.81,17.76,404986592.0,7365508096.0
2015-04-15,17.43,18.29,17.87,17.36,437486048.0,7851853312.0
2015-04-14,17.97,17.97,17.48,17.37,658547712.0,11626313728.0
2015-04-13,17.23,17.23,17.23,17.23,55307304.0,952944896.0
2015-04-02,15.9,15.98,15.66,15.45,238955504.0,3744579584.0
2015-04-01,15.59,15.91,15.73,15.55,243966112.0,3830336768.0
2015-03-31,15.95,16.41,15.57,15.45,402562176.0,6407352320.0
2015-03-30,15.42,15.83,15.74,15.3,304476416.0,4760224256.0
2015-03-27,15.22,15.43,15.26,15.1,154287072.0,2350890752.0
2015-03-26,15.08,15.42,15.22,14.98,180799344.0,2750283776.0
2015-03-25,15.42,15.52,15.16,15.06,216753840.0,3310645760.0
2015-03-24,15.78,15.8,15.56,15.54,263719120.0,4123151616.0
2015-03-23,15.82,15.89,15.79,15.63,246274048.0,3881893376.0
2015-03-20,15.67,15.96,15.69,15.33,314995776.0,4929184256.0
2015-03-19,15.74,15.9,15.68,15.47,234590048.0,3665620480.0
2015-03-18,15.41,15.77,15.74,15.35,246058512.0,3827652096.0
2015-03-17,15.41,15.5,15.41,15.25,239492448.0,3679377664.0
2015-03-16,15.27,15.46,15.36,15.04,221860256.0,3387764736.0
2015-03-13,15.17,15.55,15.1,15.03,281304224.0,4299112448.0
2015-03-12,14.75,15.43,15.13,14.59,383002880.0,5746567168.0
2015-03-11,14.35,14.73,14.45,14.31,168184848.0,2440617984.0
2015-03-10,14.49,14.59,14.29,14.23,186295648.0,2677735424.0
2015-03-09,14.06,14.87,14.68,13.8,316125120.0,4551188992.0
2015-03-06,13.92,14.09,14.05,13.91,102177376.0,1432408192.0
2015-03-05,14.04,14.11,13.91,13.81,173548560.0,2421469952.0
2015-03-04,14.33,14.33,14.21,14.1,125920704.0,1787542400.0
2015-03-03,14.48,14.51,14.17,14.15,174417632.0,2494347008.0
2015-03-02,14.78,14.83,14.57,14.41,219237344.0,3192258816.0
2015-02-27,14.7,15.0,14.7,14.65,145616496.0,2157812736.0
2015-02-26,14.29,14.73,14.67,14.19,155956624.0,2262725632.0
2015-02-25,14.5,14.54,14.3,14.18,126747640.0,1821660416.0
2015-02-17,14.45,14.61,14.52,14.41,92371312.0,1343475200.0
2015-02-16,14.4,14.49,14.46,14.3,133387520.0,1920460672.0
2015-02-13,14.62,14.85,14.63,14.51,150471472.0,2211523584.0
2015-02-12,14.69,14.7,14.57,14.38,80748088.0,1173109248.0
2015-02-11,14.69,14.79,14.64,14.56,93584112.0,1372191488.0
2015-02-10,14.47,14.75,14.66,14.33,153525984.0,2238448128.0
2015-02-09,14.25,14.54,14.41,14.0,171924704.0,2454553600.0
2015-02-06,14.28,14.58,14.25,14.15,163835584.0,2356073472.0
2015-02-05,15.0,15.05,14.32,14.3,337061696.0,4973382144.0
2015-02-04,14.6,14.72,14.3,14.28,129621464.0,1886445056.0
2015-02-03,14.35,14.6,14.57,14.2,174884320.0,2516020224.0
2015-02-02,13.98,14.3,14.09,13.86,155786832.0,2200454400.0
2015-01-30,14.43,14.62,14.34,14.2,181808720.0,2625624576.0
2015-01-29,14.31,14.43,14.37,14.15,177530688.0,2541569536.0
2015-01-28,14.6,14.84,14.53,14.41,174144816.0,2541837312.0
2015-01-27,15.05,15.1,14.71,14.45,256941920.0,3785792768.0
2015-01-26,15.19,15.24,15.03,14.87,178096448.0,2671404544.0
2015-01-23,15.23,15.5,15.17,15.11,249422656.0,3814173184.0
2015-01-22,15.3,15.31,15.13,14.96,215666288.0,3267085568.0
2015-01-21,14.8,15.47,15.3,14.59,347044064.0,5208894976.0
2015-01-20,14.75,14.98,14.64,14.34,304480896.0,4468888064.0
2015-01-19,14.62,15.4,14.63,14.62,499040608.0,7432124928.0
2015-01-16,16.27,16.5,16.24,16.07,312550720.0,5096707072.0
2015-01-15,15.71,16.19,16.18,15.6,264684160.0,4216830720.0
2015-01-14,15.57,15.9,15.71,15.5,227140864.0,3573843456.0
2015-01-13,15.52,15.78,15.43,15.35,170251616.0,2646920704.0
2015-01-12,15.7,15.9,15.6,15.2,287002784.0,4465050112.0
2015-01-09,15.56,16.56,15.71,15.36,461363488.0,7356771840.0
2015-01-08,16.25,16.34,15.57,15.53,292921120.0,4621825024.0
2015-01-07,16.2,16.56,16.16,15.94,296169600.0,4806397440.0
2015-01-06,16.4,17.2,16.42,16.29,426877248.0,7100974592.0
2015-01-05,16.56,17.07,16.68,16.25,500187136.0,8302084608.0
2014-12-31,15.64,16.62,16.59,15.46,667128960.0,10694251520.0
2014-12-30,15.39,15.84,15.68,15.31,391195840.0,6098380288.0
2014-12-29,15.89,16.23,15.29,15.01,529036768.0,8302399488.0
2014-12-26,14.88,15.38,15.34,14.71,422937952.0,6383178752.0
2014-12-25,14.51,14.97,14.76,14.34,368029472.0,5389584896.0
2014-12-24,15.0,15.01,14.3,14.0,399070464.0,5760088576.0
2014-12-23,15.1,15.66,15.03,14.63,434808480.0,6650627072.0
2014-12-22,15.0,16.0,15.37,14.93,566435584.0,8786102272.0
2014-12-19,14.75,15.16,14.92,14.46,349429344.0,5197509632.0
2014-12-18,15.12,15.2,14.73,14.6,416116608.0,6197378560.0
2014-12-17,14.25,15.47,15.1,13.98,843193408.0,12458079232.0
2014-12-16,13.59,14.21,14.2,13.48,382798048.0,5336939520.0
2014-12-15,13.71,13.71,13.62,13.31,235485568.0,3178107392.0
2014-12-12,14.04,14.44,13.91,13.62,376947328.0,5295825408.0
2014-12-11,14.29,14.96,14.24,13.92,595906304.0,8598092800.0
2014-12-10,13.16,14.2,14.12,12.55,547208960.0,7346901504.0
2014-12-09,13.7,14.6,13.04,12.7,759492416.0,10657924096.0
2014-12-08,13.8,14.25,13.96,13.42,720427968.0,10009732096.0
2014-12-05,13.9,14.5,13.95,13.3,639778560.0,8897229824.0
2014-12-04,12.85,13.88,13.64,12.7,487620288.0,6530002432.0
2014-12-03,12.76,13.13,12.65,12.39,423086048.0,5419273728.0
2014-12-02,11.97,13.0,12.7,11.93,386134816.0,4800513024.0
2014-12-01,12.16,12.55,12.11,11.91,365772864.0,4468664320.0
2014-11-28,11.39,12.3,12.15,11.25,505203456.0,5995502080.0
2014-11-27,11.4,11.56,11.4,11.24,256569648.0,2924452608.0
2014-11-26,11.12,11.36,11.33,11.09,278657824.0,3133243136.0
2014-11-25,10.85,11.21,11.11,10.81,221952208.0,2438717440.0
2014-11-24,10.67,10.95,10.86,10.63,197935184.0,2134532992.0
2014-11-21,10.62,10.85,10.8,10.56,122719768.0,1314595712.0
2014-11-20,10.6,10.69,10.59,10.55,87099944.0,924188544.0
2014-11-19,10.61,10.68,10.64,10.6,61748524.0,656843456.0
2014-11-18,10.81,10.84,10.63,10.57,111028744.0,1185806976.0
2014-11-17,11.02,11.08,10.8,10.8,98593224.0,1075277824.0
2014-11-14,10.93,10.98,10.92,10.78,88559224.0,962463808.0
2014-11-13,11.02,11.16,10.97,10.91,154652992.0,1704236416.0
2014-11-12,10.91,11.0,10.99,10.81,138587200.0,1510470528.0
2014-11-11,10.79,11.24,11.02,10.77,373721120.0,4110827520.0
2014-11-10,10.74,10.8,10.76,10.6,139327824.0,1489651200.0
2014-11-07,10.55,10.79,10.57,10.51,142603808.0,1515546368.0
2014-11-06,10.59,10.59,10.55,10.51,50113268.0,528946976.0
2014-11-05,10.58,10.62,10.51,10.5,58082464.0,612081152.0
2014-11-04,10.67,10.67,10.6,10.57,81087056.0,859952832.0
2014-11-03,10.85,10.87,10.69,10.66,107585376.0,1153897984.0
2014-10-31,10.51,10.92,10.8,10.5,230966256.0,2473009920.0
2014-10-30,10.39,10.52,10.47,10.36,98486736.0,1027105408.0
2014-10-29,10.29,10.45,10.38,10.27,94817768.0,981755264.0
2014-10-28,10.19,10.29,10.28,10.16,84195336.0,860058048.0
2014-10-27,10.33,10.34,10.16,10.13,89750544.0,918395776.0
2014-10-24,10.4,10.45,10.36,10.35,65830724.0,684756992.0
2014-10-23,10.36,10.44,10.39,10.35,73475824.0,764449856.0
2014-10-22,10.37,10.43,10.36,10.35,69087720.0,717813696.0
2014-10-21,10.39,10.42,10.37,10.36,51776720.0,537789440.0
2014-10-20,10.42,10.43,10.39,10.35,45123720.0,468389568.0
2014-10-17,10.39,10.45,10.37,10.32,57961760.0,601332608.0
2014-10-16,10.37,10.52,10.39,10.34,86060720.0,898740480.0
2014-10-15,10.34,10.42,10.42,10.31,52451448.0,543927104.0
2014-10-14,10.39,10.44,10.36,10.34,54272144.0,563688128.0
2014-10-13,10.41,10.47,10.42,10.35,65139328.0,676177856.0
2014-10-10,10.41,10.52,10.47,10.39,73045312.0,761639360.0
2014-10-09,10.45,10.54,10.45,10.4,81206640.0,849495680.0
2014-10-08,10.41,10.46,10.45,10.35,80876672.0,841797696.0
2014-09-30,10.41,10.44,10.39,10.36,53937512.0,560313600.0
2014-09-29,10.45,10.48,10.4,10.36,74808872.0,778930624.0
2014-09-26,10.47,10.51,10.45,10.4,42616236.0,444799616.0
2014-09-25,10.65,10.66,10.5,10.46,73618408.0,777900992.0
2014-09-24,10.34,10.6,10.57,10.33,85953088.0,901598400.0
2014-09-23,10.35,10.43,10.39,10.31,51796848.0,537216320.0
2014-09-22,10.56,10.57,10.36,10.32,78671056.0,820337536.0
2014-09-19,10.56,10.64,10.62,10.53,59631608.0,631467584.0
2014-09-18,10.53,10.66,10.57,10.49,77294560.0,816814720.0
2014-09-17,10.65,10.66,10.58,10.52,61592008.0,651655936.0
2014-09-16,10.63,10.75,10.58,10.56,83101208.0,884221952.0
2014-09-15,10.61,10.66,10.62,10.56,58219152.0,617237568.0
2014-09-12,10.61,10.7,10.69,10.58,37288832.0,396399552.0
2014-09-11,10.7,10.81,10.63,10.62,77092888.0,824640192.0
2014-09-10,10.7,10.79,10.71,10.66,47045208.0,504221920.0
2014-09-09,10.93,10.97,10.8,10.79,52675616.0,571253568.0
2014-09-05,10.86,10.95,10.93,10.85,71109744.0,775337088.0
2014-09-04,10.79,10.87,10.83,10.72,58184196.0,627802368.0
2014-09-03,10.68,10.84,10.78,10.66,82178688.0,885389888.0
2014-09-02,10.56,10.72,10.69,10.47,85066328.0,899627584.0
2014-09-01,10.59,10.61,10.54,10.5,44664648.0,471342240.0
2014-08-29,10.53,10.57,10.56,10.45,31151612.0,327255968.0
2014-08-28,10.57,10.57,10.47,10.43,53249296.0,558340416.0
2014-08-27,10.56,10.63,10.57,10.51,37205732.0,392871936.0
2014-08-26,10.58,10.64,10.6,10.53,37654564.0,398686432.0
2014-08-25,10.72,10.74,10.58,10.53,40054004.0,424399040.0
2014-08-22,10.56,10.73,10.71,10.53,40205576.0,429221792.0
2014-08-21,10.72,10.72,10.6,10.51,54942372.0,581428160.0
2014-08-20,10.74,10.78,10.72,10.68,35076988.0,375835712.0
2014-08-19,10.8,10.82,10.78,10.7,42085720.0,452326976.0
2014-08-18,10.8,10.88,10.8,10.76,48283316.0,521746272.0
2014-08-15,10.73,10.86,10.79,10.67,57498428.0,619359104.0
2014-08-14,10.83,10.93,10.74,10.67,90536120.0,972743104.0
2014-08-13,10.91,11.0,10.83,10.8,62901988.0,683507712.0
2014-08-12,10.98,11.03,10.91,10.87,56007016.0,611588224.0
2014-08-11,10.86,11.12,11.08,10.84,61489280.0,676379264.0
2014-08-08,10.79,10.85,10.83,10.69,58870028.0,633995200.0
2014-08-07,10.93,11.07,10.74,10.72,75661752.0,821957632.0
2014-08-06,11.1,11.1,10.98,10.9,85425496.0,938016192.0
2014-08-05,11.24,11.25,11.18,11.11,63237688.0,705835008.0
2014-08-04,11.02,11.25,11.25,11.0,81192512.0,904460992.0
2014-08-01,11.03,11.32,11.02,10.99,96819248.0,1076877952.0
2014-07-31,10.93,11.08,11.07,10.89,69896000.0,767160064.0
2014-07-30,11.03,11.17,10.99,10.92,88811448.0,979789760.0
2014-07-29,10.98,11.14,11.03,10.91,106117120.0,1168891136.0
2014-07-28,10.58,11.03,10.97,10.58,178057216.0,1939612928.0
2014-07-25,10.38,10.5,10.49,10.37,77555584.0,809852288.0
2014-07-24,10.07,10.4,10.34,10.07,141612832.0,1460972672.0
2014-07-23,9.97,10.13,10.07,9.96,78775424.0,794073408.0
2014-07-22,9.82,10.06,9.98,9.79,90924264.0,905711744.0
2014-07-21,9.79,9.82,9.81,9.75,30666748.0,300017760.0
2014-07-18,9.74,9.83,9.79,9.72,45872984.0,449290944.0
2014-07-17,9.79,9.79,9.74,9.71,29921280.0,291821824.0
2014-07-16,9.78,9.84,9.79,9.74,45693064.0,447191936.0
2014-07-15,9.75,9.79,9.78,9.71,44903196.0,437770976.0
2014-07-14,9.69,9.75,9.75,9.64,46443376.0,450155968.0
2014-07-11,9.65,9.74,9.69,9.63,48873744.0,473621408.0
2014-07-10,10.25,10.32,10.26,10.25,42521272.0,436831168.0
2014-07-09,10.36,10.37,10.24,10.22,50446108.0,519080032.0
2014-07-07,10.34,10.36,10.32,10.3,32183068.0,332206208.0
2014-07-04,10.33,10.37,10.34,10.31,32935544.0,340479296.0
2014-07-03,10.27,10.35,10.34,10.25,55189520.0,569267392.0
2014-07-02,10.23,10.28,10.26,10.22,38268456.0,392486560.0
2014-07-01,10.25,10.28,10.23,10.2,33859664.0,346594400.0
2014-06-30,10.18,10.26,10.24,10.18,39066696.0,399105984.0
2014-06-27,10.21,10.26,10.18,10.16,40741152.0,415510400.0
2014-06-26,10.17,10.28,10.24,10.15,37108956.0,379071520.0
2014-06-25,10.18,10.19,10.14,10.11,30674436.0,310961056.0
2014-06-24,10.1,10.19,10.18,10.09,31811464.0,323067136.0
2014-06-23,10.21,10.22,10.1,10.09,41342112.0,419972064.0
2014-06-20,10.2,10.24,10.21,10.15,45240168.0,461205792.0
2014-06-19,10.3,10.32,10.19,10.15,44841296.0,458547136.0
2014-06-18,10.32,10.37,10.25,10.24,42768144.0,441140928.0
2014-06-17,10.38,10.38,10.32,10.27,50260416.0,518131488.0
2014-06-16,10.23,10.46,10.39,10.17,90740224.0,937827584.0
2014-06-13,10.06,10.27,10.22,10.05,71212184.0,725381632.0
2014-06-12,10.1,10.12,10.07,10.04,33885392.0,341458400.0
2014-06-11,10.12,10.19,10.12,10.07,37211960.0,376400128.0
2014-06-10,10.06,10.16,10.15,9.99,69402568.0,699032640.0
2014-06-09,9.96,10.14,10.0,9.96,42459304.0,426219840.0
2014-06-06,10.16,10.16,10.0,9.94,57542196.0,576728448.0
2014-06-05,10.12,10.18,10.16,10.03,39944412.0,403018016.0
2014-06-04,10.19,10.2,10.1,10.06,27462646.0,277448832.0
2014-06-03,10.14,10.27,10.18,10.07,36299532.0,369877120.0
2014-05-30,10.15,10.24,10.15,10.13,22071496.0,224765216.0
2014-05-29,10.22,10.25,10.15,10.15,39560876.0,403560352.0
2014-05-28,10.11,10.21,10.2,10.09,45123040.0,458678208.0
2014-05-27,10.08,10.17,10.11,10.05,40848480.0,413653728.0
2014-05-26,10.15,10.16,10.08,10.04,36080832.0,364689568.0
2014-05-23,9.99,10.08,10.07,9.96,25365522.0,254501408.0
2014-05-22,9.95,10.1,9.96,9.93,34599000.0,346700960.0
2014-05-21,9.81,9.97,9.95,9.81,20692494.0,205035392.0
2014-05-20,9.87,9.93,9.88,9.83,25492972.0,251840080.0
2014-05-19,10.0,10.02,9.86,9.79,50974452.0,503707200.0
2014-05-16,10.03,10.07,10.03,9.98,38020072.0,381636832.0
2014-05-15,9.99,10.04,9.98,9.96,26320372.0,263260416.0
2014-05-14,10.0,10.06,9.99,9.97,28490402.0,285183168.0
2014-05-13,10.03,10.04,9.99,9.96,24024604.0,240029856.0
2014-05-12,9.96,10.08,10.03,9.92,46585064.0,466818880.0
2014-05-09,9.93,9.98,9.91,9.89,28961356.0,287586112.0
2014-05-08,9.86,10.04,9.89,9.83,34742436.0,344841536.0
2014-05-07,9.87,9.92,9.86,9.85,33178236.0,327641184.0
2014-05-06,9.92,10.0,9.87,9.85,24992188.0,247781584.0
2014-05-05,10.0,10.02,9.94,9.79,56011296.0,554555904.0
2014-04-30,10.12,10.14,10.03,10.02,38465224.0,386563168.0
2014-04-29,10.08,10.15,10.11,9.99,55927384.0,562876288.0
2014-04-28,10.14,10.17,10.06,9.98,57743208.0,580640192.0
2014-04-25,10.08,10.24,10.07,9.99,72827008.0,738460736.0
2014-04-24,9.97,10.11,9.99,9.92,41519736.0,416229408.0
2014-04-23,9.93,10.03,9.93,9.91,39664468.0,395213888.0
2014-04-22,9.84,9.98,9.94,9.82,39771332.0,393671392.0
2014-04-21,9.96,10.06,9.84,9.82,45225072.0,449874816.0
2014-04-18,10.03,10.1,10.01,9.93,44941880.0,449241248.0
2014-04-17,10.15,10.19,10.09,10.07,24985544.0,252693872.0
2014-04-16,10.05,10.17,10.11,10.02,32300028.0,326676288.0
2014-04-15,10.25,10.27,10.06,10.01,55898832.0,565140288.0
2014-04-14,10.39,10.48,10.31,10.22,44536084.0,459224768.0
2014-04-11,10.4,10.45,10.39,10.3,83700448.0,867866624.0
2014-04-10,10.2,10.58,10.41,10.13,125741024.0,1303872128.0
2014-04-09,10.23,10.29,10.18,10.16,49546200.0,505351296.0
2014-04-08,9.95,10.39,10.24,9.95,125647536.0,1279344640.0
2014-04-04,9.84,9.96,9.95,9.8,28983716.0,286708992.0
2014-04-03,10.0,10.05,9.88,9.85,37611536.0,374082272.0
2014-04-02,9.88,10.01,9.97,9.86,46973144.0,466611136.0
2014-04-01,9.81,9.93,9.88,9.78,40553528.0,400451168.0
2014-03-31,9.85,9.9,9.82,9.72,53922088.0,529273312.0
2014-03-28,9.79,9.92,9.86,9.77,67562392.0,665062144.0
2014-03-27,9.8,9.93,9.79,9.67,72840168.0,714877696.0
2014-03-26,9.82,9.85,9.8,9.77,33632720.0,329655904.0
2014-03-25,9.84,9.9,9.79,9.76,41901548.0,410810464.0
2014-03-24,9.85,9.88,9.84,9.74,79845088.0,784583232.0
2014-03-21,9.46,9.9,9.84,9.44,114371952.0,1111471744.0
2014-03-20,9.55,9.63,9.46,9.45,36331308.0,346938432.0
2014-03-19,9.56,9.56,9.55,9.49,30535982.0,290635392.0
2014-03-18,9.58,9.68,9.59,9.56,44802740.0,430280096.0
2014-03-17,9.63,9.66,9.59,9.52,35278656.0,338292928.0
2014-03-14,9.64,9.64,9.56,9.5,57744624.0,551561344.0
2014-03-13,9.64,9.86,9.67,9.58,70061792.0,680872320.0
2014-03-12,9.46,9.67,9.61,9.42,58695528.0,560385920.0
2014-03-11,9.47,9.53,9.49,9.41,41346048.0,391277504.0
2014-03-10,9.61,9.63,9.47,9.45,70913112.0,675011712.0
2014-03-07,9.73,9.84,9.68,9.65,54820328.0,533628736.0
2014-03-06,9.62,9.78,9.73,9.6,54930368.0,532547456.0
2014-03-05,9.77,9.77,9.63,9.62,57911136.0,560459200.0
2014-03-04,9.8,9.8,9.75,9.66,74867864.0,727027904.0
2014-03-03,9.86,9.89,9.82,9.77,78309944.0,768373312.0
2014-02-28,10.0,10.06,9.93,9.83,62775984.0,623305280.0
2014-02-27,10.04,10.06,10.02,9.88,64157272.0,640432192.0
2014-02-26,9.9,10.08,10.02,9.89,42355052.0,422574592.0
2014-02-25,10.1,10.14,9.94,9.88,84310728.0,845056320.0
2014-02-24,10.27,10.27,10.08,10.05,84429832.0,854470080.0
2014-02-21,10.35,10.45,10.32,10.26,51432636.0,531421696.0
2014-02-20,10.51,10.61,10.35,10.34,66654632.0,697343040.0
2014-02-19,10.32,10.59,10.51,10.28,109595304.0,1143138304.0
2014-02-18,10.51,10.51,10.32,10.3,71937160.0,746349568.0
2014-02-17,10.6,10.64,10.51,10.47,61964768.0,652124672.0
2014-02-14,10.53,10.58,10.52,10.45,42266000.0,443898432.0
2014-02-13,10.47,10.75,10.53,10.43,97138128.0,1027621696.0
2014-02-12,10.57,10.65,10.51,10.48,53802792.0,566714752.0
2014-02-11,10.4,10.74,10.57,10.33,108473384.0,1144880512.0
2014-02-10,10.37,10.44,10.43,10.35,54295944.0,564956992.0
2014-02-07,10.3,10.37,10.33,10.24,32083538.0,329823168.0
2014-01-30,10.49,10.49,10.36,10.32,26539270.0,275494784.0
2014-01-29,10.48,10.56,10.51,10.44,28538160.0,299746176.0
2014-01-28,10.35,10.47,10.44,10.34,39757824.0,414104448.0
2014-01-27,10.4,10.43,10.33,10.28,47078704.0,486900288.0
2014-01-24,10.48,10.56,10.43,10.39,52264196.0,546511680.0
2014-01-23,10.67,10.71,10.52,10.49,38634112.0,408076160.0
2014-01-22,10.56,10.78,10.7,10.48,50123656.0,533545792.0
2014-01-21,10.54,10.68,10.53,10.48,25159216.0,266298800.0
2014-01-20,10.51,10.6,10.47,10.42,27537862.0,289251392.0
2014-01-17,10.53,10.58,10.57,10.41,51874536.0,543888512.0
2014-01-16,10.59,10.63,10.55,10.52,27592438.0,291872544.0
2014-01-15,10.72,10.75,10.59,10.53,35573396.0,377633056.0
2014-01-14,10.85,10.92,10.75,10.65,44867888.0,482287744.0
2014-01-13,10.82,10.98,10.88,10.73,77971600.0,848646208.0
2014-01-10,10.69,10.82,10.8,10.61,62914096.0,676364224.0
2014-01-09,10.61,10.76,10.7,10.61,48223380.0,515210304.0
2014-01-08,10.52,10.69,10.63,10.46,49293748.0,522881088.0
2014-01-07,10.33,10.54,10.52,10.28,54256384.0,566113088.0
2014-01-06,10.5,10.52,10.46,10.32,65397032.0,680128064.0
2014-01-03,10.65,10.68,10.51,10.4,58529808.0,615117120.0
2014-01-02,10.84,10.86,10.73,10.67,53256488.0,571763456.0
2013-12-31,10.47,11.12,10.89,10.46,296546944.0,3237763072.0
2013-12-30,10.37,10.64,10.6,10.29,104179952.0,1085120256.0
2013-12-27,10.21,10.41,10.31,10.16,70565496.0,727168128.0
2013-12-26,10.29,10.3,10.15,10.15,51417496.0,524651648.0
2013-12-25,10.21,10.31,10.31,10.09,94276712.0,958772160.0
2013-12-24,10.35,10.36,10.17,10.1,91931960.0,942523776.0
2013-12-23,10.41,10.45,10.27,10.25,78142544.0,808123264.0
2013-12-20,10.73,10.75,10.33,10.3,103316528.0,1084806784.0
2013-12-19,10.84,10.88,10.7,10.68,65703816.0,707572736.0
2013-12-18,10.63,10.86,10.79,10.62,74702560.0,803345536.0
2013-12-17,10.65,10.74,10.63,10.61,57884912.0,617628992.0
2013-12-16,10.71,10.82,10.62,10.61,87015744.0,932522240.0
2013-12-13,10.76,10.84,10.7,10.65,97408280.0,1045591552.0
2013-12-12,11.0,11.16,10.92,10.92,79924552.0,883957376.0
2013-12-11,11.11,11.18,11.02,11.0,110548784.0,1225071488.0
2013-12-10,11.1,11.18,11.09,10.99,101602576.0,1124642432.0
2013-12-09,10.98,11.01,10.9,10.88,50928252.0,556052416.0
2013-12-06,11.0,11.01,10.98,10.87,61369548.0,670861184.0
2013-12-05,11.13,11.15,11.04,10.99,62644772.0,691618304.0
2013-12-04,11.07,11.25,11.13,11.03,83213232.0,928299392.0
2013-12-03,11.1,11.15,11.1,11.01,58863296.0,652339456.0
2013-12-02,10.9,11.25,11.14,10.88,130731776.0,1448882944.0
2013-11-29,10.99,11.02,10.91,10.88,48143872.0,526013152.0
2013-11-28,10.89,11.07,10.93,10.84,71508496.0,784421760.0
2013-11-27,10.84,11.0,10.86,10.76,72902144.0,793518336.0
2013-11-26,10.84,10.91,10.83,10.8,45184776.0,489637504.0
2013-11-25,10.95,11.05,10.82,10.81,55419952.0,606068160.0
2013-11-22,10.98,11.05,10.98,10.88,99751016.0,1093041280.0
2013-11-21,10.9,10.98,10.97,10.74,101948920.0,1107262464.0
2013-11-20,11.11,11.17,10.95,10.87,91608000.0,1006411328.0
2013-11-19,11.3,11.34,11.02,10.93,140792720.0,1563731712.0
2013-11-18,10.44,11.39,11.34,10.41,273536096.0,2978025984.0
2013-11-15,10.31,10.53,10.35,10.29,77615896.0,808827136.0
2013-11-14,10.4,10.4,10.26,10.24,49775908.0,512375168.0
2013-11-13,10.59,10.62,10.33,10.32,85772648.0,892881152.0
2013-11-12,10.58,10.69,10.68,10.53,58961248.0,625010624.0
2013-11-11,10.6,10.65,10.53,10.51,42903448.0,453035072.0
2013-11-08,10.68,10.73,10.58,10.56,43305320.0,461067456.0
2013-11-07,10.62,10.71,10.7,10.61,38116328.0,406577728.0
2013-11-06,10.67,10.72,10.62,10.61,49210076.0,524440992.0
2013-11-05,10.79,10.79,10.75,10.58,64112424.0,685035392.0
2013-11-04,10.99,11.01,10.8,10.79,40641768.0,442218784.0
2013-11-01,10.87,10.95,10.91,10.79,68540520.0,746239936.0
2013-10-31,10.91,10.92,10.74,10.73,69779224.0,754370304.0
2013-10-30,10.9,10.92,10.91,10.75,78734192.0,855045312.0
2013-10-29,10.64,11.06,10.85,10.64,138530880.0,1502964736.0
2013-10-28,10.62,10.64,10.62,10.55,29512278.0,312652832.0
2013-10-25,10.6,10.78,10.61,10.55,64707868.0,690208832.0
2013-10-24,10.68,10.75,10.63,10.6,52902784.0,563986304.0
2013-10-23,10.68,10.9,10.68,10.63,64499408.0,693735296.0
2013-10-22,10.74,10.76,10.63,10.6,41517120.0,442237056.0
2013-10-21,10.63,10.8,10.76,10.55,48094672.0,513801824.0
2013-10-18,10.63,10.72,10.63,10.6,32417604.0,345615776.0
2013-10-17,10.78,10.8,10.6,10.59,45498176.0,486115168.0
2013-10-16,10.73,10.82,10.73,10.68,51254152.0,550416960.0
2013-10-15,10.83,10.85,10.73,10.7,57593116.0,619820032.0
2013-10-14,10.95,10.98,10.8,10.76,62165188.0,674276672.0
2013-10-11,10.89,11.02,10.94,10.81,74539536.0,814697856.0
2013-10-10,10.96,10.97,10.78,10.72,50014868.0,541470720.0
2013-10-09,10.9,11.1,10.96,10.82,49703416.0,544836800.0
2013-10-08,10.93,10.96,10.91,10.71,49739784.0,540080448.0
2013-09-30,10.88,10.97,10.92,10.84,42535132.0,464022336.0
2013-09-27,10.73,10.81,10.8,10.7,34902840.0,375127104.0
2013-09-26,10.82,10.83,10.76,10.61,60827756.0,650682176.0
2013-09-25,10.88,11.06,10.84,10.81,65975844.0,719786112.0
2013-09-24,11.2,11.2,10.88,10.82,82797424.0,905216768.0
2013-09-23,11.21,11.34,11.19,11.08,79801736.0,893657024.0
2013-09-18,11.25,11.32,11.15,11.08,67293584.0,757308672.0
2013-09-17,11.75,11.75,11.19,11.18,110665608.0,1258523648.0
2013-09-16,11.98,12.0,11.65,11.5,105856384.0,1237443712.0
2013-09-13,11.86,12.03,11.82,11.71,114843024.0,1360865408.0
2013-09-12,11.61,12.19,11.91,11.48,192631520.0,2285150976.0
2013-09-11,11.61,11.84,11.62,11.53,136234352.0,1589758720.0
2013-09-10,11.58,11.76,11.63,11.44,138818272.0,1611118464.0
2013-09-09,11.05,11.68,11.58,11.01,226690992.0,2589324288.0
2013-09-06,10.63,10.96,10.89,10.61,81162152.0,872375296.0
2013-09-05,10.7,10.75,10.66,10.61,117901456.0,1260903552.0
2013-08-27,10.6,10.7,10.66,10.52,103525520.0,1096806144.0
2013-08-26,10.51,10.71,10.7,10.37,132250072.0,1391616256.0
2013-08-23,10.9,10.99,10.56,10.35,118158968.0,1255450624.0
2013-08-22,10.9,11.15,10.91,10.88,46575028.0,512270688.0
2013-08-21,11.11,11.13,10.93,10.87,39480928.0,432670080.0
2013-08-20,11.09,11.36,11.03,10.97,81543904.0,910438144.0
2013-08-19,10.86,11.25,11.12,10.79,68019216.0,749488384.0
2013-08-16,11.01,12.14,10.99,10.76,151349936.0,1708117888.0
2013-08-15,11.15,11.24,11.04,11.03,39585572.0,442036384.0
2013-08-14,11.18,11.34,11.15,11.11,54414112.0,610890304.0
2013-08-13,11.05,11.21,11.15,11.02,65007180.0,723604800.0
2013-08-12,10.8,11.06,11.05,10.69,81975024.0,896354816.0
2013-08-09,10.84,10.9,10.69,10.55,42253600.0,452598144.0
2013-08-08,10.7,10.93,10.75,10.69,42651728.0,460570976.0
2013-08-07,10.76,10.91,10.72,10.7,38069384.0,411065824.0
2013-08-06,10.78,10.88,10.76,10.68,40097632.0,431419264.0
2013-08-05,10.82,10.9,10.85,10.72,29081460.0,313861664.0
2013-08-02,10.93,11.06,10.81,10.77,36088536.0,394147520.0
2013-08-01,10.69,10.9,10.87,10.63,47089860.0,508365088.0
2013-07-31,10.8,10.95,10.6,10.57,33973040.0,363813600.0
2013-07-30,10.58,10.79,10.68,10.52,49021260.0,521396800.0
2013-07-29,10.6,10.61,10.49,10.4,46625264.0,488458880.0
2013-07-26,10.8,10.8,10.74,10.65,30576488.0,328006272.0
2013-07-25,10.94,11.06,10.83,10.75,41472020.0,450453984.0
2013-07-24,10.85,11.04,10.9,10.68,64957736.0,703058432.0
2013-07-23,10.92,11.29,11.06,10.81,55201376.0,613854016.0
2013-07-22,10.7,10.89,10.85,10.57,56804352.0,610322304.0
2013-07-19,11.2,11.28,10.92,10.88,55832848.0,617765440.0
2013-07-18,11.36,11.5,11.18,11.11,53560320.0,599859968.0
2013-07-17,11.6,11.65,11.4,11.38,52624792.0,605064960.0
2013-07-16,11.64,11.64,11.63,11.41,61861192.0,712310016.0
2013-07-15,11.74,11.91,11.65,11.55,67469648.0,789286784.0
2013-07-12,12.0,12.11,11.62,11.5,90111928.0,1063540480.0
2013-07-11,11.35,12.43,12.15,11.35,160521712.0,1916691200.0
2013-07-10,11.2,11.35,11.32,11.06,41429764.0,463874272.0
2013-07-09,11.02,11.25,11.16,10.98,49418896.0,548827328.0
2013-07-08,11.15,11.22,11.03,10.98,46495080.0,514504512.0
2013-07-05,11.25,11.35,11.27,11.13,37591500.0,423780576.0
2013-07-04,11.26,11.49,11.24,11.1,53058540.0,599276032.0
2013-07-03,11.18,11.45,11.35,10.97,60519632.0,675330176.0
2013-07-02,11.38,11.46,11.21,11.02,63906564.0,714282176.0
2013-07-01,11.5,11.61,11.38,11.2,48482144.0,551215424.0
2013-06-28,10.92,11.64,11.6,10.85,116872096.0,1327338624.0
2013-06-27,10.74,10.98,10.92,10.69,72290048.0,783616960.0
2013-06-26,11.03,11.04,10.66,10.53,93892920.0,1006917440.0
2013-06-25,10.8,11.03,10.92,10.0,128040672.0,1368236672.0
2013-06-24,11.63,11.63,10.93,10.76,118147120.0,1301685376.0
2013-06-21,11.3,11.77,11.71,11.18,70320816.0,813131648.0
2013-06-20,11.96,11.96,11.47,11.4,63295616.0,736010496.0
2013-06-19,12.2,12.2,11.98,11.9,39840016.0,478168032.0
2013-06-18,12.14,12.31,12.2,12.13,34491028.0,422338624.0
2013-06-17,12.23,12.32,12.1,12.09,31388706.0,382560896.0
2013-06-14,12.25,12.3,12.21,12.12,58036664.0,708580352.0
2013-06-13,12.4,12.4,12.32,11.82,81035312.0,978996608.0
2013-06-07,13.18,13.34,13.17,13.1,68048616.0,898343488.0
2013-06-06,13.34,13.39,13.18,13.01,67156040.0,881621824.0
2013-06-05,13.75,13.76,13.36,13.19,61817060.0,832117504.0
2013-06-04,13.74,13.89,13.75,13.6,78089912.0,1073577728.0
2013-06-03,13.58,13.89,13.77,13.57,70140472.0,965797120.0
2013-05-31,13.59,13.82,13.58,13.53,45658536.0,624284288.0
2013-05-30,13.58,13.69,13.58,13.45,46826224.0,635522368.0
2013-05-29,13.79,13.89,13.61,13.58,59622732.0,819883072.0
2013-05-28,13.35,13.8,13.76,13.32,85149216.0,1153115648.0
2013-05-27,13.48,13.57,13.39,13.32,49964608.0,671859968.0
2013-05-24,13.57,13.72,13.51,13.42,55498940.0,752285760.0
2013-05-23,13.9,13.95,13.52,13.51,104392720.0,1430513536.0
2013-05-22,13.58,14.0,13.99,13.58,140450112.0,1939563904.0
2013-05-21,13.8,13.81,13.57,13.46,106905784.0,1454002688.0
2013-05-20,13.86,14.1,13.86,13.64,124578800.0,1728294016.0
2013-05-17,13.87,13.93,13.86,13.62,101619272.0,1401815040.0
2013-05-16,13.55,13.94,13.87,13.41,151766848.0,2083974656.0
2013-05-15,13.32,13.65,13.59,13.25,109663144.0,1476330880.0
2013-05-14,13.18,13.36,13.33,13.1,152786048.0,2025053952.0
2013-05-13,12.74,13.21,13.19,12.59,174515136.0,2271013376.0
2013-05-10,12.4,12.78,12.75,12.37,97604080.0,1232382720.0
2013-05-09,12.54,12.58,12.33,12.24,44652236.0,553251648.0
2013-05-08,12.48,12.65,12.5,12.44,54553572.0,683945984.0
2013-05-07,12.47,12.53,12.49,12.38,36789008.0,458536448.0
2013-05-06,12.4,12.65,12.53,12.38,50270560.0,630075264.0
2013-05-03,12.16,12.55,12.35,12.12,68956536.0,855915328.0
2013-05-02,12.1,12.12,12.1,11.95,46973420.0,565173888.0
2013-04-26,12.28,12.34,12.15,12.11,33018250.0,403023200.0
2013-04-25,12.24,12.35,12.22,12.08,49654384.0,605731456.0
2013-04-24,12.15,12.45,12.3,12.08,50028544.0,612410048.0
2013-04-23,12.65,12.65,12.14,12.05,85782680.0,1047585600.0
2013-04-22,12.53,12.64,12.59,12.52,59032936.0,742446976.0
2013-04-19,12.21,12.84,12.62,12.15,159685248.0,1988992512.0
2013-04-18,12.05,12.3,12.16,12.01,57567756.0,697392896.0
2013-04-17,12.33,12.35,12.16,12.1,43182872.0,525913408.0
2013-04-16,12.2,12.4,12.35,12.14,55597508.0,681018176.0
2013-04-15,12.3,12.4,12.25,12.19,33325316.0,408924576.0
2013-04-12,12.39,12.46,12.28,12.26,28710372.0,354460000.0
2013-04-11,12.56,12.64,12.39,12.36,33431484.0,416800096.0
2013-04-10,12.58,12.65,12.44,12.38,30295476.0,377830464.0
2013-04-09,12.69,12.78,12.59,12.51,48341348.0,611102720.0
2013-04-08,12.44,12.69,12.61,12.4,51753968.0,650242816.0
2013-04-03,12.6,12.98,12.79,12.58,63290888.0,808928704.0
2013-04-02,12.48,12.75,12.56,12.37,55765380.0,700652096.0
2013-04-01,12.49,12.61,12.4,12.34,41277652.0,513973440.0
2013-03-29,12.19,12.74,12.63,12.12,102332904.0,1272875648.0
2013-03-28,12.4,12.4,12.13,11.7,126617152.0,1535552256.0
2013-03-27,12.66,12.92,12.77,12.66,45729312.0,584254912.0
2013-03-26,12.9,12.95,12.69,12.58,61902648.0,786734144.0
2013-03-25,13.2,13.28,12.98,12.94,55900140.0,730187072.0
2013-03-22,13.19,13.25,13.13,13.05,44108736.0,579895296.0
2013-03-21,13.14,13.22,13.13,13.06,64556356.0,848701312.0
2013-03-20,12.63,13.17,13.14,12.61,134323328.0,1745000320.0
2013-03-19,12.45,12.67,12.6,12.45,54739580.0,686425536.0
2013-03-18,12.48,12.7,12.48,12.4,65953712.0,827700032.0
2013-03-15,12.68,13.19,12.57,12.44,136157296.0,1735409920.0
2013-03-14,12.64,12.88,12.67,12.55,47569824.0,603558016.0
2013-03-13,12.9,13.03,12.67,12.6,65982796.0,843335616.0
2013-03-12,13.12,13.3,12.9,12.75,69609904.0,906390208.0
2013-03-11,13.21,13.23,13.12,12.96,48343688.0,634664576.0
2013-03-08,13.15,13.48,13.33,12.93,92994368.0,1230262784.0
2013-03-07,13.37,13.37,13.11,12.99,88818960.0,1171202304.0
2013-03-06,13.37,13.6,13.45,13.14,152953408.0,2050199168.0
2013-03-05,12.33,13.47,13.36,12.33,217489120.0,2799557376.0
2013-03-04,12.85,13.0,12.27,12.17,174787312.0,2202215936.0
2013-03-01,13.3,13.37,13.07,12.81,127952680.0,1676102144.0
2013-02-28,12.9,13.32,13.3,12.78,169686192.0,2213328384.0
2013-02-27,12.76,13.0,12.84,12.58,144114992.0,1843217536.0
2013-02-26,12.89,13.28,12.71,12.65,225425392.0,2929255168.0
2013-02-25,13.15,13.26,13.04,12.99,70980504.0,929263424.0
2013-02-22,13.35,13.38,13.07,13.0,81360032.0,1071160064.0
2013-02-21,13.66,13.68,13.38,12.95,130621608.0,1735828992.0
2013-02-20,13.86,13.91,13.84,13.43,110823616.0,1509286656.0
2013-02-19,13.92,14.06,13.83,13.72,80257520.0,1115544704.0
2013-02-18,14.13,14.27,13.95,13.87,86439408.0,1215568512.0
2013-02-08,14.08,14.18,14.04,13.86,93929728.0,1319909376.0
2013-02-07,14.37,14.37,14.14,13.71,162817792.0,2287383296.0
2013-02-06,14.4,14.52,14.37,14.13,93528960.0,1337984896.0
2013-02-05,14.4,14.54,14.4,14.21,121449784.0,1743222912.0
2013-02-04,14.77,15.01,14.57,14.46,165969008.0,2448320768.0
2013-02-01,14.2,14.84,14.78,14.15,168931696.0,2451809536.0
2013-01-31,14.43,14.49,14.3,14.03,116264672.0,1653013120.0
2013-01-30,14.61,14.64,14.38,14.2,127814352.0,1836901376.0
2013-01-29,14.19,14.8,14.6,14.04,190625568.0,2746660096.0
2013-01-28,13.5,14.34,14.18,13.5,151705856.0,2131062272.0
2013-01-25,13.74,13.83,13.47,13.42,90587120.0,1229494784.0
2013-01-24,14.0,14.5,13.67,13.55,196485216.0,2756418048.0
2013-01-23,13.9,14.11,14.0,13.75,89490096.0,1246132608.0
2013-01-22,13.57,14.09,14.0,13.39,175753488.0,2425268480.0
2013-01-21,13.42,13.7,13.57,13.31,114885952.0,1552341632.0
2013-01-18,13.36,13.5,13.37,13.21,110808832.0,1480397184.0
2013-01-17,13.53,13.54,13.22,13.19,117049832.0,1558604672.0
2013-01-16,13.75,13.82,13.52,13.34,90299888.0,1231280256.0
2013-01-15,13.8,13.88,13.79,13.62,106719960.0,1469440896.0
2013-01-14,13.17,13.97,13.84,13.17,157865888.0,2160111360.0
2013-01-11,13.53,13.64,13.28,13.16,92040120.0,1237367168.0
2013-01-10,13.5,13.7,13.54,13.37,89269432.0,1212029440.0
2013-01-09,13.46,13.62,13.5,13.31,96559072.0,1302109184.0
2013-01-08,13.65,13.83,13.59,13.33,103335616.0,1404489472.0
2013-01-07,13.5,13.83,13.6,13.3,99469544.0,1349911808.0
2013-01-04,13.82,13.97,13.53,13.35,150033648.0,2039552896.0
2012-12-31,12.96,13.8,13.75,12.96,153712032.0,2060790784.0
2012-12-28,12.63,12.98,12.96,12.62,84917360.0,1091049728.0
2012-12-27,12.85,13.02,12.61,12.59,86279792.0,1106929152.0
2012-12-26,12.76,12.94,12.79,12.69,87817696.0,1127460736.0
2012-12-25,12.22,12.95,12.77,12.22,132992448.0,1679327744.0
2012-12-24,11.95,12.41,12.26,11.92,109565552.0,1345537408.0
2012-12-21,12.02,12.06,11.9,11.87,76221360.0,913082880.0
2012-12-20,11.8,12.08,12.0,11.8,82884416.0,988481600.0
2012-12-19,11.85,12.05,11.88,11.8,95351144.0,1140126080.0
2012-12-18,11.68,12.08,11.85,11.63,123379960.0,1469876864.0
2012-12-17,11.75,11.94,11.71,11.63,114367592.0,1345018112.0
2012-12-14,10.93,11.75,11.7,10.92,165003968.0,1884483328.0
2012-12-13,11.03,11.06,10.87,10.85,55584052.0,609383936.0
2012-12-12,10.99,11.21,11.05,10.96,67726904.0,751240832.0
2012-12-11,10.97,11.06,10.99,10.89,70145024.0,770027840.0
2012-12-10,10.85,11.08,10.97,10.75,119013336.0,1301157120.0
2012-12-07,10.46,10.83,10.8,10.44,111933472.0,1198461184.0
2012-12-06,10.4,10.56,10.45,10.38,65843848.0,689223040.0
2012-12-05,10.0,10.45,10.41,9.97,108218768.0,1117951104.0
2012-12-04,9.91,10.01,9.98,9.9,23933388.0,238259792.0
2012-12-03,10.01,10.02,9.91,9.83,35031520.0,347109888.0
2012-11-30,9.98,10.05,10.02,9.9,31279090.0,312092096.0
2012-11-29,9.99,10.04,9.98,9.97,18213096.0,182095456.0
2012-11-28,9.97,10.02,9.97,9.95,28175960.0,281582432.0
2012-11-27,9.97,10.05,9.97,9.96,31331198.0,313271104.0
2012-11-26,9.98,10.02,9.99,9.94,18615218.0,185783024.0
2012-11-23,9.94,10.05,10.03,9.89,28382848.0,283347360.0
2012-11-22,9.9,9.93,9.9,9.86,15471082.0,153066800.0
2012-11-21,9.83,9.94,9.93,9.81,22234440.0,219330192.0
2012-11-20,9.95,10.02,9.83,9.79,21542000.0,212747664.0
2012-11-19,9.96,9.98,9.92,9.89,17315196.0,171846496.0
2012-11-16,10.0,10.07,9.96,9.9,21561266.0,214485152.0
2012-11-15,10.05,10.09,10.02,10.01,15095665.0,151500496.0
2012-11-14,10.06,10.11,10.08,10.04,15939907.0,160559552.0
2012-11-13,10.26,10.27,10.06,10.04,19644728.0,198705312.0
2012-11-12,10.25,10.29,10.26,10.2,25317440.0,259350032.0
2012-11-09,10.17,10.25,10.21,10.16,21043504.0,214755728.0
2012-11-08,10.28,10.32,10.18,10.18,18380784.0,188188304.0
2012-11-07,10.38,10.38,10.34,10.26,16517277.0,170413968.0
2012-11-06,10.43,10.47,10.38,10.22,25616912.0,264401792.0
2012-11-05,10.37,10.49,10.42,10.32,26262182.0,273345088.0
2012-11-02,10.28,10.39,10.37,10.25,28451332.0,293882464.0
2012-11-01,10.08,10.4,10.3,10.08,42058916.0,432036384.0
2012-10-31,10.05,10.11,10.08,10.04,20997492.0,211535312.0
2012-10-30,10.13,10.24,10.07,10.0,30836096.0,310546560.0
2012-10-29,10.25,10.27,10.12,10.04,22386478.0,227127312.0
2012-10-26,10.37,10.43,10.28,10.19,24669424.0,253283840.0
2012-10-25,10.43,10.49,10.37,10.35,19555764.0,203931728.0
2012-10-24,10.4,10.49,10.46,10.4,21624868.0,226046400.0
2012-10-23,10.51,10.6,10.45,10.43,26894888.0,283013792.0
2012-10-22,10.37,10.55,10.51,10.36,28758212.0,301265376.0
2012-10-19,10.5,10.5,10.44,10.4,23865012.0,249625616.0
2012-10-18,10.43,10.54,10.49,10.36,37542684.0,393179680.0
2012-10-17,10.32,10.4,10.36,10.26,29565374.0,305863200.0
2012-10-16,10.29,10.38,10.31,10.21,22984284.0,236742800.0
2012-10-15,10.37,10.38,10.31,10.23,16006440.0,164776432.0
2012-10-12,10.25,10.39,10.36,10.23,40072716.0,414289792.0
2012-10-11,10.19,10.24,10.2,10.1,24139416.0,245864848.0
2012-10-10,10.29,10.29,10.21,10.18,23361348.0,238821184.0
2012-10-09,10.28,10.37,10.29,10.2,43262376.0,446295744.0
2012-10-08,10.15,10.35,10.17,10.11,33008416.0,337697952.0
2012-09-28,10.01,10.18,10.16,9.91,38923064.0,392264640.0
2012-09-27,9.8,10.18,10.08,9.76,50505900.0,505686112.0
2012-09-26,9.86,9.91,9.75,9.75,32514268.0,319732160.0
2012-09-25,9.86,9.89,9.87,9.8,18479084.0,181896720.0
2012-09-24,9.75,9.91,9.86,9.7,33853748.0,331137632.0
2012-09-21,9.74,9.87,9.81,9.68,33379500.0,327072224.0
2012-09-20,9.87,9.9,9.74,9.72,31522856.0,309091424.0
2012-09-19,9.98,9.99,9.87,9.83,36585952.0,362159968.0
2012-09-18,10.1,10.1,9.99,9.96,30412408.0,305847744.0
2012-09-17,10.25,10.26,10.13,10.11,47185016.0,480998592.0
2012-09-14,10.15,10.33,10.25,10.14,57192156.0,585483264.0
2012-09-13,10.11,10.2,10.12,10.01,42635812.0,431742848.0
2012-09-12,10.15,10.22,10.12,10.03,33366528.0,338007616.0
2012-09-11,10.08,10.12,10.12,10.0,34448600.0,346408416.0
2012-09-10,10.13,10.19,10.1,10.02,53268228.0,537083136.0
2012-09-07,9.76,10.18,10.16,9.76,94580848.0,948096832.0
2012-09-06,9.67,9.74,9.73,9.63,39391304.0,381180128.0
2012-09-05,9.84,9.84,9.71,9.57,62754360.0,606649280.0
2012-09-04,10.01,10.02,9.84,9.8,43905128.0,434354560.0
2012-09-03,10.06,10.12,10.01,10.0,37329440.0,374981792.0
2012-08-31,10.13,10.19,10.08,10.07,29287124.0,297407360.0
2012-08-30,9.9,10.15,10.13,9.9,40629376.0,410070208.0
2012-08-29,10.0,10.05,10.02,9.98,25836174.0,258866512.0
2012-08-28,9.84,10.07,10.01,9.81,33101508.0,329951808.0
2012-08-27,9.91,9.94,9.86,9.79,29524572.0,291275744.0
2012-08-24,9.88,9.99,9.92,9.87,32882966.0,327024448.0
2012-08-23,9.9,9.97,9.94,9.85,36770364.0,365020416.0
2012-08-22,9.83,9.9,9.89,9.81,33324352.0,328191872.0
2012-08-21,9.89,9.94,9.81,9.78,36439232.0,358531808.0
2012-08-20,9.93,10.02,9.88,9.82,25097468.0,247692960.0
2012-08-17,9.92,10.05,10.02,9.91,22324064.0,223357072.0
2012-08-16,9.89,9.97,9.92,9.85,19271916.0,190896624.0
2012-08-15,10.17,10.19,9.94,9.93,39470372.0,394577952.0
2012-08-14,10.17,10.24,10.17,10.13,31553216.0,321051648.0
2012-08-13,10.14,10.2,10.15,10.11,38715292.0,393494016.0
2012-08-10,10.1,10.2,10.17,10.09,27065384.0,275363360.0
2012-08-09,10.1,10.1,10.08,10.0,19473828.0,195833152.0
2012-08-08,10.01,10.09,10.07,10.01,28736016.0,289243520.0
2012-08-07,10.01,10.05,10.0,9.98,24008548.0,240145152.0
2012-08-06,10.0,10.07,10.01,9.98,30987052.0,310238144.0
2012-08-03,10.02,10.06,10.0,9.97,25274256.0,252693200.0
2012-08-02,9.96,10.07,10.01,9.93,41041272.0,410615264.0
2012-08-01,9.92,10.0,9.97,9.86,47866224.0,475037536.0
2012-07-31,9.85,9.97,9.92,9.84,41597060.0,412950976.0
2012-07-30,9.8,9.92,9.81,9.75,41689292.0,409827968.0
2012-07-27,9.62,9.86,9.75,9.62,53176024.0,518372384.0
2012-07-26,9.59,9.67,9.59,9.57,29695836.0,285606208.0
2012-07-25,9.57,9.65,9.58,9.54,29141798.0,279943232.0
2012-07-24,9.64,9.71,9.59,9.54,59762140.0,574182464.0
2012-07-23,9.94,9.94,9.69,9.59,78708704.0,763923584.0
2012-07-20,10.09,10.1,9.99,9.96,48634284.0,486155936.0
2012-07-19,10.11,10.15,10.1,10.04,44505824.0,449753600.0
2012-07-18,10.18,10.18,10.11,10.01,34429184.0,346515680.0
2012-07-17,10.08,10.18,10.17,10.07,29134030.0,295683232.0
2012-07-16,10.19,10.27,10.08,10.06,45861208.0,465617632.0
2012-07-13,10.07,10.23,10.17,10.0,46206288.0,468712544.0
2012-07-12,10.06,10.13,10.09,9.89,81043608.0,809607616.0
2012-07-11,10.15,10.16,10.06,9.98,50451464.0,507063584.0
2012-07-10,10.14,10.2,10.16,10.07,47869636.0,485118752.0
2012-07-09,10.52,10.52,10.15,10.02,134789520.0,1380906496.0
2012-07-06,10.61,10.64,10.57,10.46,121860232.0,1284039808.0
2012-07-05,10.91,10.95,10.85,10.8,29503142.0,320276256.0
2012-07-04,10.93,11.0,10.93,10.88,25727176.0,281476896.0
2012-07-03,10.85,10.99,10.89,10.81,31607868.0,344822240.0
2012-07-02,10.96,10.96,10.85,10.79,35434996.0,384038144.0
2012-06-29,10.83,11.0,10.92,10.78,38125964.0,414959840.0
2012-06-28,10.91,10.95,10.82,10.81,33836488.0,368182336.0
2012-06-27,10.96,11.0,10.89,10.87,29439688.0,321260672.0
2012-06-26,10.97,11.06,10.99,10.95,44724940.0,491873024.0
2012-06-25,10.89,11.05,10.99,10.87,54425436.0,598573056.0
2012-06-21,11.03,11.03,10.9,10.86,23749956.0,259603776.0
2012-06-20,11.04,11.12,11.03,10.97,27268924.0,301067904.0
2012-06-19,11.04,11.12,10.99,10.95,33400224.0,368734240.0
2012-06-18,11.15,11.15,11.05,11.02,26305040.0,291047328.0
2012-06-15,10.87,11.17,11.05,10.86,50297608.0,554896384.0
2012-06-14,10.85,10.91,10.86,10.77,43619884.0,472733952.0
2012-06-13,10.85,10.95,10.89,10.79,38013212.0,413336544.0
2012-06-12,10.92,10.92,10.81,10.71,47223604.0,510228256.0
2012-06-11,10.93,10.99,10.95,10.85,34551784.0,377823776.0
2012-06-08,11.18,11.18,10.92,10.86,106658264.0,1167267840.0
2012-06-07,11.42,11.42,11.25,11.24,48697204.0,550110912.0
2012-06-06,11.55,11.71,11.68,11.55,68970152.0,803030016.0
2012-06-05,11.43,11.61,11.54,11.38,62811448.0,722339072.0
2012-06-04,11.57,11.57,11.4,11.37,77398720.0,887681088.0
2012-06-01,11.7,11.73,11.67,11.61,59686816.0,696135360.0
2012-05-31,11.55,11.68,11.66,11.55,74554352.0,865981376.0
2012-05-29,11.66,11.81,11.78,11.59,61386996.0,718537024.0
2012-05-28,11.62,11.68,11.67,11.54,59127180.0,686073344.0
2012-05-25,11.65,11.68,11.61,11.58,30231104.0,350720896.0
2012-05-24,11.73,11.81,11.63,11.61,46652780.0,547128960.0
2012-05-23,11.79,11.82,11.74,11.7,38223072.0,449537344.0
2012-05-22,11.68,11.83,11.81,11.65,41172980.0,484634944.0
2012-05-21,11.58,11.67,11.64,11.53,46862804.0,544058560.0
2012-05-18,11.72,11.72,11.56,11.53,68483832.0,794050304.0
2012-05-17,11.7,11.83,11.79,11.66,42466888.0,498658784.0
2012-05-16,11.82,11.84,11.67,11.65,64746524.0,758737344.0
2012-05-15,11.85,11.89,11.84,11.77,55255360.0,653203840.0
2012-05-14,12.13,12.16,11.89,11.84,67202720.0,804800576.0
2012-05-11,12.07,12.16,12.02,12.01,35395384.0,427334208.0
2012-05-10,12.19,12.19,12.11,12.01,51752024.0,625641728.0
2012-05-09,12.29,12.29,12.12,12.07,76685776.0,933525568.0
2012-05-08,12.4,12.45,12.37,12.28,62407888.0,772462400.0
2012-05-07,12.31,12.45,12.42,12.3,64377120.0,795713536.0
2012-05-04,12.35,12.47,12.41,12.22,62054760.0,766768128.0
2012-05-03,12.41,12.44,12.35,12.28,45998852.0,567916032.0
2012-05-02,12.35,12.48,12.4,12.3,71651376.0,887759040.0
2012-04-27,12.29,12.37,12.2,12.13,35413880.0,432485760.0
2012-04-26,12.31,12.36,12.22,12.12,36400008.0,445601888.0
2012-04-25,12.27,12.4,12.27,12.22,51512920.0,633930880.0
2012-04-24,12.1,12.55,12.3,12.08,95110504.0,1172356224.0
2012-04-23,12.19,12.24,12.1,12.06,38660792.0,469866496.0
2012-04-20,11.93,12.24,12.19,11.92,92190480.0,1117374080.0
2012-04-19,12.0,12.0,11.96,11.91,45691192.0,546431744.0
2012-04-18,11.89,12.02,12.01,11.81,45899848.0,549010560.0
2012-04-17,11.9,11.95,11.85,11.82,22383408.0,265972784.0
2012-04-16,11.96,12.02,11.92,11.88,25471380.0,304097728.0
2012-04-13,12.01,12.12,12.0,11.93,45910104.0,551302528.0
2012-04-12,11.78,12.02,12.01,11.67,64752612.0,768293184.0
2012-04-11,11.75,11.89,11.77,11.7,41559168.0,489513056.0
2012-04-10,11.7,11.86,11.83,11.66,29250720.0,343351776.0
2012-04-09,11.74,11.78,11.68,11.61,25074588.0,293312096.0
2012-04-06,11.83,11.87,11.81,11.7,46468360.0,546424000.0
2012-04-05,11.85,11.95,11.84,11.56,57405900.0,676640960.0
2012-03-30,11.82,11.93,11.9,11.78,39187876.0,465360704.0
2012-03-29,11.81,11.95,11.82,11.78,51308344.0,608219840.0
2012-03-28,12.04,12.08,11.8,11.78,42069692.0,501731392.0
2012-03-27,12.12,12.16,12.03,12.01,28724476.0,346579584.0
2012-03-26,12.07,12.16,12.09,12.01,41347180.0,500165888.0
2012-03-23,12.01,12.08,12.05,11.96,31958564.0,384506336.0
2012-03-22,12.0,12.2,12.05,11.94,36292536.0,437511552.0
2012-03-21,12.09,12.1,12.0,11.93,44544964.0,534595712.0
2012-03-20,12.1,12.17,12.02,11.97,54458748.0,655607040.0
2012-03-19,12.22,12.22,12.13,12.04,54367340.0,659192768.0
2012-03-16,12.25,12.32,12.22,12.09,54969380.0,669730880.0
2012-03-15,12.32,12.45,12.22,12.19,57476752.0,709688384.0
2012-03-14,12.56,12.65,12.31,12.24,95593640.0,1191708544.0
2012-03-13,12.35,12.51,12.47,12.33,46724500.0,581687616.0
2012-03-12,12.48,12.51,12.35,12.27,70869696.0,875848128.0
2012-03-09,12.51,12.56,12.51,12.41,50386244.0,629237248.0
2012-03-08,12.46,12.57,12.46,12.4,51348544.0,640558272.0
2012-03-07,12.51,12.59,12.41,12.4,54436608.0,680404672.0
2012-03-06,12.85,12.85,12.58,12.55,77847496.0,985947648.0
2012-03-05,13.02,13.07,12.87,12.84,71204160.0,922752704.0
2012-03-02,12.91,13.06,13.04,12.87,60713472.0,788822656.0
2012-03-01,12.85,12.96,12.91,12.85,28275484.0,365423552.0
2012-02-29,12.93,12.98,12.87,12.83,52017312.0,671363072.0
2012-02-28,12.85,13.02,12.94,12.84,93061008.0,1203983360.0
2012-02-27,12.9,13.02,12.82,12.8,88034296.0,1135169280.0
2012-02-24,12.71,12.89,12.88,12.65,89662440.0,1143936256.0
2012-02-23,12.78,12.78,12.71,12.67,65599268.0,833923584.0
2012-02-22,12.8,12.8,12.78,12.62,65585852.0,833270400.0
2012-02-21,12.71,12.83,12.75,12.64,38936416.0,496018016.0
2012-02-20,12.94,12.95,12.69,12.68,49654692.0,635441472.0
2012-02-17,12.77,12.78,12.71,12.66,27399852.0,348684576.0
2012-02-16,12.7,12.8,12.64,12.6,48574036.0,615539008.0
2012-02-15,12.61,12.8,12.68,12.56,48476492.0,615152832.0
2012-02-14,12.68,12.69,12.66,12.57,44728208.0,564126720.0
2012-02-13,12.7,12.88,12.69,12.56,57035048.0,726979008.0
2012-02-10,12.92,13.02,12.89,12.8,50538732.0,652053632.0
2012-02-09,12.98,13.06,12.99,12.85,43379992.0,562029568.0
2012-02-08,12.7,13.05,12.99,12.68,43796312.0,565073280.0
2012-02-07,12.77,12.85,12.73,12.64,33547056.0,427096288.0
2012-02-06,12.99,13.06,12.86,12.73,56054580.0,721459200.0
2012-02-03,12.83,13.1,12.98,12.76,65138896.0,845123328.0
2012-02-02,12.51,12.88,12.87,12.44,58651508.0,744135872.0
2012-02-01,12.64,12.69,12.47,12.43,40128600.0,502870464.0
2012-01-31,12.7,12.79,12.65,12.54,30535748.0,386591232.0
2012-01-30,12.99,13.0,12.7,12.69,52378368.0,671158272.0
2012-01-20,12.79,13.0,13.0,12.71,74054728.0,954640960.0
2012-01-19,12.52,12.83,12.7,12.5,65060332.0,826982912.0
2012-01-18,12.7,12.77,12.52,12.43,61443584.0,772296704.0
2012-01-17,12.45,12.8,12.78,12.15,80951392.0,1012433216.0
2012-01-16,12.47,12.58,12.39,12.37,33593204.0,418936960.0
2012-01-13,12.59,12.71,12.49,12.35,48155120.0,603520192.0
2012-01-12,12.47,12.75,12.62,12.42,41419320.0,522004928.0
2012-01-11,12.56,12.65,12.49,12.41,38787032.0,484750528.0
2012-01-10,12.38,12.61,12.56,12.23,89204560.0,1114071680.0
2012-01-09,11.98,12.5,12.38,11.9,96002008.0,1181631360.0
2012-01-06,11.93,12.09,11.99,11.85,54038136.0,646295104.0
2012-01-05,11.7,12.09,11.91,11.67,84084704.0,1006814656.0
2012-01-04,11.95,12.1,11.67,11.63,52260616.0,620703168.0
2011-12-30,11.71,11.96,11.87,11.71,42877368.0,509489824.0
2011-12-29,11.53,11.69,11.66,11.47,31900992.0,369450304.0
2011-12-28,11.67,11.76,11.55,11.43,47014188.0,544702208.0
2011-12-27,11.67,11.76,11.69,11.62,32255696.0,377531968.0
2011-12-26,11.6,11.8,11.67,11.55,26645492.0,311157312.0
2011-12-23,11.68,11.86,11.69,11.59,35267900.0,413821888.0
2011-12-22,11.6,11.75,11.7,11.45,41291440.0,479151488.0
2011-12-21,11.75,11.96,11.59,11.57,39698384.0,468446048.0
2011-12-20,11.62,11.89,11.63,11.59,41819192.0,491358976.0
2011-12-19,11.48,11.69,11.65,11.27,38458276.0,440755776.0
2011-12-16,11.4,11.69,11.62,11.35,45706808.0,525062400.0
2011-12-15,11.65,11.76,11.41,11.4,43356656.0,502325984.0
2011-12-14,11.65,11.83,11.68,11.55,30408112.0,356305056.0
2011-12-13,11.96,12.0,11.66,11.6,51058776.0,602149248.0
2011-12-12,11.9,12.02,11.98,11.82,32076098.0,383094912.0
2011-12-09,11.8,11.98,11.9,11.8,35782724.0,426101024.0
2011-12-08,11.92,12.01,11.9,11.83,40248344.0,480143968.0
2011-12-07,11.78,11.98,11.89,11.75,44383860.0,527973504.0
2011-12-06,11.85,11.95,11.76,11.75,34166000.0,404861216.0
2011-12-05,11.76,11.95,11.87,11.62,51948408.0,615599552.0
2011-12-02,11.58,11.79,11.74,11.54,38206200.0,446493088.0
2011-12-01,11.6,11.93,11.65,11.55,99629480.0,1166590336.0
2011-11-30,11.5,11.55,11.21,11.18,36208632.0,410497600.0
2011-11-29,11.53,11.59,11.56,11.45,25737216.0,296483392.0
2011-11-28,11.52,11.6,11.46,11.41,25095236.0,288372192.0
2011-11-25,11.6,11.6,11.48,11.44,20753822.0,238738592.0
2011-11-24,11.4,11.64,11.58,11.4,32639600.0,377008704.0
2011-11-23,11.57,11.59,11.49,11.36,27610352.0,316909600.0
2011-11-22,11.38,11.57,11.55,11.36,28585632.0,328534176.0
2011-11-21,11.44,11.48,11.42,11.3,20878720.0,237493152.0
2011-11-18,11.51,11.64,11.43,11.36,35568968.0,408315712.0
2011-11-17,11.64,11.67,11.56,11.54,33839572.0,392361664.0
2011-11-16,11.93,11.95,11.64,11.55,56229304.0,659454208.0
2011-11-15,12.05,12.05,11.96,11.92,23329648.0,279112576.0
2011-11-14,11.98,12.15,12.06,11.93,31694808.0,381405952.0
2011-11-11,11.95,12.05,11.88,11.8,30271360.0,360964864.0
2011-11-10,12.08,12.16,11.96,11.93,40678420.0,488989728.0
2011-11-09,12.15,12.25,12.2,12.03,27911336.0,338819584.0
2011-11-08,12.05,12.18,12.11,12.01,30281584.0,366721312.0
2011-11-07,12.25,12.25,12.08,12.04,26839160.0,325681248.0
2011-11-04,12.35,12.39,12.26,12.17,37279004.0,457164448.0
2011-11-03,12.45,12.45,12.19,12.18,59635944.0,731536448.0
2011-11-02,12.0,12.39,12.38,11.96,47261456.0,576343232.0
2011-11-01,12.03,12.42,12.15,12.01,53255988.0,651811584.0
2011-10-31,12.31,12.35,12.1,12.05,50913576.0,618593536.0
2011-10-28,12.3,12.55,12.34,12.25,91980728.0,1140038016.0
2011-10-27,12.11,12.24,12.14,11.99,44089856.0,535015392.0
2011-10-26,12.08,12.18,12.03,11.99,74119112.0,896344576.0
2011-10-25,12.03,12.2,12.13,11.87,86241768.0,1038634752.0
2011-10-24,11.71,12.05,12.05,11.64,80177360.0,955623040.0
2011-10-21,11.55,11.75,11.65,11.45,42296760.0,492704000.0
2011-10-20,11.55,11.66,11.51,11.41,43347712.0,499537952.0
2011-10-19,11.61,11.74,11.64,11.56,27212250.0,316792192.0
2011-10-18,11.77,11.85,11.57,11.51,40850480.0,476284160.0
2011-10-17,11.69,11.98,11.88,11.67,63249728.0,750162944.0
2011-10-14,11.58,11.75,11.68,11.44,47011524.0,545351872.0
2011-10-13,11.56,11.65,11.62,11.42,53681928.0,621393856.0
2011-10-12,11.11,11.68,11.57,11.09,82798744.0,952485504.0
2011-10-11,11.37,11.45,11.19,11.04,72460592.0,818837120.0
2011-10-10,11.06,11.14,10.99,10.91,26532950.0,292021376.0
2011-09-30,11.04,11.26,11.06,11.02,51005396.0,568222016.0
2011-09-29,10.9,11.1,11.04,10.83,43731504.0,480333248.0
2011-09-28,11.1,11.19,10.97,10.94,24922200.0,275447808.0
2011-09-27,10.99,11.15,11.05,10.89,42284832.0,465927392.0
2011-09-26,11.14,11.3,10.9,10.85,54069872.0,596926400.0
2011-09-23,11.21,11.39,11.21,11.05,56306096.0,629316288.0
2011-09-22,11.6,11.64,11.33,11.3,54084040.0,619022144.0
2011-09-21,11.45,11.77,11.69,11.37,47294268.0,550827520.0
2011-09-20,11.49,11.55,11.44,11.35,20500924.0,234604576.0
2011-09-19,11.57,11.6,11.43,11.4,30138762.0,345454272.0
2011-09-16,11.7,11.75,11.66,11.56,35428140.0,413632576.0
2011-09-15,11.65,11.76,11.59,11.58,26375196.0,307732288.0
2011-09-14,11.7,11.74,11.61,11.47,33319946.0,386832032.0
2011-09-13,11.68,11.73,11.65,11.58,32540834.0,379196416.0
2011-09-08,11.9,11.93,11.81,11.79,28011338.0,332240896.0
2011-09-07,11.65,11.89,11.83,11.63,39818760.0,469015200.0
2011-09-06,11.57,11.76,11.6,11.49,41800912.0,484724384.0
2011-09-05,11.8,11.86,11.7,11.64,36752728.0,431142240.0
2011-09-02,11.99,12.03,11.91,11.79,31700080.0,377145824.0
2011-09-01,11.86,12.1,12.02,11.86,51720968.0,620439680.0
2011-08-31,11.82,11.98,11.85,11.75,36813860.0,436809536.0
2011-08-30,11.81,12.06,11.79,11.76,58796976.0,699691520.0
2011-08-29,11.96,11.96,11.77,11.68,72255192.0,850133376.0
2011-08-26,12.07,12.17,12.12,12.01,40715864.0,492170080.0
2011-08-25,11.72,12.25,12.17,11.71,127237560.0,1533060480.0
2011-08-24,11.83,11.93,11.64,11.63,32098712.0,378951968.0
2011-08-23,11.59,11.78,11.77,11.54,34187388.0,399552768.0
2011-08-22,11.49,11.76,11.56,11.46,36486104.0,421945760.0
2011-08-19,11.48,11.59,11.5,11.45,36594768.0,421094240.0
2011-08-18,11.92,11.98,11.63,11.6,32681206.0,385913760.0
2011-08-17,11.99,12.03,11.92,11.87,36353048.0,434332832.0
2011-08-16,11.98,12.18,11.95,11.88,68912448.0,829459584.0
2011-08-15,11.66,12.06,11.99,11.56,94709016.0,1119030656.0
2011-08-12,11.76,11.76,11.62,11.56,54753148.0,638384000.0
2011-08-11,11.35,11.74,11.67,11.3,60741780.0,704693568.0
2011-08-10,11.73,11.74,11.52,11.49,63088836.0,734433344.0
2011-08-09,11.2,11.55,11.51,11.01,101535648.0,1149224832.0
2011-08-08,11.69,11.76,11.43,11.24,94267056.0,1084623232.0
2011-08-05,11.93,11.93,11.77,11.74,99245368.0,1174633472.0
2011-08-04,12.25,12.36,12.13,12.1,48333224.0,589377536.0
2011-08-03,12.12,12.33,12.17,12.08,32229006.0,393209600.0
2011-08-02,12.15,12.22,12.19,12.05,32337060.0,391831808.0
2011-08-01,12.29,12.4,12.24,12.2,40604912.0,498769408.0
2011-07-29,12.08,12.49,12.35,12.02,86750928.0,1063529536.0
2011-07-28,12.2,12.2,12.05,12.02,75489136.0,912401728.0
2011-07-27,12.31,12.34,12.26,12.21,72612424.0,889699840.0
2011-07-26,12.35,12.47,12.35,12.27,50657724.0,626321664.0
2011-07-25,12.55,12.58,12.33,12.31,86236496.0,1071213056.0
2011-07-22,12.66,12.68,12.64,12.51,57635788.0,726367616.0
2011-07-21,12.76,12.8,12.63,12.6,81932424.0,1036559232.0
2011-07-20,12.89,12.9,12.74,12.72,64859680.0,828288768.0
2011-07-19,12.89,12.91,12.8,12.77,77469224.0,993779392.0
2011-07-18,13.01,13.09,12.98,12.96,49088208.0,638579392.0
2011-07-15,12.92,13.08,13.01,12.9,41104104.0,534507776.0
2011-07-14,13.08,13.12,13.0,12.89,71912104.0,933187328.0
2011-07-13,13.0,13.14,13.08,12.92,53137836.0,692721408.0
2011-07-12,13.11,13.11,12.96,12.88,68064648.0,882644544.0
2011-07-11,13.34,13.34,13.22,13.15,57881888.0,765076672.0
2011-07-08,13.29,13.5,13.41,13.23,59139176.0,790712384.0
2011-07-07,13.36,13.52,13.23,13.16,114718104.0,1530107264.0
2011-07-06,13.28,13.28,13.17,13.03,52994900.0,695769024.0
2011-07-05,13.39,13.48,13.28,13.22,56876052.0,758447104.0
2011-07-04,12.99,13.4,13.39,12.96,96456032.0,1273450112.0
2011-07-01,13.06,13.07,12.92,12.81,87298480.0,1127688448.0
2011-06-30,12.96,13.15,13.02,12.88,74071776.0,965357056.0
2011-06-29,13.16,13.17,12.92,12.8,79739904.0,1032977088.0
2011-06-28,13.31,13.33,13.16,13.0,53220608.0,696880320.0
2011-06-27,13.45,13.45,13.27,13.21,46197664.0,614574592.0
2011-06-24,13.07,13.45,13.37,13.04,86811464.0,1156433152.0
2011-06-23,12.95,13.2,13.13,12.84,35041468.0,454936896.0
2011-06-22,12.98,13.07,12.96,12.91,27237836.0,353638976.0
2011-06-21,12.85,13.01,12.93,12.75,35087912.0,453801024.0
2011-06-20,12.78,12.89,12.8,12.7,26222004.0,335005376.0
2011-06-17,12.74,12.89,12.73,12.7,27880334.0,356450176.0
2011-06-16,12.81,12.82,12.73,12.68,23380462.0,298141664.0
2011-06-15,12.9,13.0,12.84,12.8,23284410.0,299419264.0
2011-06-14,12.85,13.08,12.9,12.83,42184392.0,546605056.0
2011-06-13,12.72,12.95,12.83,12.6,25278136.0,323139872.0
2011-06-10,12.78,12.8,12.78,12.63,38630288.0,491407552.0
2011-06-09,13.18,13.2,12.96,12.95,42846692.0,559478784.0
2011-06-08,13.43,13.43,13.23,13.0,67581792.0,886466816.0
2011-06-07,13.32,13.46,13.42,13.28,22311388.0,298550848.0
2011-06-03,13.28,13.41,13.38,13.18,31611268.0,420003072.0
2011-06-02,13.69,13.69,13.27,13.15,122061736.0,1624942208.0
2011-06-01,13.85,13.93,13.8,13.77,38973264.0,539979456.0
2011-05-31,13.81,13.93,13.91,13.68,55729776.0,768496384.0
2011-05-27,13.64,13.93,13.79,13.59,56367324.0,774696000.0
2011-05-26,13.71,13.74,13.59,13.58,26485988.0,361555072.0
2011-05-25,13.81,13.89,13.59,13.56,32806920.0,450232864.0
2011-05-24,13.87,13.95,13.83,13.81,32163362.0,446632768.0
2011-05-23,14.2,14.23,13.91,13.79,43292356.0,605028224.0
2011-05-20,14.19,14.43,14.27,14.15,44220596.0,633299264.0
2011-05-19,14.33,14.37,14.23,14.23,29830448.0,426866560.0
2011-05-18,14.01,14.39,14.3,14.0,45618884.0,651189312.0
2011-05-17,13.88,14.15,14.06,13.76,38671728.0,541013952.0
2011-05-16,13.98,14.2,13.88,13.85,39913980.0,560148288.0
2011-05-13,13.91,14.09,14.06,13.81,39527552.0,550546496.0
2011-05-12,13.98,14.06,13.93,13.9,27520332.0,384622464.0
2011-05-11,14.18,14.2,14.03,14.0,24115192.0,339926624.0
2011-05-10,14.05,14.26,14.16,13.94,29700356.0,419991552.0
2011-05-09,14.08,14.14,14.0,13.95,27751488.0,389755936.0
2011-05-06,14.0,14.21,14.04,13.85,53093176.0,746452736.0
2011-05-05,14.02,14.22,14.1,13.93,52612080.0,739726848.0
2011-05-04,14.36,14.5,14.05,14.0,69988432.0,992113984.0
2011-05-03,14.49,14.55,14.42,14.31,31127794.0,449474304.0
2011-04-29,14.75,14.79,14.46,14.1,85810792.0,1238689408.0
2011-04-28,14.63,15.0,14.68,14.6,81865272.0,1211753344.0
2011-04-27,14.76,14.95,14.55,14.45,76664688.0,1129952512.0
2011-04-26,14.69,14.8,14.71,14.6,74674896.0,1098458496.0
2011-04-25,14.59,14.89,14.64,14.51,72494088.0,1063584448.0
2011-04-22,14.64,14.77,14.65,14.52,35329792.0,517354336.0
2011-04-21,14.72,14.83,14.65,14.58,66416892.0,974818176.0
2011-04-20,14.87,14.96,14.66,14.51,77533288.0,1138480640.0
2011-04-19,15.01,15.09,14.83,14.8,62974060.0,939570368.0
2011-04-18,15.06,15.25,15.12,15.0,62573080.0,944076032.0
2011-04-15,15.19,15.44,15.18,15.05,70726480.0,1076534784.0
2011-04-14,15.36,15.53,15.31,15.25,123436352.0,1902494336.0
2011-04-13,14.7,15.34,15.32,14.7,111569264.0,1676616832.0
2011-04-12,14.93,15.11,14.81,14.73,70720024.0,1051558720.0
2011-04-11,14.9,15.3,14.98,14.9,138954912.0,2099312128.0
2011-04-08,14.78,14.95,14.92,14.71,67797480.0,1007369152.0
2011-04-07,14.8,14.92,14.8,14.7,102646536.0,1521323520.0
2011-04-06,14.4,14.88,14.81,14.4,171762544.0,2530008576.0
2011-04-01,13.98,14.45,14.33,13.92,98685200.0,1407150720.0
2011-03-31,14.29,14.31,14.09,14.05,71417888.0,1011476928.0
2011-03-30,14.28,14.53,14.28,14.21,85822360.0,1232672384.0
2011-03-29,14.2,14.6,14.31,14.1,134519296.0,1934315904.0
2011-03-28,14.35,14.62,14.23,14.18,100437624.0,1447242240.0
2011-03-25,14.03,14.4,14.3,14.0,120271096.0,1719538816.0
2011-03-24,14.06,14.08,14.0,13.91,56794096.0,793623552.0
2011-03-23,13.81,14.1,14.05,13.74,93674744.0,1310343296.0
2011-03-22,13.6,13.87,13.85,13.42,85747912.0,1176642560.0
2011-03-21,13.48,13.65,13.55,13.44,55499356.0,752686272.0
2011-03-18,13.62,13.68,13.41,13.35,69249400.0,936462272.0
2011-03-17,13.57,13.6,13.51,13.4,60420560.0,815232320.0
2011-03-16,13.54,13.85,13.71,13.44,75560104.0,1029474176.0
2011-03-15,13.6,13.68,13.49,13.32,107876560.0,1454391936.0
2011-03-14,13.6,13.78,13.71,13.56,65739144.0,897940736.0
2011-03-11,13.92,13.99,13.66,13.58,109841296.0,1512829312.0
2011-03-10,14.32,14.35,13.99,13.92,124087888.0,1750290816.0
2011-03-09,14.37,14.58,14.38,14.33,109743296.0,1588328832.0
2011-03-08,14.2,14.54,14.3,14.12,112446480.0,1611304448.0
2011-03-07,14.32,14.58,14.23,14.1,177077408.0,2536417024.0
2011-03-04,14.18,14.34,14.22,13.91,197261008.0,2789248256.0
2011-03-03,13.57,14.39,14.03,13.51,399308576.0,5586884096.0
2011-03-02,13.0,13.63,13.47,12.98,226096544.0,3029627392.0
2011-03-01,12.91,13.34,13.1,12.87,124778376.0,1633085440.0
2011-02-28,12.79,12.94,12.87,12.67,69582752.0,892379264.0
2011-02-25,12.71,12.87,12.75,12.66,49085788.0,626193472.0
2011-02-24,12.66,12.77,12.68,12.61,52932080.0,670747776.0
2011-02-23,12.72,12.77,12.68,12.62,54397600.0,689931008.0
2011-02-22,13.1,13.1,12.72,12.66,121525656.0,1556214144.0
2011-02-21,13.0,13.1,13.08,12.9,59996420.0,779859968.0
2011-02-18,13.13,13.18,13.11,13.0,55894224.0,732500544.0
2011-02-17,13.12,13.35,13.12,13.03,70754384.0,932086592.0
2011-02-16,13.15,13.2,13.12,12.98,79042328.0,1031728576.0
2011-02-15,13.25,13.36,13.19,13.15,108538768.0,1438854656.0
2011-02-14,12.72,13.29,13.26,12.72,146385344.0,1910514176.0
2011-02-11,12.7,12.79,12.71,12.61,61000768.0,773509568.0
2011-02-10,12.6,12.74,12.71,12.52,46488672.0,588451392.0
2011-02-09,12.67,12.77,12.6,12.57,58829216.0,745910336.0
2011-02-01,12.65,12.74,12.7,12.61,40211020.0,509422752.0
2011-01-31,12.59,12.68,12.63,12.58,48455684.0,611798464.0
2011-01-28,12.65,12.71,12.59,12.52,66406476.0,835307136.0
2011-01-27,12.6,12.73,12.71,12.49,70707560.0,891864192.0
2011-01-26,12.67,12.75,12.71,12.65,23768928.0,301774560.0
2011-01-25,12.63,12.75,12.63,12.55,52215792.0,660597696.0
2011-01-24,12.7,12.77,12.58,12.56,49438224.0,624077120.0
2011-01-21,12.53,12.99,12.71,12.51,62191244.0,793177472.0
2011-01-20,12.76,12.76,12.52,12.5,56788716.0,714769664.0
2011-01-19,12.7,12.8,12.77,12.6,47144160.0,598577856.0
2011-01-18,12.73,12.77,12.67,12.61,53990208.0,684464704.0
2011-01-17,12.99,13.07,12.71,12.62,77156600.0,991616448.0
2011-01-14,13.16,13.24,13.05,13.04,50536492.0,662003456.0
2011-01-13,13.28,13.33,13.2,13.12,59516448.0,786701568.0
2011-01-12,13.17,13.31,13.27,13.07,71991088.0,950345216.0
2011-01-11,12.96,13.27,13.19,12.95,80178640.0,1050831168.0
2011-01-10,13.24,13.37,13.02,13.0,89439104.0,1177812992.0
2011-01-07,12.9,13.55,13.25,12.82,184177856.0,2440982528.0
2011-01-06,12.98,13.11,12.9,12.82,63620992.0,823324480.0
2011-01-05,12.99,13.11,12.97,12.92,72626096.0,944910528.0
2011-01-04,12.91,13.09,13.02,12.78,98498448.0,1276763392.0
