date,open,high,close,low,volume,amount
2015-12-31,11.9,12.23,12.14,11.68,111977293.0,1347298089.0
2015-12-30,11.75,11.95,11.92,11.67,43377055.0,512401844.0
2015-12-29,11.64,11.98,11.8,11.55,59101138.0,695317690.0
2015-12-28,12.01,12.03,11.44,11.4,51807037.0,606365482.0
2015-12-25,11.99,12.07,11.97,11.89,34590499.0,414439820.0
2015-12-24,11.97,12.07,11.98,11.73,59734272.0,711572032.0
2015-12-23,11.91,12.22,11.98,11.75,80573384.0,965062848.0
2015-12-22,11.9,12.18,11.85,11.79,77733319.0,927660802.0
2015-12-21,11.4,12.12,11.98,11.36,129017008.0,1530396928.0
2015-12-18,11.25,12.2,11.48,11.24,111389656.0,1296295040.0
2015-12-17,11.22,11.36,11.28,11.21,35596280.0,401783680.0
2015-12-16,11.26,11.27,11.18,11.16,17137100.0,191987040.0
2015-12-15,11.35,11.39,11.21,11.15,29176048.0,328709824.0
2015-12-14,10.97,11.47,11.37,10.93,43232616.0,486291296.0
2015-12-11,11.12,11.15,11.09,10.97,25256536.0,279148896.0
2015-12-10,11.23,11.44,11.12,11.1,35103184.0,396065408.0
2015-12-09,11.17,11.33,11.25,11.13,33639869.0,378436386.0
2015-12-08,11.21,11.31,11.19,11.11,33180142.0,371360288.0
2015-12-07,11.31,11.38,11.3,11.18,37120539.0,418672568.0
2015-12-04,11.6,11.64,11.26,11.2,71996888.0,818934336.0
2015-12-03,11.78,12.08,11.69,11.54,111830864.0,1318308104.0
2015-12-02,11.15,12.0,11.92,11.1,158414224.0,1838098048.0
2015-12-01,11.09,11.23,11.21,10.84,67384722.0,745752157.0
2015-11-30,10.83,11.25,11.07,10.71,65524644.0,719803520.0
2015-11-27,11.04,11.1,10.82,10.65,46172228.0,501554016.0
2015-11-26,11.16,11.3,11.11,11.11,38885816.0,435540736.0
2015-11-25,11.03,11.17,11.09,10.9,37789100.0,416801472.0
2015-11-24,11.17,11.18,11.06,10.91,37914628.0,418048608.0
2015-11-23,11.3,11.39,11.19,11.16,32691616.0,368763008.0
2015-11-20,11.33,11.45,11.3,11.24,41453260.0,470143008.0
2015-11-19,11.31,11.34,11.31,11.22,30899744.0,348596544.0
2015-11-18,11.24,11.56,11.29,11.07,53317116.0,602385920.0
2015-11-17,11.22,11.5,11.26,11.17,56535176.0,641621248.0
2015-11-16,10.92,11.16,11.14,10.9,33482316.0,370161440.0
2015-11-13,11.09,11.33,11.09,11.07,37449072.0,418713984.0
2015-11-12,11.39,11.42,11.17,11.08,34933672.0,392349760.0
2015-11-11,11.53,11.53,11.35,11.21,57286212.0,650008640.0
2015-11-10,11.51,11.74,11.52,11.39,73787672.0,850061888.0
2015-11-09,11.4,12.15,11.66,11.4,164980048.0,1952215680.0
2015-11-06,10.96,11.36,11.32,10.94,75576112.0,843953856.0
2015-11-05,10.75,11.49,11.05,10.67,156923680.0,1753063168.0
2015-11-04,10.4,10.85,10.77,10.39,50934936.0,541778880.0
2015-11-03,10.47,10.55,10.38,10.35,22489904.0,235848320.0
2015-11-02,10.52,10.62,10.47,10.46,33487788.0,352976192.0
2015-10-30,10.54,10.63,10.56,10.5,35804476.0,377862528.0
2015-10-29,10.52,10.57,10.53,10.47,15458386.0,162599792.0
2015-10-28,10.62,10.65,10.51,10.49,22344800.0,236458848.0
2015-10-27,10.61,10.71,10.63,10.46,27771516.0,294635488.0
2015-10-26,10.66,10.83,10.67,10.61,37977172.0,406817056.0
2015-10-23,10.59,10.65,10.64,10.55,29072962.0,308183872.0
2015-10-22,10.69,10.69,10.61,10.53,43051196.0,456442784.0
2015-10-21,10.58,10.97,10.83,10.47,76329664.0,817265792.0
2015-10-20,10.52,10.59,10.58,10.44,31610826.0,332494464.0
2015-10-19,10.51,10.62,10.51,10.38,36532496.0,383592832.0
2015-10-16,10.52,10.58,10.51,10.44,29788348.0,313191360.0
2015-10-15,10.27,10.51,10.47,10.26,28113720.0,292955136.0
2015-10-14,10.4,10.44,10.27,10.26,20164296.0,208789968.0
2015-10-13,10.46,10.54,10.43,10.39,21545228.0,224962256.0
2015-10-12,10.33,10.62,10.49,10.32,43577128.0,456806272.0
2015-10-09,10.27,10.35,10.3,10.22,25407662.0,261763040.0
2015-10-08,10.36,10.38,10.26,10.24,15515493.0,159846624.0
2015-09-30,10.06,10.19,10.11,10.04,14306103.0,144720176.0
2015-09-29,10.17,10.17,10.03,10.01,10249483.0,103388224.0
2015-09-28,10.23,10.27,10.21,10.13,10912895.0,111359216.0
2015-09-25,10.16,10.35,10.32,10.0,24570100.0,250305328.0
2015-09-24,10.17,10.23,10.15,10.12,8310920.0,84461752.0
2015-09-23,10.29,10.37,10.12,10.1,14895359.0,152102192.0
2015-09-22,10.28,10.47,10.37,10.25,18924312.0,196450304.0
2015-09-21,10.25,10.3,10.28,10.18,15791610.0,161706112.0
2015-09-18,10.41,10.46,10.31,10.29,14482769.0,150223776.0
2015-09-17,10.63,10.66,10.42,10.41,24179770.0,255222064.0
2015-09-16,10.45,10.88,10.67,10.33,36165680.0,381641696.0
2015-09-15,10.5,10.66,10.59,10.31,51956496.0,545545024.0
2015-09-14,10.37,10.73,10.7,9.95,80475472.0,838212032.0
2015-09-11,10.4,10.48,10.4,10.33,20399922.0,211764608.0
2015-09-10,10.28,10.48,10.46,10.26,30877836.0,320771712.0
2015-09-09,10.35,10.45,10.38,10.26,35999596.0,373278336.0
2015-09-08,10.05,10.47,10.35,10.02,33864324.0,346939552.0
2015-09-07,10.66,10.67,10.11,10.03,56303564.0,583142080.0
2015-09-02,10.38,10.89,10.87,10.27,148796704.0,1580662784.0
2015-09-01,10.16,10.71,10.7,9.87,154040384.0,1602572800.0
2015-08-31,9.82,10.4,10.37,9.66,163132208.0,1638472064.0
2015-08-28,9.86,10.15,9.88,9.63,90474144.0,895669248.0
2015-08-27,9.21,9.93,9.85,9.05,94340744.0,885924608.0
2015-08-26,8.78,9.32,9.11,8.62,90129936.0,811480448.0
2015-08-25,8.73,9.23,8.61,8.58,118551880.0,1054564544.0
2015-08-24,9.73,9.77,9.11,9.03,114064224.0,1047710528.0
2015-08-21,10.18,10.36,10.03,10.01,44588964.0,452863456.0
2015-08-20,10.31,10.43,10.25,10.18,38177396.0,393473024.0
2015-08-19,10.17,10.48,10.46,9.92,68358376.0,695570432.0
2015-08-18,10.79,10.92,10.21,10.15,66279276.0,703393280.0
2015-08-17,10.88,10.9,10.78,10.72,44329496.0,477957952.0
2015-08-14,11.02,11.05,10.94,10.88,40951092.0,448604352.0
2015-08-13,10.92,11.11,10.99,10.85,37835036.0,414689696.0
2015-08-12,11.02,11.18,10.97,10.96,40785988.0,451004960.0
2015-08-11,11.28,11.34,11.17,11.1,59007236.0,661511360.0
2015-08-10,10.99,11.39,11.37,10.84,76085880.0,845499392.0
2015-08-07,10.99,11.17,11.03,10.92,39646104.0,438645056.0
2015-08-06,10.89,11.1,10.87,10.82,24029872.0,263201216.0
2015-08-05,11.15,11.2,10.94,10.92,29601070.0,327983264.0
2015-08-04,11.09,11.23,11.21,11.01,34884344.0,387959904.0
2015-08-03,10.7,11.12,11.1,10.63,60796052.0,663393792.0
2015-07-31,10.8,10.93,10.82,10.58,64013740.0,685944640.0
2015-07-30,11.2,11.27,10.83,10.82,54836804.0,608472576.0
2015-07-29,11.18,11.24,11.2,11.06,56883516.0,634896960.0
2015-07-28,10.81,11.36,11.24,10.81,113791872.0,1265581696.0
2015-07-27,12.09,12.19,11.04,11.04,134762384.0,1576857600.0
2015-07-24,12.6,12.65,12.27,12.25,70141632.0,877927424.0
2015-07-23,12.43,12.72,12.65,12.43,67950744.0,858480448.0
2015-07-22,12.71,12.87,12.58,12.56,77957360.0,991618688.0
2015-07-21,12.98,13.2,12.83,12.77,91168880.0,1180632192.0
2015-07-20,13.1,13.3,13.09,12.95,92841456.0,1215699840.0
2015-07-17,12.99,13.29,13.18,12.81,117931008.0,1538774400.0
2015-07-16,13.19,13.24,12.93,12.8,118614288.0,1545298944.0
2015-07-15,12.79,13.23,13.19,12.7,195156736.0,2530850560.0
2015-07-14,12.85,13.18,12.92,12.54,172387152.0,2202200064.0
2015-07-13,13.01,13.5,13.04,12.7,208417168.0,2723654400.0
2015-07-10,12.82,14.15,13.46,12.65,308901312.0,4207386368.0
2015-07-09,12.63,13.66,13.23,11.65,306128416.0,3945222400.0
2015-07-08,12.3,13.76,12.63,11.98,338487872.0,4365073920.0
2015-07-07,15.4,16.46,16.41,15.09,304610336.0,4858439168.0
2015-07-06,15.97,15.98,15.58,14.96,266286752.0,4116790016.0
2015-07-03,15.15,15.62,14.59,13.8,174653744.0,2602054912.0
2015-07-02,14.98,15.75,15.03,14.58,212865184.0,3250361088.0
2015-07-01,15.03,15.22,14.78,14.53,112552880.0,1684669440.0
2015-06-30,14.16,15.27,15.21,14.09,159862400.0,2347939584.0
2015-06-29,14.45,14.58,14.16,12.88,190407712.0,2680213248.0
2015-06-26,14.72,15.27,14.06,13.53,148495392.0,2151943424.0
2015-06-25,15.8,15.96,15.03,14.91,128563120.0,2009797888.0
2015-06-24,15.18,15.46,15.4,15.0,99592392.0,1516999680.0
2015-06-23,14.86,15.29,15.25,14.33,90624224.0,1351711104.0
2015-06-19,15.59,15.85,14.72,14.33,127427624.0,1952317056.0
2015-06-18,16.09,16.14,15.59,15.52,94107456.0,1495503232.0
2015-06-17,16.32,16.35,16.17,16.02,123602832.0,2000290304.0
2015-06-16,16.4,16.63,16.09,15.93,102668784.0,1676118272.0
2015-06-15,17.26,17.26,16.51,16.4,135728512.0,2291340544.0
2015-06-12,17.18,17.29,17.18,16.88,129218480.0,2209441280.0
2015-06-11,17.09,17.24,17.17,16.8,111894592.0,1904115200.0
2015-06-10,17.25,17.42,17.06,16.91,149701296.0,2566223360.0
2015-06-09,17.92,18.13,17.41,17.2,203811680.0,3601699328.0
2015-06-08,16.84,17.88,17.75,16.68,281611072.0,4905225216.0
2015-06-05,17.4,17.5,16.79,16.5,176170720.0,2980468224.0
2015-06-04,16.55,17.32,17.14,16.05,230559776.0,3874507008.0
2015-06-03,15.99,16.65,16.5,15.6,182262832.0,2942551552.0
2015-06-02,15.7,15.95,15.91,15.53,118388728.0,1864804864.0
2015-06-01,15.1,15.87,15.8,14.9,125705712.0,1938491904.0
2015-05-29,15.13,15.36,15.02,14.7,128761432.0,1938458880.0
2015-05-28,16.18,16.27,15.1,15.03,153125696.0,2434249472.0
2015-05-27,16.45,16.56,16.26,16.1,120981752.0,1975528576.0
2015-05-26,16.57,16.58,16.45,16.28,122826592.0,2014987520.0
2015-05-25,16.3,16.63,16.49,16.26,152984720.0,2513054976.0
2015-05-22,15.59,16.28,16.18,15.59,173026784.0,2779728896.0
2015-05-21,15.49,15.56,15.45,15.27,63613600.0,981172736.0
2015-05-20,15.23,15.78,15.38,15.1,144269664.0,2226516736.0
2015-05-19,14.55,15.27,15.21,14.53,111578592.0,1674959104.0
2015-05-18,14.73,14.94,14.55,14.5,79642896.0,1173776000.0
2015-05-15,15.1,15.24,14.82,14.68,89191776.0,1332936320.0
2015-05-14,15.31,15.45,15.19,15.13,91948656.0,1404353920.0
2015-05-13,15.65,15.71,15.23,15.1,113395160.0,1742798208.0
2015-05-12,15.3,15.59,15.47,15.25,133509384.0,2056506624.0
2015-05-11,15.0,15.48,15.42,14.66,180184656.0,2702931456.0
2015-05-08,15.19,15.28,15.06,14.81,83506048.0,1256514816.0
2015-05-07,14.9,15.16,15.01,14.84,74114992.0,1113754880.0
2015-05-06,15.2,15.58,14.91,14.8,120637832.0,1841379584.0
2015-05-05,16.16,16.16,15.15,14.99,185561312.0,2874355456.0
2015-05-04,16.2,16.25,16.17,15.94,132859936.0,2135905664.0
2015-04-30,16.82,17.0,16.2,16.1,153536912.0,2537645056.0
2015-04-29,16.8,17.07,16.82,16.63,132190216.0,2227868160.0
2015-04-28,16.55,17.96,17.03,16.55,304266592.0,5225890816.0
2015-04-27,16.13,16.6,16.58,16.13,147467904.0,2424367616.0
2015-04-24,16.2,16.73,16.12,15.88,166031024.0,2700092416.0
2015-04-23,16.7,17.12,16.64,16.49,186746688.0,3141952000.0
2015-04-22,16.6,16.75,16.69,16.32,184153872.0,3049918464.0
2015-04-21,16.0,16.57,16.51,15.86,182912656.0,2965267968.0
2015-04-20,16.98,17.03,16.17,15.73,262634640.0,4314239488.0
2015-04-17,17.58,17.69,16.88,16.77,236924384.0,4052537344.0
2015-04-16,17.13,17.38,17.16,16.5,327793728.0,5544304640.0
2015-04-15,15.71,16.87,16.87,15.71,249523536.0,4134371072.0
2015-04-14,14.79,15.66,15.34,14.43,256122864.0,3842567168.0
2015-04-13,14.91,15.28,14.87,14.61,219832640.0,3275271680.0
2015-04-10,13.96,14.69,14.59,13.82,197780704.0,2821689600.0
2015-04-09,13.96,14.46,13.96,13.85,234051264.0,3296415744.0
2015-04-08,13.71,13.97,13.96,13.47,207298672.0,2850318848.0
2015-04-07,13.49,13.88,13.71,13.41,212319152.0,2892855552.0
2015-04-03,13.02,13.26,13.24,12.95,155219808.0,2039263872.0
2015-04-02,13.02,13.22,13.06,12.87,131537512.0,1712076288.0
2015-04-01,12.88,13.15,12.97,12.83,114772256.0,1490906752.0
2015-03-31,13.4,13.55,12.9,12.84,188878624.0,2497976832.0
2015-03-30,12.88,13.32,13.19,12.83,204086832.0,2673458176.0
2015-03-27,12.52,12.95,12.76,12.4,139008288.0,1768542848.0
2015-03-26,12.4,12.76,12.57,12.32,114034424.0,1435803776.0
2015-03-25,12.7,12.78,12.5,12.45,132250160.0,1663523456.0
2015-03-24,12.85,12.99,12.79,12.7,142935152.0,1828445056.0
2015-03-23,12.86,12.99,12.91,12.74,152776400.0,1968310656.0
2015-03-20,12.65,13.03,12.78,12.48,211701856.0,2699671296.0
2015-03-19,12.8,12.85,12.69,12.64,115827696.0,1474193536.0
2015-03-18,12.7,12.91,12.9,12.63,156062368.0,1996701824.0
2015-03-17,12.7,12.77,12.67,12.52,141480816.0,1787772672.0
2015-03-16,12.53,12.67,12.52,12.3,142179536.0,1777500032.0
2015-03-13,12.48,12.88,12.38,12.24,191639408.0,2409617408.0
2015-03-12,12.0,12.74,12.36,11.94,259650816.0,3199457280.0
2015-03-11,11.7,11.96,11.74,11.7,83912288.0,992060544.0
2015-03-10,11.85,11.91,11.69,11.66,101868048.0,1197526656.0
2015-03-09,11.4,12.19,11.98,11.27,192011840.0,2264851200.0
2015-03-06,11.31,11.43,11.35,11.27,51356288.0,583694528.0
2015-03-05,11.51,11.54,11.31,11.24,82613344.0,938000320.0
2015-03-04,11.61,11.72,11.56,11.5,66622492.0,772398208.0
2015-03-03,11.95,11.95,11.61,11.6,95652624.0,1126107648.0
2015-03-02,12.06,12.1,12.02,11.91,98882344.0,1184452352.0
2015-02-27,12.23,12.26,12.02,11.99,125007344.0,1513821056.0
2015-02-26,11.88,12.25,12.22,11.75,88337104.0,1062140288.0
2015-02-25,12.25,12.26,11.87,11.85,72106128.0,866828416.0
2015-02-17,12.25,12.42,12.24,12.2,70653808.0,867947584.0
2015-02-16,12.23,12.3,12.19,12.09,83420224.0,1016806528.0
2015-02-13,12.13,12.66,12.36,12.01,214106416.0,2644279808.0
2015-02-12,11.91,12.08,11.96,11.66,64935440.0,769107264.0
2015-02-11,11.92,11.98,11.89,11.81,46106924.0,547353600.0
2015-02-10,11.67,11.98,11.95,11.63,78265480.0,927319680.0
2015-02-09,11.61,11.82,11.71,11.45,80421024.0,936370688.0
2015-02-06,11.72,11.87,11.64,11.52,72798000.0,851798208.0
2015-02-05,12.32,12.32,11.85,11.76,166165504.0,2014176512.0
2015-02-04,12.09,12.17,11.84,11.8,77228864.0,927925184.0
2015-02-03,12.02,12.18,12.17,11.77,100184624.0,1195219584.0
2015-02-02,11.81,12.05,11.91,11.76,71015888.0,843192704.0
2015-01-30,12.22,12.28,12.15,11.97,87223536.0,1057813760.0
2015-01-29,12.25,12.31,12.15,12.02,100572640.0,1222244992.0
2015-01-28,12.46,12.65,12.44,12.32,97380008.0,1212240640.0
2015-01-27,12.9,12.91,12.61,12.32,127278192.0,1600858752.0
2015-01-26,12.97,13.05,12.94,12.65,100653648.0,1288436224.0
2015-01-23,12.85,13.34,13.06,12.76,168409824.0,2194532096.0
2015-01-22,12.85,12.94,12.83,12.6,118712032.0,1515342976.0
2015-01-21,12.28,12.98,12.96,12.1,201647520.0,2527002624.0
2015-01-20,12.2,12.39,12.2,11.92,166576080.0,2029657088.0
2015-01-19,12.56,12.87,12.2,12.2,200568208.0,2502721280.0
2015-01-16,13.59,13.8,13.56,13.35,195295088.0,2659698176.0
2015-01-15,12.86,13.59,13.57,12.76,182221360.0,2406622208.0
2015-01-14,12.69,13.05,12.81,12.66,116269056.0,1493569664.0
2015-01-13,12.62,12.78,12.58,12.51,82844960.0,1046745856.0
2015-01-12,12.74,12.96,12.66,12.38,153002944.0,1938072704.0
2015-01-09,12.63,13.58,12.84,12.52,230177632.0,3010164736.0
2015-01-08,13.15,13.2,12.65,12.61,133523976.0,1707294976.0
2015-01-07,13.16,13.39,13.14,12.82,164144048.0,2147939328.0
2015-01-06,13.36,13.86,13.3,13.13,194576576.0,2614867968.0
2015-01-05,13.56,13.84,13.54,13.2,233031760.0,3157864448.0
2014-12-31,13.33,13.56,13.46,13.05,220222576.0,2942213376.0
2014-12-30,12.78,13.56,13.31,12.66,262004448.0,3472144640.0
2014-12-29,13.27,13.6,12.82,12.68,358146592.0,4714455040.0
2014-12-26,12.28,12.84,12.74,12.05,363912480.0,4528606720.0
2014-12-25,11.41,12.34,12.34,11.3,388298880.0,4703796224.0
2014-12-24,11.76,11.82,11.22,11.01,143599008.0,1635488000.0
2014-12-23,12.0,12.42,11.7,11.68,172970688.0,2085574144.0
2014-12-22,11.9,12.85,12.34,11.85,323858816.0,4005943296.0
2014-12-19,11.79,12.05,11.91,11.47,199726368.0,2364030208.0
2014-12-18,12.1,12.24,11.83,11.65,210264352.0,2503752960.0
2014-12-17,11.34,12.26,12.06,11.2,378870304.0,4455090688.0
2014-12-16,10.77,11.22,11.22,10.71,195070752.0,2143391232.0
2014-12-15,10.72,10.89,10.74,10.52,121296736.0,1291643904.0
2014-12-12,11.05,11.23,10.9,10.78,116155568.0,1279516544.0
2014-12-11,10.99,11.39,11.0,10.91,174334272.0,1943675904.0
2014-12-10,10.9,11.37,11.17,10.28,280376448.0,3030242816.0
2014-12-09,11.77,12.25,10.82,10.82,340409952.0,3981746432.0
2014-12-08,11.58,12.34,12.02,11.39,299924928.0,3554985984.0
2014-12-05,11.7,12.3,11.78,11.18,351567904.0,4125640960.0
2014-12-04,10.89,11.6,11.58,10.79,319103936.0,3578339584.0
2014-12-03,11.18,11.7,10.89,10.7,368915872.0,4128460800.0
2014-12-02,10.21,11.32,11.18,10.18,340551776.0,3691697152.0
2014-12-01,10.35,10.85,10.33,10.22,366054848.0,3845761536.0
2014-11-28,9.28,10.18,10.18,9.21,397206368.0,3884925696.0
2014-11-27,9.21,9.38,9.25,9.1,185699856.0,1716364928.0
2014-11-26,8.9,9.2,9.1,8.86,169517264.0,1530717184.0
2014-11-25,8.75,8.89,8.87,8.68,117949920.0,1034647040.0
2014-11-24,8.59,8.87,8.78,8.54,186557936.0,1624302976.0
2014-11-21,8.64,8.79,8.75,8.51,109670704.0,947892608.0
2014-11-20,8.57,8.66,8.64,8.53,54647532.0,470177568.0
2014-11-19,8.63,8.65,8.59,8.56,71351176.0,613252480.0
2014-11-18,8.82,8.85,8.64,8.63,89566376.0,779029056.0
2014-11-17,8.99,9.05,8.82,8.81,73885568.0,657720320.0
2014-11-14,8.98,9.05,8.93,8.83,82684416.0,736724928.0
2014-11-13,9.13,9.24,9.02,8.97,136344112.0,1238980608.0
2014-11-12,8.96,9.1,9.09,8.91,105769808.0,951246784.0
2014-11-11,8.9,9.28,9.05,8.83,291988800.0,2647920128.0
2014-11-10,8.69,8.83,8.82,8.63,199983024.0,1743919232.0
2014-11-07,8.56,8.79,8.59,8.53,192928864.0,1669162880.0
2014-11-06,8.56,8.59,8.56,8.5,76525928.0,653168512.0
2014-11-05,8.72,8.72,8.56,8.53,114282760.0,980616576.0
2014-11-04,8.79,8.79,8.67,8.64,100168576.0,873397440.0
2014-11-03,8.88,8.9,8.8,8.75,180544928.0,1590813568.0
2014-10-31,8.51,8.97,8.78,8.47,259667968.0,2268953856.0
2014-10-30,8.35,8.51,8.45,8.31,88640912.0,744832512.0
2014-10-29,8.29,8.41,8.35,8.27,54739716.0,456066304.0
2014-10-28,8.24,8.3,8.27,8.2,48227404.0,397933248.0
2014-10-27,8.33,8.33,8.21,8.18,31704856.0,260764992.0
2014-10-24,8.4,8.41,8.35,8.33,20720988.0,173301472.0
2014-10-23,8.45,8.53,8.38,8.37,37614708.0,318053696.0
2014-10-22,8.5,8.56,8.46,8.45,36218336.0,307881568.0
2014-10-21,8.52,8.55,8.5,8.49,27574646.0,235053184.0
2014-10-20,8.53,8.55,8.53,8.46,26048646.0,221325312.0
2014-10-17,8.55,8.61,8.49,8.41,37258248.0,317087904.0
2014-10-16,8.48,8.68,8.55,8.47,75105656.0,645750336.0
2014-10-15,8.45,8.55,8.52,8.43,30037106.0,255440704.0
2014-10-14,8.46,8.52,8.47,8.43,24456776.0,207172080.0
2014-10-13,8.48,8.54,8.48,8.43,25283224.0,214043712.0
2014-10-10,8.48,8.63,8.52,8.45,44089036.0,375113344.0
2014-10-09,8.55,8.55,8.5,8.47,32291526.0,274957568.0
2014-10-08,8.51,8.54,8.54,8.43,40470656.0,343845120.0
2014-09-30,8.51,8.52,8.49,8.45,26503720.0,224769776.0
2014-09-29,8.46,8.5,8.49,8.44,32930908.0,279042368.0
2014-09-26,8.4,8.46,8.45,8.37,16892088.0,142233504.0
2014-09-25,8.5,8.52,8.41,8.39,32188268.0,272223712.0
2014-09-24,8.32,8.49,8.45,8.31,40123560.0,337952672.0
2014-09-23,8.27,8.37,8.36,8.27,20249648.0,168537456.0
2014-09-22,8.45,8.45,8.28,8.24,36727664.0,306362240.0
2014-09-19,8.45,8.5,8.45,8.4,30633580.0,259154272.0
2014-09-18,8.39,8.54,8.43,8.35,54322080.0,458948480.0
2014-09-17,8.48,8.5,8.41,8.38,35045472.0,295409120.0
2014-09-16,8.47,8.65,8.45,8.43,60255256.0,512037088.0
2014-09-15,8.46,8.48,8.45,8.41,39758980.0,335756864.0
2014-09-12,8.51,8.51,8.5,8.44,23810494.0,201713088.0
2014-09-11,8.55,8.65,8.53,8.51,30333410.0,260111712.0
2014-09-10,8.59,8.6,8.54,8.51,27248760.0,232901216.0
2014-09-09,8.7,8.72,8.63,8.59,25876912.0,223582848.0
2014-09-05,8.63,8.71,8.7,8.6,35394620.0,306790816.0
2014-09-04,8.63,8.65,8.63,8.53,36530656.0,313444608.0
2014-09-03,8.59,8.73,8.61,8.56,38244880.0,330583008.0
2014-09-02,8.46,8.59,8.58,8.4,37454836.0,317914912.0
2014-09-01,8.44,8.47,8.44,8.37,24162872.0,203639056.0
2014-08-29,8.36,8.44,8.43,8.32,17798456.0,148868032.0
2014-08-28,8.4,8.43,8.3,8.29,20013274.0,167011328.0
2014-08-27,8.42,8.46,8.41,8.37,17337420.0,145798304.0
2014-08-26,8.37,8.5,8.42,8.34,20975360.0,176663888.0
2014-08-25,8.52,8.52,8.37,8.35,29135056.0,244558016.0
2014-08-22,8.4,8.54,8.52,8.37,21040616.0,178009936.0
2014-08-21,8.52,8.54,8.41,8.33,33828584.0,284387872.0
2014-08-20,8.6,8.61,8.52,8.51,22037714.0,188380352.0
2014-08-19,8.57,8.6,8.6,8.52,24322608.0,208084176.0
2014-08-18,8.58,8.62,8.57,8.51,25480194.0,218058832.0
2014-08-15,8.52,8.6,8.56,8.5,22879470.0,195778736.0
2014-08-14,8.57,8.59,8.51,8.5,25410022.0,216727312.0
2014-08-13,8.62,8.66,8.56,8.5,36743656.0,314803232.0
2014-08-12,8.7,8.74,8.63,8.58,32487412.0,280129024.0
2014-08-11,8.68,8.79,8.75,8.64,27368444.0,238918256.0
2014-08-08,8.69,8.72,8.64,8.61,28735660.0,249123248.0
2014-08-07,8.86,8.86,8.68,8.66,39723272.0,346714240.0
2014-08-06,8.75,8.88,8.82,8.65,42137268.0,368770976.0
2014-08-05,8.88,8.9,8.81,8.74,39157564.0,345027872.0
2014-08-04,8.81,8.91,8.89,8.73,49718268.0,439392736.0
2014-08-01,8.77,8.98,8.77,8.75,69846216.0,618568768.0
2014-07-31,8.66,8.84,8.8,8.64,48122448.0,419532512.0
2014-07-30,8.73,9.05,8.66,8.62,59420848.0,522760256.0
2014-07-29,8.78,8.87,8.77,8.62,69205624.0,606738624.0
2014-07-28,8.19,8.87,8.75,8.19,128710856.0,1104090496.0
2014-07-25,8.1,8.22,8.15,8.07,28308940.0,230453488.0
2014-07-24,7.88,8.17,8.09,7.83,46741096.0,376680960.0
2014-07-23,7.85,7.93,7.85,7.83,20984534.0,165404320.0
2014-07-22,7.79,7.9,7.85,7.76,17937992.0,140827600.0
2014-07-21,7.78,7.82,7.8,7.77,11772045.0,91744568.0
2014-07-18,7.75,7.83,7.79,7.73,16186394.0,126147008.0
2014-07-17,7.81,7.81,7.76,7.73,9575565.0,74304512.0
2014-07-16,7.76,7.8,7.79,7.74,19531334.0,151854064.0
2014-07-15,7.75,7.83,7.74,7.73,20347728.0,158154944.0
2014-07-14,7.68,7.75,7.74,7.67,11210595.0,86584064.0
2014-07-11,7.64,7.75,7.68,7.62,12996357.0,100126920.0
2014-07-10,7.7,7.71,7.64,7.63,17549346.0,134657344.0
2014-07-09,8.2,8.21,8.12,8.1,23773612.0,193614992.0
2014-07-07,8.23,8.24,8.21,8.17,14919224.0,122318904.0
2014-07-04,8.22,8.24,8.23,8.19,19020270.0,156327248.0
2014-07-03,8.17,8.2,8.2,8.14,16129485.0,131906000.0
2014-07-02,8.18,8.19,8.17,8.12,16474408.0,134299168.0
2014-07-01,8.23,8.24,8.18,8.15,11118262.0,90953240.0
2014-06-30,8.17,8.21,8.2,8.14,12952756.0,105939000.0
2014-06-27,8.18,8.2,8.15,8.14,12565244.0,102514248.0
2014-06-26,8.16,8.22,8.17,8.14,9945007.0,81382240.0
2014-06-25,8.16,8.18,8.14,8.1,12253036.0,99701888.0
2014-06-24,8.18,8.21,8.16,8.13,14082239.0,114944448.0
2014-06-23,8.24,8.27,8.16,8.14,13513981.0,110638648.0
2014-06-20,8.17,8.27,8.25,8.17,10833403.0,88922648.0
2014-06-19,8.26,8.28,8.16,8.14,11065000.0,90766840.0
2014-06-18,8.25,8.32,8.25,8.24,11238337.0,93060648.0
2014-06-17,8.34,8.35,8.27,8.21,15284757.0,126499904.0
2014-06-16,8.28,8.39,8.37,8.23,21816208.0,181605568.0
2014-06-13,8.14,8.32,8.28,8.12,26352684.0,217132400.0
2014-06-12,8.13,8.18,8.14,8.12,7799548.0,63617552.0
2014-06-11,8.18,8.19,8.13,8.12,12889505.0,104963264.0
2014-06-10,8.16,8.22,8.19,8.08,18389832.0,150082880.0
2014-06-09,8.1,8.21,8.14,8.08,11251208.0,91640592.0
2014-06-06,8.15,8.2,8.1,8.07,11898959.0,96846512.0
2014-06-05,8.07,8.17,8.15,8.04,14194146.0,115156472.0
2014-06-04,8.2,8.2,8.07,8.01,26563818.0,214334944.0
2014-06-03,8.27,8.32,8.2,8.19,15215672.0,125654440.0
2014-05-30,8.27,8.32,8.26,8.25,11838175.0,98049704.0
2014-05-29,8.36,8.37,8.28,8.26,15030520.0,124952056.0
2014-05-28,8.33,8.36,8.35,8.28,23588368.0,196222288.0
2014-05-27,8.4,8.42,8.33,8.3,19706852.0,164657088.0
2014-05-26,8.48,8.5,8.4,8.36,15809528.0,132966240.0
2014-05-23,8.32,8.44,8.41,8.32,21894960.0,183360080.0
2014-05-22,8.35,8.63,8.34,8.33,40081784.0,339416480.0
2014-05-21,8.29,8.39,8.36,8.21,13103259.0,109150240.0
2014-05-20,8.37,8.39,8.33,8.29,8383469.0,69855672.0
2014-05-19,8.43,8.45,8.33,8.28,15536944.0,129571496.0
2014-05-16,8.37,8.5,8.48,8.35,25771226.0,217870624.0
2014-05-15,8.37,8.45,8.34,8.33,11774923.0,98792464.0
2014-05-14,8.4,8.46,8.38,8.35,12283504.0,103133224.0
2014-05-13,8.39,8.42,8.41,8.36,10900268.0,91408264.0
2014-05-12,8.32,8.44,8.39,8.27,21009136.0,176075632.0
2014-05-09,8.34,8.34,8.28,8.25,14638149.0,121393696.0
2014-05-08,8.3,8.43,8.29,8.28,24640028.0,205546208.0
2014-05-07,8.38,8.4,8.32,8.32,13012404.0,108699184.0
2014-05-06,8.38,8.51,8.4,8.35,22524120.0,189649088.0
2014-05-05,8.41,8.48,8.4,8.3,29540788.0,247260528.0
2014-04-30,8.62,8.63,8.49,8.45,25559084.0,217874736.0
2014-04-29,8.67,8.67,8.61,8.48,35208400.0,301883104.0
2014-04-28,8.54,8.78,8.65,8.47,58668860.0,505297696.0
2014-04-25,8.44,8.88,8.47,8.39,83114480.0,713404736.0
2014-04-24,8.37,8.46,8.39,8.31,26160558.0,219774000.0
2014-04-23,8.45,8.46,8.36,8.34,23120876.0,193880896.0
2014-04-22,8.28,8.49,8.46,8.27,28424428.0,238190016.0
2014-04-21,8.4,8.48,8.29,8.28,33390852.0,279778944.0
2014-04-18,8.47,8.5,8.45,8.33,36865104.0,310191392.0
2014-04-17,8.61,8.64,8.54,8.44,25497728.0,217051280.0
2014-04-16,8.48,8.63,8.59,8.47,22950044.0,196881280.0
2014-04-15,8.71,8.73,8.51,8.42,31406468.0,268428048.0
2014-04-14,8.86,8.88,8.75,8.7,26765436.0,234458112.0
2014-04-11,8.91,8.97,8.88,8.81,40490336.0,359845152.0
2014-04-10,8.91,9.09,8.93,8.87,57613000.0,516387808.0
2014-04-09,8.9,8.95,8.9,8.84,33677752.0,299412704.0
2014-04-08,8.53,9.12,8.93,8.5,84638288.0,747976832.0
2014-04-04,8.33,8.58,8.53,8.32,29934058.0,254159552.0
2014-04-03,8.48,8.57,8.39,8.33,26771300.0,226788320.0
2014-04-02,8.4,8.5,8.45,8.38,26849760.0,226981376.0
2014-04-01,8.39,8.46,8.39,8.32,15317856.0,128625984.0
2014-03-31,8.35,8.46,8.44,8.23,29770624.0,249240560.0
2014-03-28,8.29,8.42,8.28,8.24,23741244.0,197869776.0
2014-03-27,8.18,8.41,8.32,8.11,37906784.0,313849344.0
2014-03-26,8.27,8.32,8.19,8.16,17227636.0,141592544.0
2014-03-25,8.34,8.37,8.25,8.21,21954812.0,182173728.0
2014-03-24,8.39,8.49,8.36,8.33,55730008.0,469086848.0
2014-03-21,7.9,8.35,8.31,7.9,56885940.0,466414944.0
2014-03-20,7.98,8.08,7.94,7.94,16834492.0,135115776.0
2014-03-19,7.98,8.0,7.99,7.92,16372322.0,130213088.0
2014-03-18,8.06,8.11,8.0,7.99,15761617.0,126638976.0
2014-03-17,8.16,8.18,8.06,8.02,14860494.0,119891288.0
2014-03-14,8.07,8.16,8.04,7.98,21285064.0,171623168.0
2014-03-13,8.05,8.28,8.12,8.05,26511546.0,216373472.0
2014-03-12,7.86,8.1,8.0,7.84,36018848.0,287088000.0
2014-03-11,7.77,7.93,7.88,7.77,32559344.0,255752800.0
2014-03-10,8.0,8.04,7.77,7.76,43085040.0,339189440.0
2014-03-07,8.18,8.32,8.07,8.05,31910152.0,261827488.0
2014-03-06,8.09,8.33,8.22,8.06,36830160.0,303028672.0
2014-03-05,8.15,8.25,8.13,8.07,26294830.0,214624016.0
2014-03-04,8.08,8.2,8.11,7.97,25744446.0,207936656.0
2014-03-03,8.09,8.2,8.04,7.99,27673892.0,223640560.0
2014-02-28,8.11,8.25,8.17,8.01,31441000.0,255761200.0
2014-02-27,7.83,8.4,8.19,7.77,72150360.0,589840576.0
2014-02-26,7.85,7.93,7.8,7.75,20097040.0,157228144.0
2014-02-25,7.94,8.05,7.84,7.81,27150726.0,215322736.0
2014-02-24,8.1,8.1,7.94,7.9,26806108.0,213209376.0
2014-02-21,8.2,8.21,8.15,8.1,26753328.0,217925264.0
2014-02-20,8.4,8.49,8.2,8.18,41782552.0,348641984.0
2014-02-19,8.11,8.47,8.39,8.08,57648768.0,479213696.0
2014-02-18,8.34,8.36,8.11,8.08,41720480.0,341117152.0
2014-02-17,8.47,8.53,8.38,8.31,32565000.0,272694816.0
2014-02-14,8.39,8.46,8.42,8.35,27056192.0,227420240.0
2014-02-13,8.32,8.62,8.45,8.25,66872880.0,566285056.0
2014-02-12,8.38,8.5,8.34,8.3,36288624.0,304453536.0
2014-02-11,8.25,8.57,8.43,8.16,55031300.0,463085920.0
2014-02-10,8.15,8.26,8.24,8.11,23922412.0,196477024.0
2014-02-07,8.1,8.14,8.1,8.0,18269518.0,147590848.0
2014-01-30,8.31,8.35,8.17,8.16,17118028.0,141074784.0
2014-01-29,8.27,8.39,8.34,8.22,27992664.0,233568448.0
2014-01-28,8.15,8.25,8.25,8.11,25465200.0,208564128.0
2014-01-27,8.17,8.22,8.1,8.0,23722232.0,192428016.0
2014-01-24,7.98,8.23,8.12,7.98,24239418.0,197143760.0
2014-01-23,8.11,8.14,8.02,8.02,16970888.0,136868560.0
2014-01-22,7.97,8.17,8.15,7.94,25776460.0,208499424.0
2014-01-21,7.94,8.08,7.97,7.91,12237490.0,97770104.0
2014-01-20,7.95,8.0,7.91,7.89,11868693.0,94156744.0
2014-01-17,8.03,8.09,7.96,7.94,18778028.0,150125536.0
2014-01-16,8.01,8.16,8.09,7.89,20272184.0,163137168.0
2014-01-15,8.2,8.2,8.01,7.93,27939692.0,224945184.0
2014-01-14,8.21,8.28,8.21,8.12,23792052.0,194998112.0
2014-01-13,8.16,8.26,8.2,8.1,27266972.0,222984160.0
2014-01-10,7.96,8.2,8.16,7.89,32096672.0,259806064.0
2014-01-09,7.98,8.16,8.01,7.96,26248054.0,211751680.0
2014-01-08,7.87,8.04,8.01,7.81,29337360.0,233617792.0
2014-01-07,7.82,7.91,7.84,7.74,21266442.0,166163360.0
2014-01-06,8.1,8.15,7.87,7.81,34358548.0,272247264.0
2014-01-03,8.25,8.25,8.06,8.0,29878460.0,241173984.0
2014-01-02,8.51,8.51,8.3,8.24,37610632.0,312566016.0
2013-12-31,8.31,8.62,8.57,8.28,89627584.0,761296384.0
2013-12-30,8.2,8.44,8.37,8.13,74845880.0,623828096.0
2013-12-27,7.9,8.34,8.2,7.87,62749152.0,508387776.0
2013-12-26,7.66,8.05,7.92,7.61,95777424.0,751759680.0
2013-12-25,7.65,7.74,7.67,7.56,20781632.0,159337408.0
2013-12-24,7.69,7.75,7.64,7.55,17931776.0,137483840.0
2013-12-23,7.62,7.73,7.64,7.51,24679544.0,188329104.0
2013-12-20,7.87,7.89,7.56,7.55,48577640.0,372865600.0
2013-12-19,8.18,8.2,7.87,7.85,35429832.0,283198336.0
2013-12-18,8.13,8.22,8.14,8.1,15180608.0,123608776.0
2013-12-17,8.16,8.2,8.12,8.11,15450000.0,125763720.0
2013-12-16,8.21,8.36,8.14,8.08,29751104.0,244550304.0
2013-12-13,8.1,8.2,8.17,8.04,20649348.0,167929200.0
2013-12-12,8.17,8.24,8.18,8.15,19457602.0,159522816.0
2013-12-11,8.28,8.29,8.19,8.12,31893288.0,261626896.0
2013-12-10,8.32,8.38,8.32,8.26,24089506.0,200501792.0
2013-12-09,8.52,8.57,8.3,8.28,45035040.0,377585536.0
2013-12-06,8.46,8.53,8.48,8.4,35467632.0,300132160.0
2013-12-05,8.8,8.8,8.53,8.48,112917864.0,974232064.0
2013-12-04,8.58,8.83,8.79,8.55,87273768.0,762160512.0
2013-12-03,8.4,8.7,8.62,8.35,79497392.0,678365376.0
2013-12-02,8.21,8.67,8.42,8.21,84908512.0,717027072.0
2013-11-29,8.33,8.37,8.22,8.19,28868164.0,238750592.0
2013-11-28,8.11,8.36,8.26,8.1,47334256.0,389726432.0
2013-11-27,8.01,8.17,8.11,7.99,33366956.0,269988544.0
2013-11-26,7.98,8.05,8.0,7.96,21294318.0,170919808.0
2013-11-25,7.94,8.08,7.97,7.94,24206204.0,193890288.0
2013-11-22,8.08,8.11,7.98,7.97,25303246.0,203246704.0
2013-11-21,8.05,8.09,8.08,7.93,40905668.0,326815776.0
2013-11-20,8.02,8.13,8.08,7.98,39184992.0,315671392.0
2013-11-19,8.07,8.08,7.97,7.95,44861980.0,359288192.0
2013-11-18,7.8,8.08,8.07,7.76,78149728.0,619702848.0
2013-11-15,7.6,7.85,7.77,7.57,49396016.0,383596896.0
2013-11-14,7.68,7.69,7.59,7.53,31878684.0,242775024.0
2013-11-13,7.78,7.81,7.65,7.64,36355036.0,280380128.0
2013-11-12,7.71,7.86,7.85,7.69,39275472.0,306131872.0
2013-11-11,7.6,7.75,7.68,7.55,25238188.0,192847120.0
2013-11-08,7.57,7.66,7.57,7.55,20334336.0,154570368.0
2013-11-07,7.57,7.66,7.6,7.55,23180796.0,176349584.0
2013-11-06,7.7,7.71,7.57,7.56,32593876.0,249190224.0
2013-11-05,7.76,7.8,7.75,7.64,36869140.0,284333504.0
2013-11-04,7.96,7.99,7.82,7.81,37291560.0,294568896.0
2013-11-01,7.83,7.97,7.9,7.78,45282872.0,356977824.0
2013-10-31,8.01,8.01,7.83,7.82,56116032.0,443130272.0
2013-10-30,7.91,8.0,7.99,7.82,59015792.0,466808192.0
2013-10-29,7.62,8.03,7.86,7.61,88878288.0,694685440.0
2013-10-28,7.6,7.63,7.59,7.52,22145042.0,167619136.0
2013-10-25,7.49,7.67,7.56,7.48,45379024.0,343877280.0
2013-10-24,7.44,7.58,7.46,7.41,25521316.0,190977168.0
2013-10-23,7.45,7.7,7.46,7.42,39279812.0,296542272.0
2013-10-22,7.5,7.51,7.41,7.39,20587220.0,153101232.0
2013-10-21,7.46,7.56,7.54,7.38,31448624.0,234827392.0
2013-10-18,7.41,7.53,7.44,7.39,18760548.0,139876128.0
2013-10-17,7.45,7.48,7.39,7.37,17250764.0,128034352.0
2013-10-16,7.48,7.5,7.39,7.36,21278158.0,157882672.0
2013-10-15,7.6,7.62,7.5,7.47,22919080.0,172545680.0
2013-10-14,7.68,7.68,7.6,7.57,26650976.0,202775104.0
2013-10-11,7.59,7.72,7.7,7.55,38980852.0,297815936.0
2013-10-10,7.7,7.72,7.52,7.5,28328188.0,215072080.0
2013-10-09,7.52,7.69,7.66,7.51,30270192.0,230843600.0
2013-10-08,7.44,7.62,7.57,7.35,26319260.0,197328048.0
2013-09-30,7.49,7.55,7.47,7.45,20279942.0,151998864.0
2013-09-27,7.37,7.48,7.45,7.35,20621684.0,153011712.0
2013-09-26,7.58,7.6,7.4,7.38,30490104.0,227314320.0
2013-09-25,7.65,7.75,7.61,7.58,27189158.0,208080560.0
2013-09-24,7.83,7.85,7.66,7.61,43219004.0,332229312.0
2013-09-23,7.9,7.94,7.89,7.79,34488924.0,271111424.0
2013-09-18,7.79,7.91,7.86,7.71,32783582.0,256784272.0
2013-09-17,8.09,8.12,7.8,7.79,53403980.0,423309088.0
2013-09-16,8.21,8.23,8.07,7.96,62616832.0,506606112.0
2013-09-13,8.1,8.3,8.12,8.04,70375368.0,574049536.0
2013-09-12,7.83,8.38,8.16,7.75,114067784.0,925008704.0
2013-09-11,7.84,7.98,7.83,7.8,69381992.0,547247104.0
2013-09-10,7.81,7.87,7.83,7.59,106643904.0,826152768.0
2013-09-09,7.31,7.86,7.76,7.3,139679232.0,1067339456.0
2013-09-06,7.1,7.26,7.21,7.08,39044372.0,280049504.0
2013-09-05,7.19,7.19,7.12,7.11,20203528.0,144227968.0
2013-09-04,7.17,7.28,7.17,7.15,40395944.0,291160640.0
2013-09-03,7.04,7.21,7.19,7.0,63604524.0,453575680.0
2013-09-02,7.0,7.05,7.01,6.93,36798128.0,257676512.0
2013-08-30,6.96,7.02,6.98,6.9,33255828.0,231871552.0
2013-08-29,7.01,7.05,6.96,6.91,28824496.0,200969120.0
2013-08-28,6.96,7.01,6.96,6.88,34146456.0,237249200.0
2013-08-27,6.98,7.06,7.0,6.93,32379468.0,226442016.0
2013-08-26,6.87,7.0,6.98,6.81,43611560.0,303014848.0
2013-08-23,6.95,7.0,6.84,6.72,33803480.0,232326880.0
2013-08-22,6.88,7.02,6.91,6.87,25046500.0,174031776.0
2013-08-21,6.98,7.02,6.89,6.87,29053916.0,200922592.0
2013-08-20,6.93,7.1,6.97,6.91,54564648.0,382267008.0
2013-08-19,6.76,7.02,6.95,6.72,42520996.0,292665184.0
2013-08-16,6.75,7.48,6.87,6.69,100140856.0,701038912.0
2013-08-15,6.88,6.95,6.8,6.76,32945860.0,225745584.0
2013-08-14,6.94,7.06,6.9,6.88,43992768.0,307010144.0
2013-08-13,6.86,6.96,6.94,6.84,40775996.0,281778112.0
2013-08-12,6.72,6.92,6.89,6.7,55771720.0,380909248.0
2013-08-09,6.74,6.84,6.7,6.66,51779016.0,348834464.0
2013-08-08,6.6,6.7,6.68,6.54,27318048.0,181093648.0
2013-08-07,6.59,6.68,6.62,6.57,24096872.0,159691120.0
2013-08-06,6.55,6.62,6.59,6.5,22833968.0,149510656.0
2013-08-05,6.46,6.59,6.58,6.44,28121452.0,183004080.0
2013-08-02,6.49,6.53,6.45,6.41,29430756.0,190190048.0
2013-08-01,6.35,6.46,6.43,6.33,29149138.0,186645104.0
2013-07-31,6.32,6.41,6.35,6.25,22425768.0,141513168.0
2013-07-30,6.23,6.39,6.28,6.21,34227476.0,215102224.0
2013-07-29,6.36,6.36,6.19,6.13,44766416.0,278276256.0
2013-07-26,6.49,6.52,6.45,6.43,17191718.0,111102280.0
2013-07-25,6.57,6.62,6.52,6.46,29542596.0,193233376.0
2013-07-24,6.75,6.78,6.6,6.45,45560928.0,299728096.0
2013-07-23,9.05,9.36,9.28,9.0,35500036.0,327573504.0
2013-07-22,8.9,9.08,9.03,8.81,21466572.0,192053808.0
2013-07-19,9.2,9.27,9.03,9.02,23540852.0,215675712.0
2013-07-18,9.34,9.38,9.17,9.15,28783876.0,266734240.0
2013-07-17,9.39,9.44,9.28,9.23,25210522.0,235431248.0
2013-07-16,9.37,9.43,9.43,9.2,21694186.0,202014944.0
2013-07-15,9.28,9.55,9.37,9.24,30910516.0,290841088.0
2013-07-12,9.45,9.54,9.21,9.17,40000324.0,374274560.0
2013-07-11,8.92,9.69,9.54,8.92,67967728.0,636287808.0
2013-07-10,8.64,8.89,8.88,8.64,16348913.0,143512352.0
2013-07-09,8.6,8.68,8.65,8.6,8255702.0,71337400.0
2013-07-08,8.63,8.72,8.59,8.57,18828916.0,162314656.0
2013-07-05,8.78,8.88,8.75,8.74,14493519.0,127641056.0
2013-07-04,8.6,8.88,8.75,8.57,25616740.0,224277216.0
2013-07-03,8.85,8.85,8.68,8.56,24566432.0,213055216.0
2013-07-02,8.93,8.96,8.88,8.81,16458997.0,146009792.0
2013-07-01,8.91,9.0,8.92,8.78,19706104.0,175354048.0
2013-06-28,8.62,9.06,9.02,8.56,37393436.0,330926528.0
2013-06-27,8.65,8.73,8.66,8.56,31926080.0,275988096.0
2013-06-26,8.75,8.81,8.58,8.45,39230664.0,338028480.0
2013-06-25,8.66,8.73,8.69,7.98,70095912.0,589290752.0
2013-06-24,9.47,9.47,8.69,8.67,45202124.0,406700896.0
2013-06-21,9.37,9.64,9.48,9.34,18585108.0,176604816.0
2013-06-20,9.91,9.94,9.52,9.5,25026768.0,243108640.0
2013-06-19,10.08,10.08,9.96,9.85,13720982.0,136320048.0
2013-06-18,10.1,10.18,10.1,10.04,11160821.0,112843376.0
2013-06-17,10.12,10.14,10.03,10.0,12688805.0,127646008.0
2013-06-14,10.03,10.08,10.06,9.98,18984572.0,190358624.0
2013-06-13,10.21,10.21,9.99,9.92,27548548.0,275073472.0
2013-06-07,10.43,10.46,10.26,10.24,18708736.0,193277136.0
2013-06-06,10.57,10.62,10.39,10.38,22532526.0,235908352.0
2013-06-05,10.68,10.71,10.59,10.55,18508786.0,196615680.0
2013-06-04,10.71,10.78,10.7,10.67,20813458.0,222889184.0
2013-06-03,10.74,10.83,10.71,10.68,18041132.0,194010512.0
2013-05-31,10.8,10.83,10.69,10.67,21616442.0,232595488.0
2013-05-30,10.82,10.89,10.76,10.73,31033052.0,334352800.0
2013-05-29,10.96,11.01,10.84,10.82,30015794.0,327217472.0
2013-05-28,10.64,10.94,10.93,10.59,39938384.0,430774432.0
2013-05-27,10.7,10.77,10.64,10.59,29237200.0,311838208.0
2013-05-24,10.75,10.86,10.72,10.65,32310448.0,346325632.0
2013-05-23,10.9,10.96,10.74,10.72,24094032.0,261121472.0
2013-05-22,10.88,10.97,10.95,10.86,24477244.0,266831648.0
2013-05-21,10.93,10.97,10.88,10.82,25640008.0,279138944.0
2013-05-20,10.9,11.13,10.96,10.82,52953796.0,581787776.0
2013-05-17,10.77,10.89,10.86,10.7,49385048.0,533778976.0
2013-05-16,10.49,10.81,10.81,10.41,37653328.0,400926656.0
2013-05-15,10.5,10.57,10.51,10.46,16092626.0,169226848.0
2013-05-14,10.58,10.59,10.49,10.42,16170260.0,169690048.0
2013-05-13,10.61,10.66,10.59,10.52,14977210.0,158581792.0
2013-05-10,10.52,10.66,10.61,10.47,18108812.0,191639152.0
2013-05-09,10.7,10.72,10.53,10.43,27860744.0,294055392.0
2013-05-08,10.76,10.86,10.69,10.66,27727326.0,297923328.0
2013-05-07,10.79,10.79,10.7,10.62,30934046.0,330398784.0
2013-05-06,10.85,10.96,10.85,10.73,45325536.0,491382496.0
2013-05-03,10.65,11.01,10.79,10.62,38019864.0,411740704.0
2013-05-02,10.4,10.65,10.59,10.37,28839492.0,304139648.0
2013-04-26,10.43,10.67,10.47,10.38,50156004.0,528552992.0
2013-04-25,10.37,10.37,10.19,10.16,22562432.0,231343728.0
2013-04-24,10.19,10.55,10.38,10.09,32544776.0,334516224.0
2013-04-23,10.72,10.74,10.14,10.08,39088288.0,402398656.0
2013-04-22,10.57,10.68,10.6,10.53,25703108.0,272193280.0
2013-04-19,10.18,10.75,10.61,10.16,51958148.0,545063104.0
2013-04-18,9.97,10.25,10.18,9.8,33119644.0,333660416.0
2013-04-17,10.18,10.18,10.07,9.97,16304679.0,163856256.0
2013-04-16,10.1,10.22,10.17,9.96,21615488.0,218204912.0
2013-04-15,10.19,10.25,10.16,10.12,16866436.0,171545136.0
2013-04-12,10.16,10.25,10.19,10.1,18849992.0,192153280.0
2013-04-11,10.26,10.27,10.17,10.12,11342935.0,115474192.0
2013-04-10,10.24,10.27,10.14,10.05,14169893.0,143902416.0
2013-04-09,10.29,10.39,10.24,10.21,24358562.0,250771008.0
2013-04-08,10.18,10.3,10.26,10.12,18271556.0,186847216.0
2013-04-03,10.34,10.51,10.4,10.34,23497536.0,244940928.0
2013-04-02,10.3,10.42,10.31,10.24,24064852.0,248542032.0
2013-04-01,10.37,10.41,10.25,10.25,18084636.0,186563216.0
2013-03-29,10.13,10.47,10.46,10.02,74351072.0,765829824.0
2013-03-28,10.4,10.4,10.15,9.74,88640120.0,893535616.0
2013-03-27,10.74,10.99,10.82,10.71,31212060.0,338108384.0
2013-03-26,11.0,11.04,10.71,10.65,42142320.0,453588640.0
2013-03-25,11.21,11.35,11.07,11.05,27784612.0,310343360.0
2013-03-22,11.08,11.22,11.19,11.02,34383176.0,383106560.0
2013-03-21,11.18,11.27,11.11,11.01,55541560.0,619620928.0
2013-03-20,10.6,11.22,11.18,10.57,63762652.0,698582528.0
2013-03-19,10.46,10.6,10.59,10.38,25074634.0,262788752.0
2013-03-18,10.35,10.55,10.42,10.31,28548256.0,298505728.0
2013-03-15,10.38,10.84,10.41,10.26,44355636.0,468257280.0
2013-03-14,10.32,10.46,10.37,10.28,20223336.0,209748352.0
2013-03-13,10.29,10.43,10.31,10.25,27117760.0,279969728.0
2013-03-12,10.67,10.77,10.3,10.21,45296116.0,472714496.0
2013-03-11,10.78,10.82,10.68,10.59,26214980.0,280494528.0
2013-03-08,10.76,10.94,10.81,10.65,29351300.0,316983360.0
2013-03-07,11.01,11.05,10.71,10.56,44663432.0,484815520.0
2013-03-06,11.14,11.24,11.09,10.97,45636680.0,507332064.0
2013-03-05,10.51,11.17,11.06,10.5,53887892.0,584748416.0
2013-03-04,10.95,11.0,10.51,10.42,52362700.0,559638144.0
2013-03-01,11.24,11.35,11.18,10.95,46358776.0,518808992.0
2013-02-28,10.9,11.26,11.24,10.74,51877092.0,573159808.0
2013-02-27,10.78,11.03,10.8,10.56,42109648.0,454163872.0
2013-02-26,10.7,11.19,10.72,10.66,48174560.0,527937888.0
2013-02-25,10.71,10.87,10.81,10.68,31639208.0,341033344.0
2013-02-22,10.61,10.83,10.6,10.55,41436372.0,443868000.0
2013-02-21,11.0,11.06,10.66,10.57,58656592.0,631663744.0
2013-02-20,11.37,11.38,11.15,10.89,52840648.0,585218880.0
2013-02-19,11.49,11.57,11.35,11.23,41229944.0,468874624.0
2013-02-18,11.9,11.9,11.49,11.45,45887540.0,533290816.0
2013-02-08,11.68,11.84,11.82,11.43,55368792.0,646925440.0
2013-02-07,12.14,12.21,11.71,11.41,81253672.0,954667968.0
2013-02-06,11.88,12.24,12.2,11.79,57144236.0,684762176.0
2013-02-05,12.01,12.12,11.89,11.69,56002368.0,666001024.0
2013-02-04,12.07,12.43,12.09,12.01,95440808.0,1162773760.0
2013-02-01,11.55,12.0,11.97,11.5,76800912.0,905997184.0
2013-01-31,11.59,11.66,11.65,11.39,54137084.0,624545664.0
2013-01-30,11.67,11.67,11.54,11.2,48773600.0,561878784.0
2013-01-29,11.52,11.82,11.66,11.37,94112376.0,1090865920.0
2013-01-28,11.07,11.54,11.47,11.07,65020984.0,741294528.0
2013-01-25,11.01,11.11,11.04,10.89,37667924.0,414908768.0
2013-01-24,11.2,11.6,10.99,10.81,83466000.0,937974144.0
2013-01-23,11.05,11.29,11.2,10.99,54969840.0,612357824.0
2013-01-22,10.78,11.25,11.14,10.65,105110528.0,1158996480.0
2013-01-21,10.6,10.79,10.78,10.45,60097652.0,642175040.0
2013-01-18,10.4,10.66,10.55,10.39,38960748.0,409751840.0
2013-01-17,10.28,10.45,10.36,10.15,26747112.0,274610368.0
2013-01-16,10.49,10.5,10.31,10.15,29059848.0,300088672.0
2013-01-15,10.45,10.62,10.52,10.41,41841952.0,438985056.0
2013-01-14,9.91,10.53,10.46,9.9,59575128.0,612251136.0
2013-01-11,10.14,10.17,9.96,9.92,27125736.0,272079840.0
2013-01-10,10.1,10.24,10.13,10.07,25982164.0,263361728.0
2013-01-09,10.21,10.25,10.1,10.05,34803652.0,352892960.0
2013-01-08,10.48,10.52,10.22,10.15,40073800.0,410805984.0
2013-01-07,10.32,10.59,10.45,10.28,29429328.0,307059392.0
2013-01-04,10.59,10.67,10.33,10.26,62240128.0,647400128.0
2012-12-31,10.17,10.38,10.35,10.17,53961372.0,556460736.0
2012-12-28,10.02,10.19,10.13,9.99,25635988.0,259007072.0
2012-12-27,10.05,10.18,10.0,9.9,34854348.0,349679520.0
2012-12-26,10.12,10.15,10.04,9.95,44266664.0,444292416.0
2012-12-25,9.7,10.28,10.14,9.62,82680712.0,829177600.0
2012-12-24,9.59,9.8,9.72,9.57,42952908.0,417705152.0
2012-12-21,9.73,9.76,9.6,9.55,34753092.0,335006144.0
2012-12-20,9.8,9.84,9.73,9.53,56697372.0,547607232.0
2012-12-19,9.83,9.91,9.83,9.82,33027086.0,325920800.0
2012-12-18,9.79,10.01,9.87,9.7,58998292.0,583554496.0
2012-12-17,9.91,9.93,9.83,9.72,56454020.0,555142400.0
2012-12-14,9.08,10.01,9.85,9.08,84120448.0,808934080.0
2012-12-13,9.23,9.29,9.12,9.11,26667300.0,245492288.0
2012-12-12,9.13,9.33,9.25,9.1,34418216.0,318159488.0
2012-12-11,9.13,9.23,9.16,9.04,35513424.0,324556736.0
2012-12-10,9.18,9.21,9.15,9.06,64111836.0,586296192.0
2012-12-07,8.69,9.13,9.11,8.64,80534336.0,721037120.0
2012-12-06,8.52,8.72,8.69,8.52,47255212.0,408087424.0
2012-12-05,8.13,8.63,8.57,8.11,77216904.0,654457280.0
2012-12-04,8.01,8.18,8.16,7.95,27491020.0,222002288.0
2012-12-03,8.4,8.4,8.08,8.03,74841536.0,608852992.0
2012-11-30,8.39,8.46,8.43,8.32,18555356.0,155954208.0
2012-11-29,8.45,8.49,8.42,8.36,16249245.0,136600736.0
2012-11-28,8.52,8.56,8.47,8.43,12693059.0,107818480.0
2012-11-27,8.54,8.62,8.55,8.53,22728132.0,194974928.0
2012-11-26,8.54,8.62,8.55,8.54,10326566.0,88561232.0
2012-11-23,8.44,8.63,8.6,8.42,32401936.0,277833248.0
2012-11-22,8.45,8.48,8.42,8.36,10290290.0,86636712.0
2012-11-21,8.34,8.5,8.48,8.32,13979785.0,117748168.0
2012-11-20,8.4,8.43,8.33,8.33,8940852.0,74828040.0
2012-11-19,8.31,8.38,8.36,8.3,7840712.0,65418424.0
2012-11-16,8.35,8.38,8.3,8.28,13682499.0,113780024.0
2012-11-15,8.45,8.48,8.35,8.35,9913598.0,83475800.0
2012-11-14,8.45,8.54,8.51,8.42,13310690.0,112901344.0
2012-11-13,8.65,8.65,8.45,8.43,18440384.0,156769088.0
2012-11-12,8.54,8.66,8.65,8.52,18568028.0,159760384.0
2012-11-09,8.49,8.56,8.5,8.47,9632439.0,82030496.0
2012-11-08,8.59,8.67,8.51,8.49,18854298.0,161623248.0
2012-11-07,8.69,8.73,8.68,8.6,12983073.0,112657888.0
2012-11-06,8.76,8.77,8.71,8.58,26134080.0,226222672.0
2012-11-05,8.72,8.86,8.77,8.65,44064028.0,386373312.0
2012-11-02,8.51,8.78,8.75,8.5,64874680.0,561200640.0
2012-11-01,8.37,8.57,8.52,8.35,29978152.0,254172080.0
2012-10-31,8.35,8.41,8.36,8.3,13685693.0,114320720.0
2012-10-30,8.31,8.4,8.33,8.25,13348950.0,111007168.0
2012-10-29,8.26,8.36,8.3,8.25,8675168.0,72084712.0
2012-10-26,8.44,8.46,8.28,8.24,21827664.0,182002784.0
2012-10-25,8.43,8.48,8.39,8.38,15026513.0,126627976.0
2012-10-24,8.42,8.49,8.43,8.38,12289080.0,103784912.0
2012-10-23,8.53,8.55,8.41,8.38,12931665.0,109545672.0
2012-10-22,8.4,8.55,8.53,8.39,18104852.0,153518176.0
2012-10-19,8.45,8.46,8.44,8.4,11545189.0,97320168.0
2012-10-18,8.39,8.48,8.46,8.37,20531028.0,173335872.0
2012-10-17,8.36,8.41,8.37,8.29,23009896.0,192366976.0
2012-10-16,8.15,8.43,8.35,8.15,43363924.0,361588608.0
2012-10-15,8.23,8.25,8.14,8.09,12286302.0,100248576.0
2012-10-12,8.2,8.31,8.23,8.18,24472752.0,201792640.0
2012-10-11,8.18,8.2,8.17,8.15,11956398.0,97748848.0
2012-10-10,8.18,8.22,8.2,8.14,12959508.0,106015656.0
2012-10-09,8.04,8.24,8.21,8.03,29195696.0,238578816.0
2012-10-08,8.02,8.09,8.03,7.97,16740223.0,134396080.0
2012-09-28,7.91,8.05,8.04,7.9,24704568.0,197049872.0
2012-09-27,7.79,8.07,7.97,7.78,32909396.0,261516960.0
2012-09-26,7.83,7.89,7.79,7.79,11479992.0,89871696.0
2012-09-25,7.88,7.92,7.86,7.83,8264355.0,65081716.0
2012-09-24,7.87,7.95,7.91,7.8,17152784.0,135038880.0
2012-09-21,7.97,8.01,7.94,7.89,24835430.0,197243984.0
2012-09-20,8.21,8.22,7.98,7.97,30990916.0,250222352.0
2012-09-19,8.25,8.28,8.23,8.19,16070055.0,132063312.0
2012-09-18,8.27,8.29,8.23,8.21,12985291.0,107094240.0
2012-09-17,8.45,8.46,8.29,8.28,19714048.0,164947088.0
2012-09-14,8.43,8.52,8.46,8.39,24915692.0,210946816.0
2012-09-13,8.42,8.46,8.39,8.38,12291407.0,103507520.0
2012-09-12,8.47,8.51,8.41,8.35,20663656.0,174234048.0
2012-09-11,8.47,8.48,8.39,8.36,23380590.0,196545296.0
2012-09-10,8.53,8.58,8.49,8.46,36388600.0,309249344.0
2012-09-07,8.33,8.7,8.57,8.28,55286124.0,469673088.0
2012-09-06,8.25,8.31,8.3,8.19,19266310.0,159094688.0
2012-09-05,8.4,8.43,8.22,8.19,36180516.0,299519968.0
2012-09-04,8.69,8.71,8.43,8.37,29247008.0,248815280.0
2012-09-03,8.74,8.77,8.69,8.68,17077328.0,148769520.0
2012-08-31,8.8,8.85,8.74,8.72,10305784.0,90553656.0
2012-08-30,8.68,8.87,8.83,8.65,15879334.0,139757152.0
2012-08-29,8.77,8.83,8.77,8.74,12361712.0,108495320.0
2012-08-28,8.62,8.9,8.83,8.59,22373216.0,195985776.0
2012-08-27,8.63,8.66,8.59,8.52,14031554.0,120465728.0
2012-08-24,8.73,8.73,8.66,8.64,9351671.0,81209216.0
2012-08-23,8.72,8.76,8.73,8.65,10860689.0,94626480.0
2012-08-22,8.71,8.73,8.7,8.64,11574433.0,100551632.0
2012-08-21,8.71,8.75,8.7,8.68,14473038.0,126109960.0
2012-08-20,8.8,8.82,8.71,8.63,10869082.0,94595288.0
2012-08-17,8.72,8.83,8.82,8.72,12940736.0,113619840.0
2012-08-16,8.8,8.84,8.72,8.69,12851108.0,112396912.0
2012-08-15,8.98,9.01,8.8,8.8,18666820.0,165237312.0
2012-08-14,8.97,9.04,9.01,8.93,12455008.0,111947216.0
2012-08-13,9.04,9.07,8.98,8.97,17183286.0,155108912.0
2012-08-10,9.16,9.2,9.04,9.03,35062280.0,319329280.0
2012-08-09,8.97,9.04,9.03,8.88,19455126.0,174212400.0
2012-08-08,8.82,8.97,8.96,8.82,21521086.0,191915888.0
2012-08-07,8.82,8.85,8.83,8.78,12836719.0,113157000.0
2012-08-06,8.84,8.88,8.86,8.76,18676696.0,164784112.0
2012-08-03,8.88,8.89,8.86,8.8,17683920.0,156199984.0
2012-08-02,8.82,8.92,8.87,8.76,27068040.0,239341840.0
2012-08-01,8.8,8.85,8.84,8.74,33471928.0,294368640.0
2012-07-31,8.53,8.85,8.8,8.53,57124784.0,497777888.0
2012-07-30,8.49,8.66,8.52,8.47,24317380.0,207945696.0
2012-07-27,8.41,8.56,8.46,8.38,21539788.0,182724176.0
2012-07-26,8.38,8.45,8.37,8.35,14958882.0,125525096.0
2012-07-25,8.35,8.46,8.39,8.34,15154807.0,127069776.0
2012-07-24,8.37,8.44,8.37,8.33,20558884.0,172201840.0
2012-07-23,8.61,8.62,8.42,8.36,26496428.0,224186848.0
2012-07-20,8.75,8.76,8.68,8.64,13350751.0,116068368.0
2012-07-19,8.69,8.85,8.77,8.67,24241436.0,212826288.0
2012-07-18,8.66,8.74,8.72,8.55,21613020.0,186671600.0
2012-07-17,8.58,8.73,8.67,8.57,14251568.0,123460424.0
2012-07-16,8.86,8.86,8.6,8.56,26722852.0,231482832.0
2012-07-13,8.8,8.93,8.84,8.75,15145613.0,134024400.0
2012-07-12,8.88,8.88,8.8,8.69,35390540.0,310928928.0
2012-07-11,8.88,8.92,8.86,8.83,14343739.0,127470616.0
2012-07-10,8.86,8.95,8.89,8.82,13189614.0,117343480.0
2012-07-09,9.18,9.21,8.86,8.85,32715866.0,294864704.0
2012-07-06,9.26,9.29,9.22,9.07,38313288.0,351524256.0
2012-07-05,9.47,9.5,9.41,9.35,15767157.0,148485968.0
2012-07-04,9.45,9.58,9.52,9.39,27250904.0,258976560.0
2012-07-03,9.41,9.49,9.45,9.35,16578925.0,156357904.0
2012-07-02,9.49,9.5,9.41,9.36,21607288.0,202938704.0
2012-06-29,9.24,9.51,9.47,9.22,30479212.0,286501536.0
2012-06-28,9.4,9.45,9.24,9.17,19615940.0,183160240.0
2012-06-27,9.39,9.45,9.38,9.34,15869322.0,149065840.0
2012-06-26,9.29,9.44,9.4,9.27,27810660.0,260928592.0
2012-06-25,9.36,9.43,9.28,9.26,16491032.0,154275872.0
2012-06-21,9.5,9.5,9.36,9.34,16810868.0,158095856.0
2012-06-20,9.46,9.61,9.5,9.45,36736028.0,350472704.0
2012-06-19,9.43,9.57,9.45,9.37,23290654.0,220130128.0
2012-06-18,9.48,9.49,9.43,9.4,27982976.0,263961920.0
2012-06-15,9.21,9.57,9.5,9.2,69985472.0,656322368.0
2012-06-14,9.27,9.3,9.17,9.15,30866996.0,284954944.0
2012-06-13,9.26,9.39,9.32,9.19,42790208.0,397678720.0
2012-06-12,9.35,9.35,9.24,9.15,42616888.0,393785472.0
2012-06-11,9.38,9.42,9.37,9.32,26057304.0,244030336.0
2012-06-08,9.6,9.6,9.38,9.34,42495316.0,400125248.0
2012-06-07,9.8,9.82,9.62,9.59,28378150.0,274774336.0
2012-06-06,9.59,9.74,9.7,9.56,38394196.0,370662144.0
2012-06-05,9.57,9.61,9.57,9.51,34956928.0,334438944.0
2012-06-04,9.7,9.71,9.54,9.53,32115668.0,309492864.0
2012-06-01,9.86,9.91,9.81,9.78,36725916.0,361095136.0
2012-05-31,9.95,9.95,9.86,9.83,29058824.0,286502720.0
2012-05-30,10.05,10.07,9.97,9.93,32500842.0,324325152.0
2012-05-29,9.94,10.11,10.08,9.9,42191728.0,422206016.0
2012-05-28,9.87,9.94,9.93,9.82,28642772.0,282946080.0
2012-05-25,9.89,9.91,9.85,9.81,15578064.0,153550096.0
2012-05-24,9.85,9.94,9.86,9.8,24355180.0,240647952.0
2012-05-23,9.92,9.94,9.85,9.82,26238890.0,259163040.0
2012-05-22,9.83,9.96,9.94,9.81,30180432.0,298731744.0
2012-05-21,9.98,10.03,9.79,9.74,40200240.0,397038368.0
2012-05-18,10.2,10.2,9.96,9.94,26766332.0,268940608.0
2012-05-17,10.39,10.49,10.48,10.37,26338532.0,274938528.0
2012-05-16,10.55,10.56,10.36,10.35,29389292.0,306908864.0
2012-05-15,10.53,10.58,10.57,10.47,25455336.0,268092448.0
2012-05-14,10.82,10.82,10.57,10.55,44422928.0,474636384.0
2012-05-11,10.72,10.78,10.72,10.67,15489528.0,166122976.0
2012-05-10,10.74,10.76,10.7,10.65,18656720.0,199816448.0
2012-05-09,10.84,10.87,10.7,10.67,30057646.0,323508224.0
2012-05-08,10.92,10.96,10.88,10.84,33970568.0,369737280.0
2012-05-07,10.85,10.96,10.94,10.85,32946532.0,359097472.0
2012-05-04,10.87,10.93,10.92,10.83,38376452.0,417739456.0
2012-05-03,11.02,11.09,10.84,10.82,65358456.0,712717184.0
2012-05-02,11.24,11.25,11.07,11.01,85772904.0,953203904.0
2012-04-27,11.26,11.33,11.21,11.2,23440050.0,264229456.0
2012-04-26,11.29,11.32,11.26,11.2,20677544.0,232417456.0
2012-04-25,11.25,11.34,11.24,11.16,36503564.0,410466464.0
2012-04-24,11.1,11.58,11.33,11.08,69450400.0,784362816.0
2012-04-23,11.12,11.21,11.08,11.03,22836168.0,253910912.0
2012-04-20,10.96,11.19,11.17,10.9,38479656.0,427445152.0
2012-04-19,10.96,11.03,10.97,10.9,22171620.0,243048288.0
2012-04-18,10.89,11.08,11.0,10.75,32717456.0,357314240.0
2012-04-16,10.99,11.04,10.94,10.88,11960639.0,130825912.0
2012-04-13,11.08,11.11,11.05,10.99,16587300.0,183199872.0
2012-04-12,10.9,11.16,11.09,10.82,29224268.0,322109120.0
2012-04-11,10.86,11.06,10.94,10.81,23053960.0,252101312.0
2012-04-10,10.59,10.95,10.93,10.58,28316292.0,304371360.0
2012-04-09,10.81,10.81,10.59,10.57,16098658.0,172070832.0
2012-04-06,10.74,10.88,10.87,10.67,20175386.0,217624400.0
2012-04-05,10.64,10.86,10.77,10.54,31132172.0,332669824.0
2012-03-30,10.67,10.73,10.73,10.6,14440840.0,154046896.0
2012-03-29,10.7,10.85,10.57,10.51,31734808.0,339421312.0
2012-03-28,10.97,11.08,10.72,10.68,44998096.0,491639232.0
2012-03-27,10.96,11.06,10.99,10.91,26882760.0,295371648.0
2012-03-26,10.8,10.97,10.95,10.8,16129407.0,175787152.0
2012-03-23,10.85,10.94,10.8,10.75,20181342.0,218750512.0
2012-03-22,10.85,11.05,10.94,10.69,37206320.0,405295264.0
2012-03-21,10.91,10.93,10.85,10.78,14989073.0,162749920.0
2012-03-20,10.95,11.0,10.84,10.81,17911086.0,195377344.0
2012-03-19,10.99,11.02,10.98,10.89,21599872.0,236556320.0
2012-03-16,11.03,11.07,11.02,10.88,21434736.0,235268288.0
2012-03-15,11.04,11.13,10.95,10.94,26163136.0,288925280.0
2012-03-14,11.32,11.36,11.05,10.99,45467216.0,509545696.0
2012-03-13,11.09,11.3,11.26,11.07,40496296.0,454858048.0
2012-03-12,11.2,11.21,11.09,11.01,35665468.0,395084512.0
2012-03-09,11.17,11.25,11.22,11.09,31966704.0,357222144.0
2012-03-08,11.12,11.25,11.14,11.08,36350100.0,405026112.0
2012-03-07,11.15,11.21,11.07,11.05,32854146.0,366220064.0
2012-03-06,11.5,11.55,11.23,11.2,33103408.0,374433312.0
2012-03-05,11.74,11.75,11.53,11.51,35321856.0,409736384.0
2012-03-02,11.53,11.69,11.68,11.52,30462974.0,354220256.0
2012-03-01,11.52,11.62,11.53,11.48,19210468.0,221937200.0
2012-02-29,11.71,11.71,11.57,11.56,27048028.0,314519360.0
2012-02-28,11.63,11.82,11.72,11.62,59402160.0,696563840.0
2012-02-27,11.71,11.8,11.63,11.61,68123872.0,796574208.0
2012-02-24,11.47,11.74,11.71,11.4,69530272.0,804111488.0
2012-02-23,11.49,11.54,11.47,11.42,40856232.0,469165312.0
2012-02-22,11.42,11.52,11.51,11.34,51117584.0,583661952.0
2012-02-21,11.41,11.43,11.41,11.31,31530628.0,358557056.0
2012-02-20,11.57,11.57,11.39,11.32,48636848.0,556099520.0
2012-02-17,11.48,11.51,11.36,11.3,31759160.0,361491360.0
2012-02-16,11.46,11.49,11.41,11.34,26058392.0,297196800.0
2012-02-15,11.44,11.56,11.46,11.36,35155804.0,402258176.0
2012-02-14,11.49,11.49,11.46,11.29,28462332.0,323699360.0
2012-02-13,11.45,11.68,11.5,11.4,39393032.0,452591616.0
2012-02-10,11.7,11.84,11.67,11.6,30577376.0,357875648.0
2012-02-09,11.77,11.81,11.77,11.65,30837484.0,361574464.0
2012-02-08,11.58,11.87,11.81,11.53,33865792.0,396307136.0
2012-02-07,11.74,11.75,11.56,11.49,21793480.0,252330528.0
2012-02-06,12.04,12.05,11.8,11.69,31523296.0,372926912.0
2012-02-03,11.9,12.12,12.01,11.87,37145864.0,445058368.0
2012-02-02,11.64,12.0,11.95,11.6,24185664.0,285388896.0
2012-02-01,11.8,11.92,11.61,11.56,22569956.0,264108320.0
2012-01-31,12.0,12.06,11.91,11.79,9723875.0,115678368.0
2012-01-30,12.1,12.12,11.94,11.9,22604376.0,271512608.0
2012-01-20,11.86,12.14,12.12,11.74,45304352.0,541252352.0
2012-01-19,11.66,11.91,11.77,11.57,21836440.0,256529040.0
2012-01-18,11.8,11.83,11.69,11.59,16074203.0,188245936.0
2012-01-17,11.55,11.85,11.85,11.35,25793048.0,301439712.0
2012-01-16,11.5,11.71,11.49,11.4,17057328.0,198167376.0
2012-01-13,11.77,11.84,11.57,11.56,19017874.0,222176160.0
2012-01-12,11.61,11.88,11.75,11.6,25422252.0,299982304.0
2012-01-11,11.81,11.81,11.65,11.63,13406018.0,156954752.0
2012-01-10,11.7,11.83,11.79,11.57,23773680.0,278288160.0
2012-01-09,11.38,11.71,11.69,11.31,41732584.0,483532928.0
2012-01-06,11.29,11.48,11.38,11.24,19617136.0,222349840.0
2012-01-05,11.2,11.54,11.34,11.14,26723052.0,304018336.0
2012-01-04,11.25,11.43,11.12,11.11,18122684.0,204549216.0
2011-12-30,10.95,11.28,11.23,10.95,22447162.0,249300336.0
2011-12-29,11.04,11.08,10.93,10.87,13538832.0,148327424.0
2011-12-28,11.05,11.19,11.11,10.85,13201859.0,145339072.0
2011-12-27,11.23,11.25,11.1,11.04,8480646.0,94490784.0
2011-12-26,11.12,11.25,11.18,11.1,12466082.0,139263984.0
2011-12-23,11.28,11.45,11.22,11.11,15825140.0,178436432.0
2011-12-22,11.11,11.48,11.3,11.11,18230758.0,206192144.0
2011-12-21,11.45,11.54,11.29,11.15,17709180.0,201234016.0
2011-12-20,11.15,11.69,11.35,11.13,27269892.0,312465120.0
2011-12-19,11.16,11.3,11.22,10.94,21128488.0,235305056.0
2011-12-16,10.82,11.32,11.26,10.68,52307380.0,577467648.0
2011-12-15,10.79,10.87,10.74,10.69,16082891.0,173518752.0
2011-12-14,10.74,10.9,10.82,10.73,14804258.0,160159952.0
2011-12-13,10.85,11.01,10.76,10.75,19247300.0,209422208.0
2011-12-12,10.89,11.07,10.88,10.75,15260670.0,166632704.0
2011-12-09,11.01,11.09,10.93,10.88,12477166.0,136673552.0
2011-12-08,11.11,11.21,11.12,11.07,20309000.0,226389776.0
2011-12-07,10.93,11.23,11.14,10.87,25030244.0,277534144.0
2011-12-06,10.91,11.11,10.93,10.88,20537650.0,226310976.0
2011-12-05,10.91,11.1,10.98,10.8,23629404.0,260115824.0
2011-12-02,10.72,10.97,10.89,10.7,20714566.0,224818080.0
2011-12-01,10.75,11.1,10.77,10.69,54698368.0,594474688.0
2011-11-30,10.58,10.59,10.39,10.23,20172256.0,209961888.0
2011-11-29,10.63,10.67,10.64,10.45,15922371.0,168233808.0
2011-11-28,10.6,10.68,10.51,10.5,11590704.0,122781872.0
2011-11-25,10.5,10.61,10.6,10.4,11160087.0,117419704.0
2011-11-24,10.4,10.62,10.55,10.37,16010105.0,168347776.0
2011-11-23,10.63,10.64,10.45,10.33,17681974.0,184901600.0
2011-11-22,10.44,10.68,10.64,10.4,19093438.0,201587568.0
2011-11-21,10.51,10.55,10.48,10.31,11717839.0,122121112.0
2011-11-18,10.47,10.66,10.49,10.45,14402609.0,151698592.0
2011-11-17,10.63,10.66,10.54,10.52,15082224.0,159763648.0
2011-11-16,10.89,10.9,10.63,10.48,30986792.0,330354624.0
2011-11-15,11.02,11.03,10.9,10.83,18865072.0,205654528.0
2011-11-14,10.94,11.06,11.03,10.87,27700656.0,304245312.0
2011-11-11,10.99,11.12,10.87,10.79,27161876.0,296874592.0
2011-11-10,11.07,11.16,10.97,10.96,29736264.0,329260416.0
2011-11-09,11.16,11.23,11.15,11.02,14900219.0,165938752.0
2011-11-08,11.08,11.16,11.11,11.01,16166697.0,179425696.0
2011-11-07,11.18,11.25,11.02,11.0,26949744.0,298999072.0
2011-11-04,11.37,11.4,11.3,11.16,26024544.0,292937696.0
2011-11-03,11.56,11.59,11.27,11.22,45164656.0,513979744.0
2011-11-02,11.08,11.6,11.54,11.04,26670768.0,302344768.0
2011-11-01,11.03,11.35,11.24,11.0,31681892.0,354900480.0
2011-10-31,11.37,11.41,11.1,11.06,36898352.0,411929312.0
2011-10-28,11.57,11.7,11.46,11.3,31007598.0,357555680.0
2011-10-27,11.3,11.48,11.45,11.08,25589814.0,288466400.0
2011-10-26,11.23,11.5,11.3,11.19,34489220.0,391170752.0
2011-10-25,11.32,11.45,11.28,11.16,38449504.0,434120288.0
2011-10-24,11.16,11.5,11.3,11.05,42513028.0,479895744.0
2011-10-21,10.8,11.21,11.09,10.78,35451736.0,393309568.0
2011-10-20,10.86,10.95,10.87,10.66,21784450.0,235664864.0
2011-10-19,10.76,11.01,10.93,10.66,38058040.0,413496160.0
2011-10-18,10.95,11.03,10.74,10.68,30273122.0,329187328.0
2011-10-17,10.85,11.12,11.06,10.8,43135504.0,475318368.0
2011-10-14,10.75,10.92,10.85,10.65,33165560.0,358813184.0
2011-10-13,10.7,10.8,10.78,10.58,29772816.0,318628992.0
2011-10-12,10.1,10.87,10.77,10.04,54964100.0,584015296.0
2011-10-11,10.42,10.47,10.19,10.0,36942992.0,378831168.0
2011-10-10,10.08,10.11,10.02,9.91,15375282.0,153393648.0
2011-09-30,9.98,10.25,10.11,9.91,35316404.0,357593792.0
2011-09-29,9.76,10.02,9.91,9.75,19517644.0,193168256.0
2011-09-28,9.99,10.04,9.81,9.75,13127279.0,130178240.0
2011-09-27,9.98,10.04,9.93,9.85,15648570.0,155703680.0
2011-09-26,10.0,10.12,9.86,9.83,18910946.0,188163008.0
2011-09-23,9.99,10.21,10.08,9.88,17392836.0,174487328.0
2011-09-22,10.44,10.44,10.13,10.1,26209748.0,268663392.0
2011-09-21,10.27,10.64,10.53,10.16,25535404.0,267149440.0
2011-09-20,10.19,10.35,10.25,10.16,11656916.0,119441816.0
2011-09-19,10.44,10.44,10.18,10.17,19351116.0,198290816.0
2011-09-16,10.55,10.71,10.51,10.45,18896642.0,199846064.0
2011-09-15,10.6,10.67,10.47,10.44,15040316.0,158982080.0
2011-09-14,10.58,10.66,10.62,10.36,16071652.0,169638368.0
2011-09-13,10.32,10.63,10.62,10.27,19089400.0,199695904.0
2011-09-09,10.63,10.82,10.53,10.43,26331556.0,280095840.0
2011-09-08,10.75,10.76,10.63,10.58,18030160.0,192176640.0
2011-09-07,10.45,10.75,10.69,10.38,26712548.0,283407360.0
2011-09-06,10.23,10.45,10.39,10.23,20751654.0,215308048.0
2011-09-05,10.26,10.43,10.31,10.17,20026690.0,205784160.0
2011-09-02,10.58,10.6,10.36,10.33,24016128.0,250923616.0
2011-09-01,10.58,10.72,10.58,10.51,35810328.0,379859680.0
2011-08-31,10.6,10.67,10.54,10.46,53901460.0,569580160.0
2011-08-30,10.8,10.99,10.65,10.6,61419608.0,664645312.0
2011-08-29,10.95,10.95,10.73,10.66,55987632.0,603976320.0
2011-08-26,11.24,11.33,11.24,11.03,45029516.0,502636992.0
2011-08-25,10.62,11.39,11.32,10.61,65577644.0,729156608.0
2011-08-24,10.69,10.78,10.56,10.55,16107181.0,172284304.0
2011-08-23,10.4,10.73,10.71,10.31,27610720.0,293070208.0
2011-08-22,10.45,10.6,10.36,10.28,15113697.0,157592944.0
2011-08-19,10.27,10.5,10.49,10.23,22935062.0,237048592.0
2011-08-18,10.57,10.63,10.39,10.26,23538624.0,244768672.0
2011-08-17,10.7,10.84,10.56,10.55,26213916.0,279947264.0
2011-08-16,10.57,10.83,10.7,10.53,48820544.0,521693408.0
2011-08-15,10.02,10.67,10.65,10.02,54364184.0,564427904.0
2011-08-12,9.95,10.18,10.0,9.94,52978564.0,531859616.0
2011-08-11,9.49,9.86,9.83,9.49,25792694.0,250608608.0
2011-08-10,9.91,10.0,9.63,9.58,35880000.0,350759200.0
2011-08-09,9.35,9.86,9.75,9.35,34000988.0,327912704.0
2011-08-08,9.86,10.03,9.55,9.48,23911544.0,232565872.0
2011-08-05,9.98,10.09,9.95,9.9,20896908.0,209205344.0
2011-08-04,10.26,10.32,10.22,10.16,9029590.0,92469456.0
2011-08-03,10.1,10.29,10.22,10.1,13951468.0,142110720.0
2011-08-02,10.15,10.2,10.19,10.02,13861290.0,140049952.0
2011-08-01,10.25,10.34,10.23,10.14,20717564.0,212126960.0
2011-07-29,10.14,10.54,10.3,10.07,34111816.0,351588224.0
2011-07-28,10.1,10.14,10.08,10.03,15925538.0,160648224.0
2011-07-27,10.21,10.27,10.23,10.08,33310696.0,338577536.0
2011-07-26,10.39,10.47,10.3,10.19,32668604.0,336931616.0
2011-07-25,10.79,10.8,10.39,10.22,53468720.0,557650688.0
2011-07-22,10.9,10.92,10.83,10.81,6762873.0,73400512.0
2011-07-21,11.01,11.07,10.87,10.82,16422166.0,178627952.0
2011-07-20,11.07,11.09,11.02,10.91,14363718.0,158034800.0
2011-07-19,11.03,11.04,11.02,10.9,12024478.0,131871640.0
2011-07-18,11.15,11.18,11.07,11.04,16554775.0,183486192.0
2011-07-15,11.0,11.2,11.15,10.91,17715240.0,196673168.0
2011-07-14,11.0,11.08,11.07,10.95,18871288.0,207889680.0
2011-07-13,10.74,11.1,11.06,10.69,36257072.0,396720000.0
2011-07-12,10.95,11.0,10.68,10.62,37273656.0,401498848.0
2011-07-11,11.06,11.19,11.02,10.99,36858816.0,408007328.0
2011-07-08,10.97,11.25,11.13,10.97,26564864.0,295663136.0
2011-07-07,11.1,11.25,10.99,10.96,39452496.0,438028416.0
2011-07-06,11.12,11.12,10.97,10.88,23527610.0,257641056.0
2011-07-05,11.19,11.24,11.13,11.08,14537089.0,161884112.0
2011-07-04,10.92,11.2,11.19,10.88,31009366.0,343574688.0
2011-07-01,10.9,10.99,10.83,10.76,25083908.0,272359808.0
2011-06-30,10.79,11.07,10.87,10.76,26980012.0,294213056.0
2011-06-29,10.97,10.97,10.76,10.73,21474432.0,232280304.0
2011-06-28,11.15,11.15,10.97,10.83,25380008.0,277761120.0
2011-06-27,11.1,11.25,11.13,11.09,15298558.0,170841840.0
2011-06-24,10.85,11.28,11.17,10.85,30415264.0,337784448.0
2011-06-23,10.78,10.96,10.92,10.72,13783541.0,149568096.0
2011-06-22,10.9,10.93,10.84,10.72,9561396.0,103383320.0
2011-06-21,10.68,10.93,10.9,10.67,20056450.0,217306992.0
2011-06-20,10.63,10.7,10.64,10.58,16208326.0,172245920.0
2011-06-17,10.54,10.69,10.59,10.54,14886295.0,158366928.0
2011-06-16,10.72,10.78,10.54,10.5,23371908.0,248458160.0
2011-06-15,11.06,11.11,10.83,10.8,26954084.0,294392288.0
2011-06-14,11.05,11.29,11.11,10.99,30977186.0,345493216.0
2011-06-13,11.05,11.15,11.13,10.83,21399772.0,234882944.0
2011-06-10,11.11,11.24,11.15,11.0,12088443.0,134217408.0
2011-06-09,11.37,11.39,11.08,11.05,16597703.0,186062640.0
2011-06-08,11.6,11.64,11.42,11.25,23382728.0,265641088.0
2011-06-07,11.61,11.7,11.64,11.53,7744849.0,89943000.0
2011-06-03,11.55,11.7,11.68,11.5,16497614.0,191665648.0
2011-06-02,12.03,12.17,11.56,11.47,39992412.0,467183584.0
2011-06-01,12.31,12.35,12.2,12.1,13367436.0,162814560.0
2011-05-31,12.15,12.44,12.37,12.09,15972707.0,196236960.0
2011-05-30,11.95,12.24,12.19,11.86,13935410.0,168984928.0
2011-05-27,11.9,12.23,12.01,11.9,17806196.0,215399264.0
2011-05-26,11.82,12.15,11.94,11.77,21117864.0,252609184.0
2011-05-25,11.95,12.01,11.76,11.75,8208692.0,97319072.0
2011-05-24,11.96,12.22,12.01,11.95,16374977.0,197560672.0
2011-05-23,12.34,12.37,11.96,11.93,18509144.0,224700384.0
2011-05-20,12.19,12.5,12.39,12.16,23059036.0,285705024.0
2011-05-19,12.22,12.32,12.2,12.09,12655435.0,154473168.0
2011-05-18,11.9,12.32,12.22,11.82,21910602.0,266720960.0
2011-05-17,11.71,12.09,11.87,11.71,24536004.0,291996224.0
2011-05-16,12.14,12.19,11.71,11.64,20732236.0,247215488.0
2011-05-13,12.15,12.19,12.14,11.96,14690710.0,177418592.0
2011-05-12,12.12,12.36,12.08,12.04,19444826.0,237464880.0
2011-05-11,12.3,12.35,12.17,12.08,15462967.0,189364608.0
2011-05-10,12.16,12.35,12.32,12.07,13813343.0,169021840.0
2011-05-09,12.12,12.27,12.16,12.07,11470556.0,139320864.0
2011-05-06,12.1,12.3,12.08,12.05,14443649.0,175960720.0
2011-05-05,12.1,12.28,12.24,12.03,23441096.0,285376672.0
2011-05-04,12.37,12.59,12.2,12.02,27446054.0,337398496.0
2011-05-03,12.5,12.51,12.48,12.26,23120508.0,286205408.0
2011-04-29,13.0,13.06,12.52,12.43,42418496.0,535203488.0
2011-04-28,13.25,13.74,13.22,13.03,49709420.0,666969920.0
2011-04-27,13.41,13.41,13.22,13.08,30691214.0,407678112.0
2011-04-26,13.09,13.38,13.33,13.04,36609668.0,485496608.0
2011-04-25,12.9,13.18,13.08,12.73,24512544.0,317922688.0
2011-04-22,12.94,13.1,12.99,12.9,16800954.0,218195568.0
2011-04-21,13.09,13.16,13.0,12.9,14408387.0,187437392.0
2011-04-20,13.3,13.35,13.14,12.95,21402060.0,280939904.0
2011-04-19,13.4,13.45,13.23,13.16,30453538.0,404127808.0
2011-04-18,13.67,13.78,13.54,13.34,28134124.0,381148800.0
2011-04-14,13.75,13.93,13.67,13.62,29102772.0,400106496.0
2011-04-13,13.25,13.78,13.76,13.04,41949396.0,561215808.0
2011-04-12,13.39,13.49,13.3,13.12,31595608.0,420029792.0
2011-04-11,13.58,13.86,13.47,13.35,48001980.0,653287872.0
2011-04-08,13.54,13.65,13.64,13.36,32375250.0,437042976.0
2011-04-07,13.5,13.7,13.54,13.39,52070044.0,705310592.0
2011-04-06,13.0,13.54,13.5,13.0,77482088.0,1039164032.0
2011-04-01,12.53,13.09,12.94,12.53,50906152.0,656288768.0
2011-03-31,12.55,12.7,12.55,12.31,30936798.0,387589984.0
2011-03-30,12.69,12.9,12.59,12.5,41851676.0,531126400.0
2011-03-29,12.54,12.99,12.72,12.52,60500112.0,773952768.0
2011-03-28,12.55,12.91,12.54,12.41,82234048.0,1045735488.0
2011-03-25,12.16,12.59,12.49,12.13,45159552.0,561330496.0
2011-03-24,12.2,12.27,12.14,12.03,24558886.0,297870592.0
2011-03-23,12.08,12.35,12.23,12.03,42768708.0,522245216.0
2011-03-22,11.77,12.2,12.14,11.63,47302648.0,567454656.0
2011-03-21,11.75,11.82,11.71,11.6,22583750.0,264290832.0
2011-03-18,11.76,11.89,11.68,11.64,21944256.0,258517728.0
2011-03-17,11.62,11.77,11.63,11.55,21492684.0,250481744.0
2011-03-16,11.7,11.88,11.78,11.5,30857912.0,360664512.0
2011-03-15,11.97,11.98,11.68,11.48,41439976.0,482656608.0
2011-03-14,12.0,12.09,12.04,11.96,17689276.0,212484800.0
2011-03-11,12.06,12.16,11.93,11.92,28488752.0,343130624.0
2011-03-10,12.35,12.35,12.07,12.02,37612848.0,456443712.0
2011-03-09,12.59,12.77,12.36,12.29,41819872.0,523260224.0
2011-03-08,12.4,12.71,12.55,12.4,42988608.0,539791104.0
2011-03-07,12.58,12.71,12.49,12.35,62553024.0,783377408.0
2011-03-04,12.11,12.56,12.5,12.05,80658384.0,990022720.0
2011-03-03,11.77,12.43,12.1,11.69,110615104.0,1341305728.0
2011-03-02,11.52,11.9,11.73,11.47,59486976.0,696201088.0
2011-03-01,11.41,11.68,11.6,11.39,40184028.0,464393536.0
2011-02-28,11.35,11.47,11.41,11.23,21755536.0,247365584.0
2011-02-25,11.35,11.48,11.37,11.08,29102636.0,328870688.0
2011-02-24,11.32,11.39,11.36,11.24,27699088.0,313068864.0
2011-02-23,11.25,11.42,11.37,11.22,30394328.0,344428096.0
2011-02-22,11.66,11.66,11.26,11.23,40295476.0,459960352.0
2011-02-21,11.54,11.67,11.66,11.48,31862200.0,368365984.0
2011-02-18,11.72,11.74,11.67,11.55,25407822.0,295720864.0
2011-02-17,11.63,11.91,11.75,11.53,51324652.0,601427968.0
2011-02-16,11.5,11.7,11.54,11.44,32751048.0,377293824.0
2011-02-15,11.7,11.78,11.54,11.5,37892816.0,441690528.0
2011-02-14,11.32,11.77,11.7,11.3,53068716.0,614082816.0
2011-02-11,11.29,11.44,11.34,11.18,31635838.0,357132288.0
2011-02-10,11.1,11.32,11.31,11.1,22446910.0,252205440.0
2011-02-09,11.12,11.28,11.12,11.08,22722216.0,253675152.0
2011-02-01,11.16,11.21,11.19,11.11,14175763.0,158347040.0
2011-01-31,11.12,11.2,11.15,11.03,15811315.0,176167936.0
2011-01-28,11.29,11.29,11.12,11.0,34642888.0,385020032.0
2011-01-27,11.15,11.44,11.32,11.1,38034492.0,429561632.0
2011-01-26,11.09,11.34,11.28,11.08,28668584.0,321493216.0
2011-01-25,10.94,11.22,11.08,10.93,30177124.0,334820832.0
2011-01-24,10.95,11.06,10.93,10.85,20750978.0,227235024.0
2011-01-21,10.82,11.36,11.03,10.79,41452388.0,458461984.0
2011-01-20,11.25,11.25,10.83,10.7,38829776.0,424543840.0
2011-01-19,11.19,11.34,11.28,11.02,18106804.0,202856208.0
2011-01-18,11.08,11.24,11.17,11.06,13608262.0,151809088.0
2011-01-17,11.41,11.51,11.09,11.07,28988964.0,326787776.0
2011-01-14,11.6,11.7,11.55,11.4,29925086.0,345772256.0
2011-01-13,11.8,11.89,11.66,11.63,40040880.0,470678368.0
2011-01-12,11.5,11.76,11.74,11.39,56358024.0,652110400.0
2011-01-11,11.32,11.53,11.48,11.26,44628752.0,508588384.0
2011-01-10,11.35,11.57,11.29,11.23,41934776.0,477919072.0
2011-01-07,10.99,11.85,11.46,10.9,112478864.0,1289151360.0
2011-01-06,11.1,11.19,10.99,10.91,20446552.0,225401712.0
2011-01-05,11.1,11.23,11.08,11.04,27876580.0,310066368.0
2011-01-04,10.95,11.29,11.13,10.86,51603092.0,572304064.0
