date,open,high,close,low,volume,amount
2015-12-31,18.52,18.52,18.27,18.26,27936138.0,513758894.0
2015-12-30,18.71,18.78,18.57,18.31,35687385.0,660326971.0
2015-12-29,18.63,18.92,18.74,18.39,47288465.0,883333858.0
2015-12-28,19.37,19.43,18.7,18.62,49980698.0,945164680.0
2015-12-25,19.02,19.48,19.32,18.93,55427897.0,1069153871.0
2015-12-24,18.85,19.14,19.04,18.67,57171552.0,1083459072.0
2015-12-23,18.91,19.13,18.88,18.61,66128172.0,1249610496.0
2015-12-22,19.01,19.29,18.9,18.77,53122744.0,1006796481.0
2015-12-21,18.79,19.4,19.14,18.54,82490080.0,1567681280.0
2015-12-18,18.49,19.8,18.81,18.43,92211920.0,1753311872.0
2015-12-17,18.26,18.61,18.49,18.2,53304072.0,983362560.0
2015-12-16,18.36,18.45,18.18,18.11,38700640.0,705621184.0
2015-12-15,18.44,18.82,18.31,18.17,51685772.0,950672896.0
2015-12-14,18.31,18.63,18.45,18.03,70736960.0,1290712960.0
2015-12-11,19.01,19.22,18.6,18.43,87066824.0,1630390272.0
2015-12-10,19.34,19.88,19.27,19.11,57091312.0,1108934528.0
2015-12-09,19.58,19.58,19.23,19.11,92049465.0,1776578423.0
2015-12-08,19.28,20.12,20.1,18.81,239884944.0,4764109312.0
2015-12-07,18.71,19.5,19.45,18.71,83346816.0,1592198369.0
2015-12-04,19.27,19.27,18.71,18.69,70275848.0,1331588224.0
2015-12-03,19.7,19.77,19.25,19.22,110346329.0,2147606954.0
2015-12-02,18.51,20.0,19.85,18.48,153608080.0,2972239104.0
2015-12-01,18.35,19.0,18.68,18.08,63430576.0,1179526363.0
2015-11-30,18.44,18.81,18.65,17.6,97633824.0,1779188224.0
2015-11-27,19.16,19.42,18.53,18.4,105608736.0,1999981184.0
2015-11-26,19.5,19.7,19.37,19.2,214944240.0,4187889920.0
2015-11-25,18.9,19.68,19.67,18.44,326524768.0,6295983616.0
2015-11-24,18.9,19.12,19.05,18.59,129389144.0,2437634560.0
2015-11-23,18.51,19.13,19.06,18.44,171203792.0,3235638528.0
2015-11-20,17.81,18.63,18.47,17.78,148206208.0,2733449216.0
2015-11-19,17.3,17.99,17.9,17.3,102543448.0,1821483136.0
2015-11-18,17.47,17.68,17.39,17.24,57584576.0,1003785408.0
2015-11-17,17.46,17.81,17.44,17.42,63539280.0,1119712512.0
2015-11-16,17.34,17.58,17.42,17.2,45144664.0,785563840.0
2015-11-13,17.2,17.6,17.58,17.15,73433152.0,1283306240.0
2015-11-12,17.8,17.83,17.36,17.15,77790160.0,1353612928.0
2015-11-11,18.41,18.49,17.73,17.5,92130224.0,1643831040.0
2015-11-10,18.0,18.69,18.37,17.82,140427136.0,2575229696.0
2015-11-09,17.92,19.19,18.15,17.88,157820064.0,2925510400.0
2015-11-06,17.52,18.18,17.88,17.51,127594224.0,2277276160.0
2015-11-05,16.85,18.07,17.71,16.75,231799696.0,4077390336.0
2015-11-04,16.43,16.92,16.84,16.43,65053992.0,1086409856.0
2015-11-03,16.4,16.77,16.46,16.37,60485064.0,1005503936.0
2015-11-02,16.3,16.52,16.41,16.22,38122792.0,625014464.0
2015-10-30,16.5,16.68,16.39,16.38,45465416.0,750144832.0
2015-10-29,16.3,16.63,16.59,16.23,75760568.0,1251114496.0
2015-10-28,16.26,16.54,16.31,16.09,74226288.0,1217460736.0
2015-10-27,16.23,16.45,16.32,16.15,74934000.0,1223267200.0
2015-10-26,16.03,16.57,16.28,16.03,101041056.0,1648964992.0
2015-10-14,15.81,16.09,15.9,15.81,44297812.0,706211840.0
2015-10-13,15.98,16.11,15.97,15.85,54698800.0,873290880.0
2015-10-12,15.9,16.25,16.06,15.73,93633304.0,1497165824.0
2015-10-09,15.97,16.15,15.9,15.85,41525836.0,663144768.0
2015-10-08,16.8,16.8,15.87,15.83,140057152.0,2277284608.0
2015-09-30,15.95,16.65,16.63,15.9,211038128.0,3452096768.0
2015-09-29,15.79,15.99,15.97,15.67,114190256.0,1807681536.0
2015-09-28,15.55,15.96,15.92,15.42,91425816.0,1436492544.0
2015-09-25,15.15,15.62,15.59,15.15,136070896.0,2096781824.0
2015-09-24,14.95,15.3,15.27,14.87,78862576.0,1192962816.0
2015-09-23,14.91,15.0,14.95,14.68,54580632.0,810914240.0
2015-09-22,14.97,15.23,15.05,14.97,38673836.0,584644928.0
2015-09-21,14.96,15.08,14.97,14.84,40488316.0,604841984.0
2015-09-18,15.16,15.29,15.03,15.02,40899248.0,619915776.0
2015-09-17,15.34,15.46,15.11,15.1,50848656.0,778452736.0
2015-09-16,15.31,15.8,15.43,15.03,74128984.0,1135218688.0
2015-09-15,15.53,15.55,15.46,15.24,107602456.0,1658227584.0
2015-09-14,15.5,15.95,15.93,14.93,183936608.0,2836987904.0
2015-09-11,15.35,15.66,15.56,15.3,288708544.0,4469128192.0
2015-09-10,15.06,15.27,15.25,14.96,205749024.0,3113081088.0
2015-09-09,14.91,15.27,15.16,14.91,241917536.0,3653652224.0
2015-09-08,14.52,15.16,15.06,14.22,330814208.0,4893450752.0
2015-09-07,14.73,15.01,14.5,14.16,287948640.0,4206785536.0
2015-09-02,14.9,15.37,14.89,14.72,255045280.0,3831534848.0
2015-09-01,14.66,15.34,15.33,14.41,304904704.0,4572547072.0
2015-08-31,14.2,14.98,14.96,13.96,202628512.0,2902670592.0
2015-08-28,14.1,14.32,14.24,13.85,208950960.0,2942159360.0
2015-08-27,13.16,14.09,13.98,12.98,212008800.0,2835655168.0
2015-08-26,12.65,13.35,13.02,12.4,235214592.0,3028238592.0
2015-08-25,12.54,13.08,12.39,11.91,289470688.0,3659079680.0
2015-08-24,13.93,13.95,12.87,12.8,334859424.0,4407389696.0
2015-08-21,14.61,14.74,14.22,14.2,123792816.0,1794884608.0
2015-08-20,14.94,14.99,14.68,14.66,88124784.0,1309322496.0
2015-08-19,14.87,15.17,15.0,14.5,199062096.0,2952584704.0
2015-08-18,15.35,15.52,14.87,14.83,198445216.0,3032249600.0
2015-08-17,15.41,15.41,15.32,15.22,120892080.0,1851641728.0
2015-08-14,15.47,15.54,15.49,15.37,66356008.0,1025758720.0
2015-08-13,15.47,15.56,15.45,15.29,74034208.0,1141661440.0
2015-08-12,15.4,15.6,15.39,15.38,79184360.0,1225370368.0
2015-08-11,15.7,15.75,15.57,15.51,105104120.0,1642256896.0
2015-08-10,15.45,15.86,15.78,15.35,116938208.0,1823777024.0
2015-08-07,15.58,15.64,15.47,15.39,65302256.0,1014250624.0
2015-08-06,15.16,15.57,15.38,15.14,65377996.0,1007550208.0
2015-08-05,15.6,15.64,15.31,15.27,58185880.0,899150912.0
2015-08-04,15.48,15.67,15.62,15.38,85154368.0,1320993024.0
2015-08-03,14.99,15.6,15.55,14.86,212367136.0,3246435584.0
2015-07-31,14.97,15.16,15.07,14.65,234941264.0,3516273920.0
2015-07-30,15.29,15.36,14.9,14.88,118921720.0,1807407744.0
2015-07-29,15.22,15.3,15.29,15.12,135858704.0,2063868160.0
2015-07-28,14.68,15.4,15.24,14.62,246095088.0,3717225984.0
2015-07-27,16.0,16.1,14.91,14.84,225091584.0,3515372544.0
2015-07-24,16.43,16.49,16.14,16.13,123609176.0,2016987520.0
2015-07-23,16.24,16.51,16.43,16.18,114525472.0,1878869120.0
2015-07-22,16.33,16.38,16.16,16.15,120352704.0,1956978816.0
2015-07-21,16.58,16.72,16.38,16.3,156268256.0,2572676352.0
2015-07-20,17.0,17.03,16.68,16.65,172918160.0,2908824576.0
2015-07-17,17.03,17.19,17.02,16.88,195927584.0,3336786176.0
2015-07-16,17.07,17.12,16.96,16.71,181402592.0,3069471232.0
2015-07-15,16.7,17.13,17.07,16.51,348253536.0,5845359104.0
2015-07-14,16.78,16.98,16.75,16.36,305725792.0,5111292928.0
2015-07-13,16.99,17.48,17.04,16.81,372594656.0,6364720128.0
2015-07-10,16.76,18.15,17.28,16.65,647768576.0,11376343040.0
2015-07-09,15.95,17.4,16.95,15.38,545237248.0,8927542272.0
2015-07-08,16.2,17.5,15.95,15.81,837950400.0,13833635840.0
2015-07-07,16.94,17.82,17.57,16.46,713763520.0,12379047936.0
2015-07-06,17.4,17.46,17.22,16.63,659421888.0,11195523072.0
2015-07-03,16.39,16.64,15.87,15.1,312701056.0,5041249792.0
2015-07-02,16.5,16.83,16.37,15.81,322264864.0,5297602560.0
2015-07-01,16.81,16.93,16.32,16.2,250556000.0,4180149248.0
2015-06-30,15.93,16.98,16.96,15.91,375411264.0,6204981760.0
2015-06-29,16.3,16.53,15.91,14.81,420675680.0,6723070976.0
2015-06-26,16.43,17.08,15.85,15.33,361776736.0,5893832704.0
2015-06-25,17.6,17.74,16.71,16.65,271649024.0,4704733184.0
2015-06-24,17.03,17.3,17.25,16.58,257825312.0,4364353024.0
2015-06-23,16.45,17.09,17.02,16.24,297748896.0,4966949376.0
2015-06-19,17.58,17.95,17.07,16.84,278090208.0,4894778880.0
2015-06-18,18.09,18.25,17.72,17.64,278296736.0,4980064768.0
2015-06-17,18.49,18.98,18.2,17.95,513118656.0,9419105280.0
2015-06-05,19.0,19.17,18.43,18.02,362420160.0,6742854144.0
2015-06-04,18.0,18.8,18.63,17.58,471864928.0,8635099136.0
2015-06-03,17.89,18.05,17.9,17.54,244139680.0,4338757632.0
2015-06-02,17.93,17.97,17.84,17.5,224935536.0,4001574400.0
2015-06-01,17.04,18.08,17.93,16.86,286379264.0,5015007232.0
2015-05-29,17.08,17.35,17.04,16.71,256087312.0,4370819072.0
2015-05-28,18.1,18.14,17.04,17.01,334032224.0,5908534784.0
2015-05-27,18.44,18.65,18.07,18.05,296942304.0,5444651008.0
2015-05-26,18.22,18.45,18.39,17.91,301665312.0,5504873472.0
2015-05-25,17.85,18.18,18.14,17.84,273874752.0,4942206976.0
2015-05-22,17.46,17.79,17.76,17.34,248087536.0,4379120128.0
2015-05-21,17.25,17.4,17.32,17.1,166403488.0,2873100288.0
2015-05-20,17.04,17.49,17.15,16.97,265675712.0,4567803904.0
2015-05-19,16.37,17.09,17.04,16.35,242251264.0,4080429312.0
2015-05-18,16.62,16.76,16.38,16.34,187555200.0,3106379520.0
2015-05-15,16.91,17.07,16.78,16.59,209597264.0,3526291456.0
2015-05-14,17.1,17.25,16.99,16.94,192361952.0,3283133184.0
2015-05-13,17.33,17.39,17.07,16.9,245244496.0,4198950144.0
2015-05-12,17.25,17.4,17.24,17.04,219176336.0,3768388864.0
2015-05-11,16.98,17.31,17.27,16.79,277153440.0,4711900672.0
2015-05-08,17.19,17.3,17.11,16.82,184560000.0,3151167744.0
2015-05-07,17.03,17.28,17.07,16.98,214390704.0,3674226176.0
2015-05-06,17.08,17.51,17.06,16.97,303607872.0,5225100288.0
2015-05-05,17.73,17.75,17.08,16.85,375386432.0,6483575808.0
2015-05-04,18.0,18.0,17.81,17.6,258064560.0,4597699072.0
2015-04-30,18.28,18.46,18.07,18.05,412760512.0,7523663360.0
2015-04-29,18.27,18.66,18.53,18.06,358393728.0,6591915008.0
2015-04-28,18.24,19.0,18.3,18.0,600054016.0,11100684288.0
2015-04-27,17.72,18.25,18.17,17.72,384541408.0,6942247936.0
2015-04-24,17.8,18.03,17.68,17.46,422927104.0,7509013504.0
2015-04-23,18.5,18.64,18.22,18.11,363593632.0,6675542016.0
2015-04-22,18.3,18.55,18.5,18.08,420766752.0,7712130560.0
2015-04-21,17.75,18.19,18.16,17.75,368194688.0,6615540736.0
2015-04-20,18.72,18.72,17.9,17.6,572435840.0,10446728192.0
2015-04-17,18.95,19.05,18.6,18.47,490159328.0,9167363072.0
2015-04-16,17.97,18.67,18.65,17.85,415984576.0,7577393152.0
2015-04-15,17.8,18.45,17.96,17.71,449643904.0,8170773504.0
2015-04-14,18.03,18.04,17.89,17.56,372837056.0,6640484864.0
2015-04-13,17.99,18.48,18.03,17.62,581406592.0,10470524928.0
2015-04-10,16.86,17.57,17.53,16.76,451543456.0,7772119552.0
2015-04-09,17.05,17.48,16.87,16.8,497335456.0,8497436160.0
2015-04-08,16.73,17.04,17.02,16.45,514816384.0,8633478144.0
2015-04-07,16.5,16.87,16.71,16.45,502260192.0,8372655104.0
2015-04-03,16.0,16.29,16.2,15.93,320361504.0,5171218944.0
2015-04-02,16.3,16.38,16.18,15.87,410087648.0,6611462144.0
2015-04-01,15.79,16.14,15.95,15.75,305878368.0,4868332032.0
2015-03-31,16.48,16.58,15.79,15.74,494049248.0,7990395392.0
2015-03-30,15.55,16.2,16.02,15.44,487442656.0,7735007744.0
2015-03-27,15.32,15.55,15.36,15.17,218174976.0,3350088448.0
2015-03-26,15.15,15.58,15.36,15.04,282340704.0,4326755840.0
2015-03-25,15.6,15.72,15.24,15.15,331730336.0,5108990976.0
2015-03-24,15.89,16.0,15.69,15.6,324657536.0,5114146816.0
2015-03-23,15.82,16.04,15.91,15.77,357592736.0,5692416000.0
2015-03-20,15.62,16.09,15.75,15.37,456531232.0,7180731392.0
2015-03-19,15.88,15.89,15.64,15.58,316770912.0,4978776064.0
2015-03-18,15.57,15.88,15.88,15.43,354655136.0,5558613504.0
2015-03-17,15.6,15.68,15.54,15.36,309677632.0,4797833728.0
2015-03-16,15.56,15.61,15.47,15.2,316116672.0,4867224576.0
2015-03-13,15.19,15.8,15.29,15.08,440178368.0,6789040640.0
2015-03-12,14.65,15.56,15.12,14.58,632781888.0,9512030208.0
2015-03-11,14.17,14.56,14.25,14.17,215069728.0,3087509504.0
2015-03-10,14.32,14.37,14.1,14.07,254844768.0,3623305472.0
2015-03-09,13.81,14.7,14.51,13.61,434801472.0,6170955264.0
2015-03-06,13.58,13.78,13.63,13.54,128036368.0,1750570368.0
2015-03-05,13.84,13.84,13.58,13.51,226504576.0,3090569728.0
2015-03-04,14.05,14.07,13.91,13.85,156596000.0,2183814656.0
2015-03-03,14.44,14.44,14.0,13.98,266372416.0,3766071296.0
2015-03-02,14.58,14.58,14.48,14.36,218763280.0,3159377664.0
2015-02-27,14.6,14.8,14.53,14.48,195606864.0,2861206528.0
2015-02-26,14.25,14.68,14.62,14.11,215013984.0,3104052224.0
2015-02-25,14.48,14.5,14.28,14.18,140932576.0,2025174400.0
2015-02-17,14.42,14.58,14.47,14.41,120665264.0,1747213056.0
2015-02-16,14.43,14.46,14.4,14.26,139220032.0,1995677440.0
2015-02-13,14.5,14.67,14.43,14.35,208366816.0,3023274240.0
2015-02-12,14.42,14.43,14.35,14.11,148954144.0,2121808256.0
2015-02-11,14.43,14.54,14.42,14.31,124127096.0,1789572992.0
2015-02-10,14.15,14.48,14.43,14.08,183693520.0,2629916416.0
2015-02-09,14.06,14.27,14.16,13.85,224585504.0,3155932160.0
2015-02-06,14.09,14.32,14.09,13.95,186547520.0,2637144064.0
2015-02-05,14.75,14.8,14.18,14.17,394332704.0,5742890496.0
2015-02-04,14.5,14.59,14.18,14.12,167896224.0,2421384704.0
2015-02-03,14.21,14.46,14.45,14.02,196263568.0,2792706816.0
2015-02-02,14.06,14.26,14.04,13.99,211617680.0,2989272576.0
2015-01-30,14.58,14.69,14.47,14.36,207865328.0,3021747712.0
2015-01-29,14.58,14.68,14.42,14.32,266968080.0,3864614144.0
2015-01-28,14.82,15.11,14.81,14.66,242203056.0,3592645120.0
2015-01-27,15.44,15.44,15.01,14.75,351914016.0,5286301696.0
2015-01-26,15.56,15.59,15.43,15.13,268566912.0,4122351616.0
2015-01-23,15.74,16.04,15.63,15.54,320043008.0,5044685824.0
2015-01-22,15.73,15.76,15.63,15.35,294738272.0,4592023040.0
2015-01-21,15.1,15.87,15.74,14.81,487540384.0,7489943040.0
2015-01-20,14.88,15.17,15.0,14.58,479215744.0,7142638592.0
2015-01-19,15.38,15.73,14.82,14.82,623520896.0,9496942592.0
2015-01-16,16.24,16.75,16.47,16.16,480245888.0,7938758144.0
2015-01-15,15.49,16.15,16.12,15.39,329826848.0,5216166912.0
2015-01-14,15.31,15.79,15.49,15.31,309018848.0,4812472320.0
2015-01-13,15.13,15.41,15.18,15.1,178404960.0,2712026624.0
2015-01-12,15.5,15.71,15.22,14.95,367787264.0,5625726976.0
2015-01-09,15.2,16.25,15.43,15.11,491999936.0,7692348416.0
2015-01-08,15.87,15.88,15.25,15.2,330627168.0,5101310464.0
2015-01-07,15.9,16.17,15.81,15.53,385716832.0,6114241024.0
2015-01-06,16.0,16.68,16.13,15.82,511684544.0,8311085056.0
2015-01-05,15.88,16.25,16.07,15.56,513568704.0,8182820864.0
2014-12-31,15.45,15.79,15.69,15.11,468832352.0,7271524864.0
2014-12-30,14.95,15.5,15.36,14.83,443655552.0,6774519296.0
2014-12-29,15.4,15.88,14.95,14.71,625216128.0,9556435968.0
2014-12-26,14.3,14.84,14.77,14.19,466983136.0,6790353408.0
2014-12-25,13.75,14.27,14.25,13.53,455721920.0,6359588352.0
2014-12-24,14.11,14.2,13.46,13.31,417579552.0,5715187712.0
2014-12-23,14.4,14.98,14.11,14.08,441578784.0,6398625280.0
2014-12-22,14.18,15.2,14.68,14.14,683449536.0,10043569152.0
2014-12-19,13.96,14.2,14.09,13.63,436244224.0,6099396096.0
2014-12-18,14.22,14.34,13.89,13.71,499627840.0,7010663936.0
2014-12-17,13.49,14.39,14.11,13.33,869703616.0,12037657600.0
2014-12-16,12.7,13.3,13.29,12.65,438688000.0,5706439680.0
2014-12-15,12.8,12.82,12.76,12.46,335025408.0,4232421888.0
2014-12-12,13.05,13.38,12.98,12.78,310558752.0,4067040256.0
2014-12-11,12.96,13.55,13.05,12.85,442571168.0,5847503360.0
2014-12-10,12.7,13.25,13.16,12.21,620272384.0,7901267968.0
2014-12-09,13.56,14.16,12.65,12.46,869193792.0,11788051456.0
2014-12-08,13.39,14.04,13.81,13.2,703922496.0,9622363136.0
2014-12-05,13.42,14.0,13.53,12.9,859647616.0,11553890304.0
2014-12-04,12.58,13.3,13.27,12.37,720041664.0,9307945984.0
2014-12-03,12.84,13.29,12.58,12.32,730561472.0,9380076544.0
2014-12-02,12.03,13.08,12.87,12.03,589371008.0,7404591104.0
2014-12-01,12.45,12.98,12.16,12.12,607270336.0,7590567424.0
2014-11-28,11.53,12.48,12.4,11.48,832183232.0,9950390272.0
2014-11-27,11.48,11.72,11.48,11.28,439738272.0,5062406656.0
2014-11-26,11.25,11.43,11.32,11.1,452263360.0,5092828672.0
2014-11-25,10.81,11.09,11.08,10.75,289490080.0,3159162368.0
2014-11-24,10.57,10.99,10.86,10.45,474049920.0,5090821632.0
2014-11-21,10.58,10.82,10.79,10.46,209997648.0,2234174976.0
2014-11-20,10.45,10.66,10.57,10.37,162402496.0,1709647488.0
2014-11-19,10.43,10.54,10.47,10.39,145326640.0,1518565376.0
2014-11-18,10.75,10.8,10.45,10.43,254900896.0,2687326976.0
2014-11-17,10.94,11.08,10.75,10.73,214519840.0,2329015808.0
2014-11-14,10.88,10.98,10.9,10.75,198414352.0,2154897408.0
2014-11-13,11.1,11.38,10.94,10.86,371264000.0,4115769344.0
2014-11-12,10.85,11.07,11.05,10.74,271038560.0,2961655296.0
2014-11-11,10.62,11.26,10.92,10.62,653738944.0,7163875328.0
2014-11-10,10.53,10.81,10.55,10.42,489376864.0,5168943616.0
2014-11-07,10.01,10.39,10.18,9.98,407114112.0,4155058176.0
2014-11-06,10.01,10.04,10.03,9.95,101863096.0,1018619328.0
2014-11-05,10.08,10.11,9.99,9.96,157561424.0,1578932480.0
2014-11-04,10.2,10.2,10.07,10.02,163212640.0,1645394560.0
2014-11-03,10.25,10.28,10.16,10.1,248371616.0,2525984256.0
2014-10-31,9.88,10.38,10.2,9.85,491064704.0,4953082880.0
2014-10-30,9.72,9.85,9.81,9.65,176780528.0,1722710656.0
2014-10-29,9.61,9.75,9.7,9.57,161050640.0,1555123968.0
2014-10-28,9.5,9.61,9.59,9.5,101044056.0,965189376.0
2014-10-27,9.62,9.63,9.47,9.4,138929488.0,1323460352.0
2014-10-24,9.77,9.79,9.68,9.66,108312656.0,1054022656.0
2014-10-23,9.78,9.88,9.75,9.72,118416320.0,1159897472.0
2014-10-22,9.79,9.88,9.78,9.75,91092136.0,893481664.0
2014-10-21,9.89,9.91,9.78,9.76,105290640.0,1034461888.0
2014-10-20,9.93,9.95,9.9,9.82,114718760.0,1133473920.0
2014-10-17,9.88,10.0,9.85,9.75,161019856.0,1588282368.0
2014-10-16,9.74,10.04,9.89,9.7,296366848.0,2936900096.0
2014-10-15,9.72,9.85,9.79,9.64,133922264.0,1304901632.0
2014-10-14,9.72,9.82,9.72,9.69,84002904.0,818017664.0
2014-10-13,9.79,9.83,9.73,9.68,109831216.0,1069089792.0
2014-10-10,9.8,9.91,9.83,9.77,133030184.0,1308626432.0
2014-10-09,9.85,9.94,9.85,9.81,130968216.0,1293022464.0
2014-10-08,9.78,9.85,9.84,9.73,142724448.0,1398725120.0
2014-09-30,9.78,9.8,9.75,9.7,105093280.0,1023862464.0
2014-09-29,9.75,9.81,9.76,9.72,121763016.0,1188241024.0
2014-09-26,9.69,9.74,9.72,9.64,80598328.0,781818048.0
2014-09-25,9.79,9.83,9.71,9.68,137216320.0,1340440576.0
2014-09-24,9.61,9.79,9.76,9.59,152637328.0,1480725888.0
2014-09-23,9.61,9.69,9.63,9.6,88224152.0,850252160.0
2014-09-22,9.83,9.83,9.61,9.61,155546880.0,1505934080.0
2014-09-19,9.72,9.91,9.85,9.7,286004768.0,2816151296.0
2014-09-18,9.56,9.75,9.73,9.53,218993872.0,2119148544.0
2014-09-17,9.63,9.66,9.57,9.53,116577448.0,1116528128.0
2014-09-16,9.65,9.76,9.62,9.59,222751520.0,2154511872.0
2014-09-15,9.56,9.64,9.6,9.51,99444464.0,950656320.0
2014-09-12,9.61,9.61,9.6,9.53,80296496.0,768304384.0
2014-09-11,9.6,9.73,9.6,9.57,119763192.0,1152957952.0
2014-09-10,9.65,9.66,9.59,9.57,111659512.0,1073076800.0
2014-09-09,9.75,9.82,9.7,9.68,123866064.0,1205605760.0
2014-09-05,9.73,9.78,9.74,9.69,126925904.0,1234562048.0
2014-09-04,9.7,9.72,9.71,9.63,98919200.0,956753792.0
2014-09-03,9.63,9.74,9.68,9.62,128588112.0,1244849664.0
2014-09-02,9.51,9.63,9.6,9.46,128705728.0,1227884288.0
2014-09-01,9.49,9.52,9.49,9.44,68578080.0,650654464.0
2014-08-29,9.4,9.48,9.47,9.36,53881604.0,507394720.0
2014-08-28,9.45,9.45,9.36,9.36,70289160.0,661133056.0
2014-08-27,9.45,9.5,9.45,9.43,54628768.0,516864192.0
2014-08-26,9.43,9.5,9.46,9.41,85213616.0,804802432.0
2014-08-25,9.52,9.53,9.44,9.42,90596112.0,856940032.0
2014-08-22,9.5,9.58,9.54,9.47,76885744.0,733185600.0
2014-08-21,9.64,9.65,9.5,9.43,118057184.0,1123688960.0
2014-08-20,9.71,9.71,9.64,9.63,70135544.0,677452352.0
2014-08-19,9.78,9.78,9.71,9.64,99796160.0,968114304.0
2014-08-18,9.69,9.81,9.72,9.67,96111664.0,933999552.0
2014-08-15,9.63,9.7,9.68,9.58,83507840.0,806096128.0
2014-08-14,9.63,9.68,9.6,9.58,102325664.0,986409920.0
2014-08-13,9.64,9.68,9.61,9.53,97201688.0,932751424.0
2014-08-12,9.69,9.7,9.64,9.6,80856192.0,779243648.0
2014-08-11,9.57,9.73,9.7,9.57,99902320.0,966146816.0
2014-08-08,9.56,9.6,9.54,9.5,120982760.0,1154961152.0
2014-08-07,9.75,9.78,9.56,9.55,141244208.0,1363312768.0
2014-08-06,9.83,9.83,9.74,9.66,134531040.0,1309646592.0
2014-08-05,9.92,9.95,9.87,9.8,116942080.0,1154644352.0
2014-08-04,9.82,9.94,9.92,9.73,167001360.0,1646470400.0
2014-08-01,9.77,9.96,9.76,9.74,199316288.0,1966817280.0
2014-07-31,9.69,9.81,9.8,9.66,113003640.0,1098506240.0
2014-07-30,9.89,9.92,9.71,9.67,182728240.0,1785992192.0
2014-07-29,9.8,9.88,9.78,9.72,203049424.0,1989649792.0
2014-07-28,9.44,9.83,9.76,9.44,315856672.0,3067199488.0
2014-07-25,9.38,9.44,9.39,9.3,134460944.0,1259192320.0
2014-07-24,9.09,9.38,9.32,9.09,235007440.0,2179260160.0
2014-07-23,9.04,9.14,9.08,9.04,95071888.0,864070592.0
2014-07-22,8.96,9.1,9.06,8.96,101186448.0,915202944.0
2014-07-21,9.01,9.02,8.98,8.97,43394536.0,390236864.0
2014-07-18,8.98,9.05,9.02,8.96,60143568.0,542519424.0
2014-07-17,9.03,9.04,8.99,8.97,43076120.0,387416768.0
2014-07-16,9.01,9.05,9.02,9.0,57758012.0,521218624.0
2014-07-15,9.01,9.02,9.01,8.98,57331616.0,515793888.0
2014-07-14,8.93,9.01,9.0,8.9,50192336.0,449273952.0
2014-07-11,8.92,8.99,8.94,8.91,58461216.0,523490688.0
2014-07-10,8.92,8.95,8.92,8.9,43284796.0,386256096.0
2014-07-09,9.05,9.05,8.92,8.91,75829648.0,680803712.0
2014-07-07,9.07,9.08,9.05,9.03,42831404.0,387738016.0
2014-07-04,9.08,9.09,9.07,9.05,47263940.0,428330848.0
2014-07-03,9.06,9.09,9.07,9.03,64553232.0,585009408.0
2014-07-02,9.06,9.09,9.06,9.02,41262792.0,373724768.0
2014-07-01,9.08,9.1,9.06,9.01,42584500.0,385288800.0
2014-06-30,8.98,9.08,9.05,8.98,52645088.0,476195584.0
2014-06-27,8.99,9.02,8.97,8.96,42713240.0,383829280.0
2014-06-26,8.98,9.04,8.99,8.98,43052472.0,387941152.0
2014-06-25,9.05,9.05,8.98,8.97,46797780.0,421074944.0
2014-06-24,9.05,9.09,9.04,9.01,83305536.0,753572864.0
2014-06-23,9.71,9.77,9.66,9.63,86019552.0,834638528.0
2014-06-20,9.64,9.71,9.7,9.62,57665732.0,557096320.0
2014-06-19,9.74,9.81,9.64,9.6,68906464.0,668029824.0
2014-06-18,9.73,9.77,9.73,9.71,66459996.0,647470912.0
2014-06-17,9.83,9.83,9.73,9.71,91317080.0,892676096.0
2014-06-16,9.73,9.87,9.81,9.69,118477368.0,1159724288.0
2014-06-13,9.55,9.78,9.73,9.54,129624896.0,1256394752.0
2014-06-12,9.57,9.59,9.54,9.52,42917692.0,410062048.0
2014-06-11,9.59,9.63,9.59,9.55,46334808.0,444252128.0
2014-06-10,9.59,9.65,9.63,9.52,68256824.0,655798656.0
2014-06-09,9.46,9.67,9.54,9.46,58231712.0,557813056.0
2014-06-06,9.6,9.62,9.51,9.45,53426016.0,509267456.0
2014-06-05,9.45,9.63,9.62,9.43,56500336.0,538639296.0
2014-06-04,9.55,9.56,9.45,9.4,86246408.0,816293696.0
2014-06-03,9.59,9.64,9.54,9.53,70641280.0,677281792.0
2014-05-30,9.62,9.63,9.57,9.55,69096840.0,662738432.0
2014-05-29,9.68,9.72,9.62,9.6,75258528.0,726796800.0
2014-05-28,9.66,9.72,9.68,9.6,92478304.0,892246144.0
2014-05-27,9.73,9.74,9.66,9.62,74436152.0,720820160.0
2014-05-26,9.76,9.78,9.74,9.69,54108964.0,526560768.0
2014-05-23,9.61,9.7,9.7,9.59,47057344.0,454096736.0
2014-05-22,9.59,9.73,9.6,9.57,71688608.0,692799616.0
2014-05-21,9.52,9.61,9.6,9.41,54298040.0,517810688.0
2014-05-20,9.56,9.6,9.55,9.48,64057748.0,610778816.0
2014-05-19,9.72,9.72,9.52,9.47,137405984.0,1314192256.0
2014-05-16,9.7,9.8,9.75,9.7,57142232.0,556664640.0
2014-05-15,9.79,9.83,9.73,9.71,70426928.0,688077248.0
2014-05-14,9.89,9.92,9.81,9.78,114355128.0,1124734336.0
2014-05-13,9.9,9.94,9.9,9.83,66182544.0,653997056.0
2014-05-12,9.85,9.96,9.93,9.79,129589584.0,1282666112.0
2014-05-09,9.75,9.82,9.76,9.69,74829328.0,731563200.0
2014-05-08,9.66,9.87,9.75,9.64,95225888.0,930740672.0
2014-05-07,9.69,9.75,9.66,9.64,55972788.0,542274496.0
2014-05-06,9.7,9.8,9.7,9.67,58797624.0,572224192.0
2014-05-05,9.77,9.79,9.74,9.58,103509080.0,1001815680.0
2014-04-30,9.98,10.02,9.77,9.76,142558912.0,1407065856.0
2014-04-29,9.67,9.82,9.8,9.65,88443328.0,859931392.0
2014-04-28,9.82,9.87,9.67,9.65,123425120.0,1198580992.0
2014-04-25,9.92,10.06,9.84,9.82,180573520.0,1794439424.0
2014-04-24,9.9,9.98,9.87,9.85,82309480.0,815388800.0
2014-04-23,9.85,10.0,9.88,9.83,136419568.0,1352733696.0
2014-04-22,9.68,9.92,9.9,9.66,141231408.0,1385544320.0
2014-04-21,9.74,9.96,9.71,9.68,131392320.0,1292829696.0
2014-04-18,9.73,9.81,9.78,9.63,115394464.0,1120720896.0
2014-04-17,9.93,9.97,9.76,9.74,147878400.0,1453030912.0
2014-04-16,9.82,9.97,9.9,9.81,100765544.0,997304832.0
2014-04-15,10.07,10.08,9.85,9.82,176166144.0,1746784896.0
2014-04-14,10.25,10.29,10.12,10.09,133566632.0,1356868480.0
2014-04-11,10.18,10.32,10.25,10.14,187981792.0,1923682560.0
2014-04-10,10.14,10.41,10.23,10.03,251774144.0,2565192704.0
2014-04-09,10.12,10.19,10.1,10.03,166971744.0,1686236288.0
2014-04-08,9.71,10.31,10.14,9.71,389948096.0,3925146624.0
2014-04-04,9.62,9.75,9.73,9.57,103710192.0,1003039488.0
2014-04-03,9.94,10.0,9.67,9.64,202589136.0,1988726400.0
2014-04-02,9.75,10.04,9.94,9.71,221487040.0,2188083712.0
2014-04-01,9.66,9.84,9.73,9.63,121142232.0,1177869440.0
2014-03-31,9.7,9.77,9.72,9.57,117957984.0,1139701376.0
2014-03-28,9.64,9.92,9.67,9.6,235609616.0,2299182848.0
2014-03-27,9.53,9.94,9.69,9.48,310183456.0,3020967424.0
2014-03-26,9.78,9.83,9.58,9.51,188654736.0,1813592704.0
2014-03-25,9.76,9.86,9.75,9.68,225324448.0,2201589760.0
2014-03-24,9.89,10.01,9.8,9.74,550938112.0,5438997504.0
2014-03-21,8.98,9.89,9.89,8.97,577730176.0,5543459840.0
2014-03-20,8.96,9.2,8.99,8.95,166058736.0,1510412544.0
2014-03-19,8.85,9.07,9.05,8.76,93838216.0,832057152.0
2014-03-18,9.22,9.23,8.89,8.87,167965344.0,1523657856.0
2014-03-14,8.78,9.03,8.99,8.72,179769248.0,1602451072.0
2014-03-13,8.76,9.13,8.84,8.68,198115872.0,1758751744.0
2014-03-12,8.47,8.67,8.56,8.39,110468616.0,942803776.0
2014-03-11,8.43,8.53,8.46,8.39,71119520.0,600753216.0
2014-03-10,8.67,8.71,8.44,8.42,100335992.0,859115776.0
2014-03-07,8.8,8.91,8.73,8.71,85996640.0,757643584.0
2014-03-06,8.7,8.86,8.8,8.62,105221672.0,920528192.0
2014-03-05,8.86,8.88,8.7,8.68,66776264.0,585846336.0
2014-03-04,8.84,8.91,8.87,8.68,113473856.0,994582720.0
2014-03-03,8.91,8.92,8.85,8.81,81389992.0,720619840.0
2014-02-28,8.9,9.01,8.91,8.8,75427864.0,671034432.0
2014-02-27,8.9,9.03,8.94,8.81,112556008.0,1005356224.0
2014-02-26,8.81,8.89,8.85,8.77,79811064.0,704799680.0
2014-02-25,9.01,9.08,8.83,8.81,112988176.0,1012070336.0
2014-02-24,9.2,9.21,9.01,8.97,135269200.0,1223507840.0
2014-02-21,9.39,9.43,9.29,9.22,82312552.0,765984704.0
2014-02-20,9.53,9.73,9.39,9.36,144607392.0,1379086336.0
2014-02-19,9.25,9.57,9.49,9.2,150729696.0,1420983552.0
2014-02-18,9.51,9.51,9.26,9.23,131972248.0,1231564416.0
2014-02-17,9.62,9.66,9.52,9.48,107916288.0,1029473536.0
2014-02-14,9.6,9.63,9.59,9.51,80503232.0,770860224.0
2014-02-13,9.48,9.84,9.6,9.41,197765136.0,1901282560.0
2014-02-12,9.5,9.64,9.5,9.44,106449344.0,1012082688.0
2014-02-11,9.31,9.68,9.54,9.22,212392416.0,2017636480.0
2014-02-10,9.18,9.3,9.29,9.16,91573112.0,848138368.0
2014-02-07,9.13,9.18,9.18,9.07,51136920.0,466080896.0
2014-01-30,9.27,9.3,9.17,9.15,52508928.0,485399520.0
2014-01-29,9.24,9.31,9.29,9.2,71042824.0,659122816.0
2014-01-28,9.12,9.29,9.19,9.12,57333616.0,527187520.0
2014-01-27,9.19,9.2,9.12,9.1,69858648.0,637844224.0
2014-01-24,9.17,9.32,9.23,9.14,70757208.0,653717696.0
2014-01-23,9.31,9.34,9.22,9.21,63055408.0,583623040.0
2014-01-22,9.18,9.38,9.34,9.17,91387280.0,849733120.0
2014-01-21,9.1,9.26,9.16,9.09,47596032.0,436604864.0
2014-01-20,9.1,9.13,9.07,9.04,42094792.0,382309888.0
2014-01-17,9.17,9.17,9.12,9.07,66047496.0,601804096.0
2014-01-16,9.22,9.26,9.18,9.17,67204744.0,618488768.0
2014-01-15,9.39,9.4,9.23,9.16,77606640.0,717369984.0
2014-01-14,9.4,9.43,9.4,9.25,79710264.0,744481152.0
2014-01-13,9.44,9.47,9.39,9.33,65935364.0,618500160.0
2014-01-10,9.28,9.45,9.41,9.24,93379976.0,875061952.0
2014-01-09,9.2,9.44,9.29,9.16,109976760.0,1025797632.0
2014-01-08,9.14,9.32,9.2,9.11,78603480.0,724415936.0
2014-01-07,9.17,9.21,9.14,9.01,72150944.0,657895488.0
2014-01-06,9.31,9.34,9.19,9.13,117267696.0,1079925504.0
2014-01-03,9.28,9.3,9.14,9.08,88351968.0,807094464.0
2014-01-02,9.44,9.45,9.33,9.29,69821040.0,652410752.0
2013-12-31,9.21,9.53,9.43,9.17,107237048.0,1006340928.0
2013-12-30,9.3,9.32,9.2,9.19,70408752.0,650877056.0
2013-12-27,9.09,9.32,9.24,9.08,88052312.0,811334784.0
2013-12-26,9.26,9.27,9.09,9.06,82518648.0,753839552.0
2013-12-25,9.33,9.35,9.27,9.15,89003264.0,821820544.0
2013-12-24,9.37,9.41,9.34,9.25,71802936.0,671259968.0
2013-12-23,9.41,9.48,9.34,9.31,63014852.0,590896768.0
2013-12-20,9.63,9.64,9.36,9.34,107593840.0,1018130496.0
2013-12-19,9.75,9.78,9.61,9.6,71003512.0,687152704.0
2013-12-18,9.71,9.8,9.71,9.68,55191768.0,536799936.0
2013-12-17,9.76,9.77,9.69,9.66,78126224.0,758108096.0
2013-12-16,9.85,9.97,9.74,9.72,119802104.0,1177159808.0
2013-12-13,9.84,9.85,9.83,9.77,98124624.0,963431296.0
2013-12-12,9.91,9.96,9.88,9.87,89839024.0,889730880.0
2013-12-11,10.11,10.13,9.93,9.91,127176728.0,1268123904.0
2013-12-10,10.12,10.21,10.14,10.08,89476536.0,907205504.0
2013-12-09,10.21,10.25,10.11,10.08,111336392.0,1127426944.0
2013-12-06,10.34,10.34,10.22,10.13,157734048.0,1611228672.0
2013-12-05,10.4,10.44,10.35,10.28,150565456.0,1557557504.0
2013-12-04,10.24,10.57,10.4,10.2,283303328.0,2951386624.0
2013-12-03,10.27,10.34,10.26,10.14,178953712.0,1832350208.0
2013-12-02,10.1,10.34,10.32,9.99,408952608.0,4162905344.0
2013-11-29,10.06,10.12,9.99,9.96,112491968.0,1128740864.0
2013-11-28,9.95,10.06,9.96,9.9,121839008.0,1217508480.0
2013-11-27,9.87,10.08,9.93,9.76,134357120.0,1332415744.0
2013-11-26,9.9,10.03,9.9,9.88,72857688.0,724350720.0
2013-11-25,9.99,10.11,9.93,9.92,96767048.0,967272320.0
2013-11-22,10.05,10.11,10.06,9.98,131116960.0,1317526656.0
2013-11-21,10.0,10.08,10.07,9.78,172340752.0,1708643968.0
2013-11-20,10.01,10.18,10.05,9.97,125986568.0,1265362944.0
2013-11-19,10.1,10.1,9.97,9.95,128516632.0,1286050560.0
2013-11-18,9.75,10.11,10.1,9.66,231275936.0,2289353984.0
2013-11-15,9.49,9.85,9.68,9.48,180564560.0,1753424256.0
2013-11-14,9.6,9.68,9.49,9.39,169111024.0,1601513600.0
2013-11-13,10.04,10.05,9.64,9.63,208714480.0,2049839104.0
2013-11-12,10.01,10.19,10.12,10.0,119655184.0,1209294464.0
2013-11-11,9.99,10.02,9.97,9.9,79759248.0,793983232.0
2013-11-08,10.02,10.1,9.98,9.93,110388784.0,1104891648.0
2013-11-07,10.08,10.19,10.05,9.97,114983824.0,1158380416.0
2013-11-06,10.07,10.2,10.03,10.0,151026560.0,1522867072.0
2013-11-05,10.22,10.25,10.2,10.04,172536528.0,1747250944.0
2013-11-04,10.48,10.54,10.3,10.26,138786384.0,1438550528.0
2013-11-01,10.32,10.53,10.42,10.23,164057264.0,1704932224.0
2013-10-31,10.58,10.6,10.33,10.31,211637552.0,2206625536.0
2013-10-30,10.48,10.62,10.59,10.31,301165856.0,3162162432.0
2013-10-29,10.22,10.69,10.48,10.18,494214048.0,5150564352.0
2013-10-28,10.08,10.22,10.15,9.92,164098112.0,1650688512.0
2013-10-25,10.01,10.26,10.07,9.99,256524256.0,2593128960.0
2013-10-24,9.96,10.16,9.98,9.82,170003392.0,1700451840.0
2013-10-23,9.95,10.35,10.02,9.91,260513184.0,2639944192.0
2013-10-22,10.11,10.11,9.93,9.86,156011440.0,1554175488.0
2013-10-21,9.95,10.16,10.12,9.8,211850912.0,2123854848.0
2013-10-18,9.82,10.06,9.88,9.8,129849776.0,1290361088.0
2013-10-17,10.01,10.07,9.82,9.81,145253456.0,1440499456.0
2013-10-16,10.09,10.09,9.91,9.82,217322912.0,2160308480.0
2013-10-15,10.3,10.35,10.11,10.02,212323984.0,2155489536.0
2013-10-14,10.45,10.5,10.29,10.25,274009312.0,2834786560.0
2013-10-11,10.1,10.65,10.55,10.0,441961280.0,4582589952.0
2013-10-10,10.3,10.35,9.98,9.93,249225024.0,2508886016.0
2013-10-09,10.1,10.46,10.27,10.07,244015216.0,2503190528.0
2013-10-08,10.03,10.33,10.23,9.88,258444176.0,2618477312.0
2013-09-30,10.34,10.37,10.09,10.02,256510912.0,2609512448.0
2013-09-27,10.11,10.33,10.24,10.05,243782416.0,2485876736.0
2013-09-26,10.75,10.76,10.17,10.07,448493824.0,4639913984.0
2013-09-25,10.74,11.18,10.78,10.69,384146144.0,4206311424.0
2013-09-24,11.19,11.2,10.81,10.57,476900608.0,5154101248.0
2013-09-23,11.05,11.2,11.18,10.8,453630144.0,4987201024.0
2013-09-18,10.95,11.19,11.0,10.83,400172128.0,4413153792.0
2013-09-17,11.41,11.48,10.83,10.77,511737952.0,5694768128.0
2013-09-16,12.0,12.02,11.49,11.23,699493312.0,8064946176.0
2013-09-13,12.08,12.27,11.91,11.73,661646528.0,7947104256.0
2013-09-12,11.3,12.4,12.25,11.16,1041527552.0,12498180096.0
2013-09-11,11.21,11.47,11.27,11.2,603551040.0,6834516480.0
2013-09-10,11.0,11.49,11.4,10.77,1198024064.0,13328929792.0
2013-09-09,10.28,10.53,10.53,10.18,580189248.0,6069489664.0
2013-09-06,9.15,9.87,9.57,9.12,301015104.0,2850092288.0
2013-09-05,9.19,9.19,9.13,9.06,93544408.0,852833088.0
2013-09-04,9.04,9.24,9.14,9.03,142450048.0,1305299456.0
2013-09-03,8.96,9.12,9.09,8.89,140383664.0,1269355904.0
2013-09-02,9.11,9.29,8.97,8.95,141236896.0,1281805056.0
2013-08-30,8.86,9.05,8.99,8.76,129143352.0,1152526336.0
2013-08-29,9.11,9.21,8.92,8.86,146496960.0,1320039168.0
2013-08-28,8.88,9.15,9.0,8.79,243574960.0,2194823936.0
2013-08-27,8.75,9.05,8.95,8.7,224672928.0,2001682176.0
2013-08-26,8.45,8.78,8.74,8.4,161720144.0,1399048064.0
2013-08-23,8.54,8.63,8.42,8.25,117530032.0,995509248.0
2013-08-22,8.41,8.62,8.44,8.4,60326480.0,513025408.0
2013-08-21,8.53,8.58,8.45,8.37,65732224.0,554833024.0
2013-08-20,8.42,8.78,8.51,8.39,153605680.0,1314061952.0
2013-08-19,8.24,8.5,8.45,8.23,124704776.0,1044624768.0
2013-08-16,8.17,9.04,8.31,8.15,264712592.0,2254296064.0
2013-08-15,8.31,8.37,8.22,8.2,67134768.0,556547136.0
2013-08-14,8.44,8.53,8.31,8.3,121903672.0,1025898624.0
2013-08-13,8.3,8.43,8.42,8.27,118672576.0,991814144.0
2013-08-12,8.04,8.32,8.31,8.01,142760848.0,1171789184.0
2013-08-09,8.05,8.08,8.01,7.96,55483572.0,444645248.0
2013-08-08,8.01,8.07,7.99,7.95,54611352.0,436833728.0
2013-08-07,8.03,8.14,8.01,8.0,68679920.0,553785280.0
2013-08-06,8.03,8.08,8.03,7.98,82798496.0,664260288.0
2013-08-05,7.98,8.07,8.06,7.95,53056120.0,425459712.0
2013-08-02,8.06,8.12,7.98,7.97,57767152.0,463891776.0
2013-08-01,7.92,8.02,7.99,7.87,58959380.0,469433184.0
2013-07-31,7.91,8.02,7.86,7.82,50335416.0,397874848.0
2013-07-30,7.78,7.96,7.84,7.74,68907632.0,540970752.0
2013-07-29,7.9,7.9,7.74,7.71,84518512.0,655293184.0
2013-07-26,7.98,8.01,7.97,7.94,42800504.0,341110304.0
2013-07-25,8.02,8.11,8.02,7.96,62010840.0,497968416.0
2013-07-24,8.04,8.09,8.0,7.9,87410552.0,697536448.0
2013-07-23,7.99,8.23,8.14,7.94,115906520.0,942643008.0
2013-07-22,7.9,7.99,7.95,7.82,95552056.0,754153152.0
2013-07-19,8.22,8.24,8.03,8.02,76242272.0,619426688.0
2013-07-18,8.41,8.45,8.2,8.16,99044376.0,818192320.0
2013-07-17,8.52,8.55,8.45,8.38,79489712.0,673336896.0
2013-07-16,8.52,8.55,8.54,8.41,78430472.0,664317056.0
2013-07-15,8.55,8.71,8.56,8.41,103850928.0,891216128.0
2013-07-12,8.76,8.85,8.49,8.43,162211376.0,1400965632.0
2013-07-11,8.17,8.92,8.86,8.17,274152448.0,2369027072.0
2013-07-10,7.95,8.13,8.11,7.9,60829120.0,488041472.0
2013-07-09,7.92,7.96,7.92,7.88,40964528.0,324418304.0
2013-07-08,8.0,8.05,7.91,7.9,63977580.0,508688896.0
2013-07-05,8.11,8.22,8.11,8.08,58764344.0,477728576.0
2013-07-04,8.06,8.28,8.12,8.02,85794488.0,697456128.0
2013-07-03,8.1,8.11,8.04,7.97,69690312.0,560255104.0
2013-07-02,8.18,8.22,8.15,7.95,84019576.0,677872960.0
2013-07-01,8.22,8.27,8.17,8.07,86027064.0,702497408.0
2013-06-28,7.82,8.3,8.28,7.76,157753952.0,1276035968.0
2013-06-27,7.85,7.92,7.88,7.7,125823280.0,982597056.0
2013-06-26,7.9,7.95,7.77,7.63,130788936.0,1016856704.0
2013-06-25,7.45,7.84,7.8,7.18,246601200.0,1856925568.0
2013-06-24,8.29,8.29,7.52,7.5,249977360.0,1942163840.0
2013-06-21,8.31,8.47,8.28,8.22,147442608.0,1229287040.0
2013-06-20,8.86,8.86,8.42,8.4,137571504.0,1178952704.0
2013-06-19,9.05,9.05,8.89,8.82,53104792.0,473179680.0
2013-06-18,9.05,9.12,9.07,9.01,40358844.0,365844128.0
2013-06-17,9.05,9.1,9.01,8.96,52039164.0,469144448.0
2013-06-14,9.07,9.07,9.02,8.98,77530688.0,699500736.0
2013-06-13,9.25,9.25,9.02,8.91,127820272.0,1152185088.0
2013-06-07,9.51,9.57,9.35,9.32,72344080.0,682011584.0
2013-06-06,9.61,9.67,9.45,9.42,72417600.0,688813184.0
2013-06-05,9.74,9.77,9.65,9.6,56405768.0,545296064.0
2013-06-04,9.89,9.89,9.74,9.7,60164556.0,587136128.0
2013-06-03,9.97,10.01,9.84,9.81,83186088.0,823621312.0
2013-05-31,10.56,10.62,10.47,10.46,101875600.0,1074952832.0
2013-05-30,10.48,10.62,10.54,10.47,89454800.0,942531008.0
2013-05-29,10.58,10.62,10.52,10.51,91459016.0,966132032.0
2013-05-28,10.3,10.56,10.55,10.25,111377096.0,1160468736.0
2013-05-27,10.21,10.33,10.29,10.18,69546992.0,714504512.0
2013-05-24,10.2,10.28,10.2,10.1,63230984.0,644944832.0
2013-05-23,10.29,10.33,10.15,10.15,82484744.0,845485632.0
2013-05-22,10.33,10.38,10.36,10.28,71207688.0,734819200.0
2013-05-21,10.38,10.42,10.34,10.24,91775248.0,946356992.0
2013-05-20,10.26,10.54,10.41,10.2,156851184.0,1632285440.0
2013-05-17,10.15,10.28,10.24,10.05,122955152.0,1250713216.0
2013-05-16,9.99,10.16,10.15,9.84,111647304.0,1120193792.0
2013-05-15,9.98,10.02,9.99,9.93,47275904.0,471747488.0
2013-05-14,10.03,10.05,9.97,9.93,67348056.0,671548096.0
2013-05-13,10.02,10.11,10.02,9.93,66994304.0,670319744.0
2013-05-10,9.93,10.06,10.03,9.89,63127004.0,630968320.0
2013-05-09,10.06,10.08,9.97,9.89,64667336.0,644949056.0
2013-05-08,10.12,10.2,10.05,10.01,72153520.0,728615168.0
2013-05-07,10.09,10.1,10.06,9.98,60095952.0,603143616.0
2013-05-06,10.03,10.21,10.13,9.97,87865272.0,888293824.0
2013-05-03,9.87,10.17,10.01,9.83,109373480.0,1097528960.0
2013-05-02,9.77,9.86,9.82,9.66,80667824.0,786928384.0
2013-04-26,9.96,10.01,9.88,9.85,52806428.0,524919904.0
2013-04-25,10.0,10.07,9.91,9.82,74320336.0,737540032.0
2013-04-24,9.86,10.15,10.03,9.77,105005040.0,1045917568.0
2013-04-23,10.28,10.29,9.84,9.8,108826816.0,1083711360.0
2013-04-22,10.11,10.22,10.22,10.1,123343744.0,1254891776.0
2013-04-19,9.65,10.19,10.14,9.62,178675024.0,1778831232.0
2013-04-18,9.46,9.66,9.63,9.42,103421936.0,985199552.0
2013-04-17,9.74,9.74,9.59,9.52,86278544.0,829038272.0
2013-04-16,9.75,9.83,9.74,9.6,126274720.0,1224441856.0
2013-04-15,9.94,9.99,9.83,9.79,75763624.0,747795136.0
2013-04-12,10.03,10.06,9.94,9.9,41832296.0,417375296.0
2013-04-11,10.08,10.12,10.02,10.0,43303752.0,435013696.0
2013-04-10,10.03,10.04,10.0,9.92,54586848.0,544630528.0
2013-04-09,9.96,10.12,10.04,9.96,65806596.0,660726016.0
2013-04-08,9.87,9.99,9.92,9.7,89499064.0,883268160.0
2013-04-03,10.05,10.15,10.06,9.95,88765776.0,892637760.0
2013-04-02,10.07,10.17,10.03,9.94,83681536.0,840890496.0
2013-04-01,10.06,10.2,10.05,10.03,76052112.0,767292288.0
2013-03-29,10.03,10.21,10.13,9.91,131028760.0,1315731584.0
2013-03-28,10.2,10.25,10.02,9.68,298069472.0,2992135424.0
2013-03-27,10.71,10.95,10.76,10.63,113814688.0,1225592704.0
2013-03-26,10.98,10.99,10.7,10.65,126327264.0,1358261888.0
2013-03-25,11.13,11.24,11.04,11.0,89020576.0,986945856.0
2013-03-22,11.01,11.11,11.06,10.95,122824528.0,1356165888.0
2013-03-21,11.2,11.28,11.1,10.94,193267920.0,2143848576.0
2013-03-20,10.68,11.2,11.19,10.65,253698288.0,2793678336.0
2013-03-19,10.47,10.66,10.65,10.43,114470224.0,1207222528.0
2013-03-18,10.44,10.64,10.48,10.39,142604464.0,1499673088.0
2013-03-15,10.47,10.93,10.51,10.38,214299264.0,2283442432.0
2013-03-14,10.4,10.56,10.45,10.27,163419360.0,1707645824.0
2013-03-13,10.29,10.42,10.25,10.11,105764432.0,1083876608.0
2013-03-12,10.46,10.65,10.29,10.18,132298616.0,1371021568.0
2013-03-11,10.67,10.67,10.47,10.41,94081224.0,990803392.0
2013-03-08,10.81,10.88,10.71,10.6,103046488.0,1106726784.0
2013-03-07,11.02,11.1,10.76,10.51,191555152.0,2072717440.0
2013-03-06,11.16,11.31,11.11,10.96,205631616.0,2289024768.0
2013-03-05,10.36,11.22,11.07,10.36,233607728.0,2525017088.0
2013-03-04,10.86,10.9,10.39,10.27,261002016.0,2758781184.0
2013-03-01,11.07,11.31,11.17,10.8,223208912.0,2475460608.0
2013-02-28,10.55,11.07,11.06,10.39,224658464.0,2416913152.0
2013-02-27,10.36,10.7,10.39,10.31,158815728.0,1662077312.0
2013-02-26,10.2,10.76,10.33,10.15,238592672.0,2515148288.0
2013-02-25,10.21,10.4,10.32,10.2,116274544.0,1198145536.0
2013-02-22,10.19,10.34,10.14,10.08,143226432.0,1463429376.0
2013-02-21,10.65,10.68,10.22,10.0,290791328.0,2996527616.0
2013-02-20,11.1,11.12,10.81,10.58,264523040.0,2849978368.0
2013-02-19,11.23,11.31,11.1,11.07,114565264.0,1279590656.0
2013-02-18,11.42,11.5,11.26,11.19,119051848.0,1348960768.0
2013-02-08,11.4,11.45,11.34,11.06,195904896.0,2214211072.0
2013-02-07,12.0,12.02,11.43,11.17,315193600.0,3634915072.0
2013-02-06,11.85,12.05,12.0,11.72,133748184.0,1595335936.0
2013-02-05,11.91,12.0,11.87,11.65,176944688.0,2098278656.0
2013-02-04,11.98,12.27,12.07,11.83,271540512.0,3269293056.0
2013-02-01,11.41,11.97,11.95,11.31,223157200.0,2595572224.0
2013-01-31,11.24,11.5,11.48,11.12,181147184.0,2051351296.0
2013-01-30,11.29,11.36,11.24,11.09,172171456.0,1933405056.0
2013-01-29,11.21,11.47,11.3,11.11,191067344.0,2155684352.0
2013-01-28,10.66,11.21,11.18,10.65,263089200.0,2903989248.0
2013-01-25,10.6,10.68,10.66,10.53,89716808.0,951423104.0
2013-01-24,10.6,11.04,10.61,10.53,320210496.0,3446063872.0
2013-01-23,10.44,10.62,10.6,10.37,155968496.0,1637582720.0
2013-01-22,10.38,10.76,10.48,10.25,242222064.0,2546398208.0
2013-01-21,10.2,10.44,10.4,10.05,178154880.0,1826584576.0
2013-01-18,10.08,10.25,10.16,9.97,129872648.0,1315677056.0
2013-01-17,10.05,10.17,10.03,9.88,116672024.0,1163327232.0
2013-01-16,10.28,10.32,10.12,9.98,156691872.0,1588121344.0
2013-01-15,10.35,10.41,10.33,10.22,134039000.0,1383536256.0
2013-01-14,9.75,10.36,10.35,9.75,228634880.0,2326609920.0
2013-01-11,10.07,10.12,9.82,9.77,171547456.0,1709899008.0
2013-01-10,10.11,10.21,10.04,9.99,121226792.0,1224888960.0
2013-01-09,10.09,10.18,10.14,9.98,175906176.0,1774560384.0
2013-01-08,10.34,10.35,10.12,10.06,154851184.0,1573240192.0
2013-01-07,10.05,10.34,10.32,10.01,248200912.0,2534161920.0
2013-01-04,10.1,10.26,10.02,9.93,261436816.0,2633796608.0
2012-12-31,9.64,9.96,9.92,9.63,198451648.0,1956467584.0
2012-12-28,9.37,9.64,9.59,9.37,119599840.0,1140200576.0
2012-12-27,9.46,9.64,9.39,9.32,127847944.0,1211244288.0
2012-12-26,9.46,9.49,9.46,9.37,96013024.0,904988224.0
2012-12-25,9.07,9.56,9.45,9.04,234226688.0,2200438272.0
2012-12-24,8.94,9.26,9.09,8.94,134642720.0,1224943488.0
2012-12-21,9.06,9.11,8.97,8.88,130820096.0,1174200064.0
2012-12-20,8.99,9.07,9.06,8.88,149750880.0,1346132224.0
2012-12-19,9.11,9.16,9.05,8.98,176670640.0,1601205248.0
2012-12-18,9.01,9.29,9.14,8.97,234880208.0,2144833792.0
2012-12-17,9.0,9.11,9.07,8.94,254783072.0,2298528768.0
2012-12-14,8.32,8.99,8.9,8.32,344394464.0,3002867456.0
2012-12-13,8.35,8.45,8.29,8.28,124094528.0,1038553792.0
2012-12-12,8.29,8.49,8.4,8.29,174126976.0,1463953024.0
2012-12-11,8.32,8.37,8.28,8.25,114930760.0,955761536.0
2012-12-10,8.35,8.42,8.33,8.26,215254800.0,1796312704.0
2012-12-07,7.93,8.28,8.26,7.92,229249200.0,1863056896.0
2012-12-06,7.87,7.97,7.89,7.83,115134976.0,910874048.0
2012-12-05,7.43,7.92,7.88,7.41,227002016.0,1764021504.0
2012-12-04,7.33,7.46,7.43,7.33,34974820.0,258840208.0
2012-12-03,7.46,7.47,7.35,7.34,53769232.0,396827584.0
2012-11-30,7.41,7.48,7.46,7.37,38822288.0,288486304.0
2012-11-29,7.46,7.47,7.41,7.4,39279396.0,291914528.0
2012-11-28,7.44,7.5,7.44,7.42,41978768.0,312815520.0
2012-11-27,7.44,7.52,7.46,7.42,40827532.0,304729088.0
2012-11-26,7.5,7.54,7.47,7.43,28167480.0,210337440.0
2012-11-23,7.46,7.56,7.51,7.43,35819824.0,268999520.0
2012-11-22,7.45,7.48,7.44,7.4,22784842.0,169442912.0
2012-11-21,7.35,7.48,7.47,7.34,28957628.0,214374144.0
2012-11-20,7.4,7.41,7.35,7.33,20252986.0,149215104.0
2012-11-19,7.36,7.4,7.37,7.33,24785310.0,182453728.0
2012-11-16,7.41,7.41,7.36,7.34,33266320.0,245149920.0
2012-11-15,7.49,7.5,7.42,7.41,29220008.0,217739712.0
2012-11-14,7.49,7.53,7.5,7.47,21823216.0,163644368.0
2012-11-13,7.62,7.62,7.49,7.48,37691616.0,283805504.0
2012-11-12,7.54,7.64,7.63,7.53,43645488.0,331521952.0
2012-11-09,7.53,7.59,7.53,7.5,26921256.0,202868992.0
2012-11-08,7.63,7.66,7.54,7.53,38667164.0,293900672.0
2012-11-07,7.67,7.73,7.69,7.64,26193792.0,201366784.0
2012-11-06,7.74,7.74,7.68,7.59,42177128.0,323024800.0
2012-11-05,7.7,7.78,7.73,7.66,56974000.0,439602336.0
2012-11-02,7.65,7.7,7.68,7.61,47587496.0,364830176.0
2012-11-01,7.52,7.7,7.64,7.51,57205112.0,436219680.0
2012-10-31,7.49,7.53,7.51,7.43,36411100.0,273109824.0
2012-10-30,7.47,7.53,7.48,7.4,37082864.0,276344864.0
2012-10-29,7.44,7.49,7.47,7.42,28176828.0,210091712.0
2012-10-26,7.54,7.57,7.46,7.42,49611208.0,370899616.0
2012-10-25,7.58,7.62,7.53,7.5,29807496.0,225449552.0
2012-10-24,7.55,7.63,7.59,7.54,28328508.0,215116944.0
2012-10-23,7.66,7.68,7.57,7.55,32189190.0,245356336.0
2012-10-22,7.54,7.68,7.65,7.53,36799860.0,280112256.0
2012-10-19,7.62,7.63,7.58,7.55,40185552.0,305185408.0
2012-10-18,7.55,7.65,7.62,7.54,51397332.0,390882240.0
2012-10-17,7.48,7.58,7.55,7.44,52658488.0,395714432.0
2012-10-16,7.41,7.52,7.46,7.39,43952520.0,328313920.0
2012-10-15,7.46,7.47,7.41,7.37,22249340.0,164793072.0
2012-10-12,7.43,7.5,7.45,7.41,37953796.0,283061216.0
2012-10-11,7.41,7.43,7.41,7.37,29564294.0,218797760.0
2012-10-10,7.43,7.46,7.44,7.4,27147360.0,201761968.0
2012-10-09,7.35,7.48,7.45,7.34,48620080.0,361695648.0
2012-10-08,7.38,7.42,7.32,7.28,32324564.0,237702592.0
2012-09-28,7.28,7.39,7.38,7.24,62930104.0,460162688.0
2012-09-27,7.11,7.36,7.32,7.1,74565208.0,540842752.0
2012-09-26,7.15,7.18,7.11,7.1,28344266.0,202126624.0
2012-09-25,7.16,7.18,7.16,7.13,23528436.0,168346304.0
2012-09-24,7.18,7.21,7.17,7.11,44280628.0,316830848.0
2012-09-21,7.22,7.26,7.21,7.18,37540672.0,271098080.0
2012-09-20,7.32,7.34,7.23,7.22,48072064.0,349808064.0
2012-09-19,7.35,7.38,7.34,7.33,35316264.0,259404096.0
2012-09-18,7.39,7.4,7.35,7.34,29556474.0,217783072.0
2012-09-17,7.52,7.52,7.41,7.4,39495792.0,294478240.0
2012-09-14,7.5,7.56,7.52,7.44,60554000.0,454887776.0
2012-09-13,7.47,7.5,7.45,7.44,28598526.0,213621168.0
2012-09-12,7.53,7.56,7.48,7.42,41199392.0,308089952.0
2012-09-11,7.54,7.54,7.49,7.43,50981388.0,381041952.0
2012-09-10,7.59,7.61,7.56,7.53,63799020.0,482615584.0
2012-09-07,7.42,7.78,7.6,7.4,145971936.0,1108956800.0
2012-09-06,7.34,7.39,7.38,7.3,38370244.0,281996032.0
2012-09-05,7.44,7.45,7.32,7.28,73135904.0,536590336.0
2012-09-04,7.56,7.59,7.46,7.43,44361376.0,332534240.0
2012-09-03,7.63,7.63,7.58,7.53,55393324.0,419440928.0
2012-08-31,7.58,7.68,7.61,7.57,37255104.0,284745600.0
2012-08-30,7.5,7.62,7.61,7.5,44804212.0,339823936.0
2012-08-29,7.56,7.57,7.55,7.52,38419444.0,289895904.0
2012-08-28,7.43,7.62,7.6,7.4,54763744.0,411991616.0
2012-08-27,7.45,7.49,7.4,7.39,40334512.0,300069728.0
2012-08-24,7.52,7.53,7.49,7.45,36963616.0,277056704.0
2012-08-23,7.51,7.55,7.52,7.47,36366408.0,273444032.0
2012-08-22,7.52,7.53,7.52,7.47,35326456.0,264640480.0
2012-08-21,7.51,7.56,7.51,7.49,36268940.0,272732512.0
2012-08-20,7.52,7.56,7.52,7.46,27038216.0,202877232.0
2012-08-17,7.52,7.58,7.55,7.51,33322664.0,251555248.0
2012-08-16,7.59,7.59,7.53,7.5,40630296.0,306256960.0
2012-08-15,7.8,7.8,7.58,7.55,89555248.0,683068992.0
2012-08-14,7.76,7.8,7.8,7.73,39743688.0,308683296.0
2012-08-13,7.8,7.83,7.75,7.74,47282080.0,368478432.0
2012-08-10,7.79,7.85,7.8,7.78,46782980.0,365500896.0
2012-08-09,7.75,7.76,7.75,7.69,32490296.0,251340992.0
2012-08-08,7.7,7.77,7.73,7.69,53821168.0,416624096.0
2012-08-07,7.72,7.73,7.69,7.65,34912528.0,268267936.0
2012-08-06,7.73,7.74,7.72,7.69,46411104.0,358235328.0
2012-08-03,7.74,7.75,7.74,7.68,44045380.0,339338688.0
2012-08-02,7.68,7.77,7.75,7.65,75444192.0,581966464.0
2012-08-01,7.67,7.71,7.65,7.59,62270864.0,476495456.0
2012-07-31,7.57,7.69,7.66,7.56,70118952.0,535947136.0
2012-07-30,7.52,7.65,7.56,7.49,62142488.0,470732256.0
2012-07-27,7.42,7.56,7.49,7.4,58500796.0,438293376.0
2012-07-26,7.4,7.45,7.4,7.37,30350496.0,224778992.0
2012-07-25,7.43,7.5,7.41,7.39,47580448.0,353247488.0
2012-07-24,7.43,7.5,7.46,7.41,48389404.0,360293120.0
2012-07-23,7.57,7.57,7.45,7.42,64501900.0,480841536.0
2012-07-20,7.67,7.68,7.61,7.6,55545512.0,423521024.0
2012-07-19,7.65,7.73,7.69,7.61,77344592.0,594527744.0
2012-07-18,7.69,7.69,7.67,7.6,47630984.0,363638272.0
2012-07-17,7.65,7.73,7.69,7.62,30224256.0,232272368.0
2012-07-16,7.75,7.75,7.63,7.62,46584900.0,358037216.0
2012-07-13,7.66,7.79,7.73,7.64,45202380.0,349346432.0
2012-07-12,7.71,7.72,7.67,7.58,100909328.0,770420608.0
2012-07-11,7.69,7.74,7.71,7.67,32425638.0,249889712.0
2012-07-10,7.67,7.76,7.7,7.66,45089772.0,347540672.0
2012-07-09,7.93,7.94,7.67,7.65,106535416.0,829804096.0
2012-07-06,7.92,7.97,7.97,7.88,115797072.0,917011456.0
2012-07-05,8.11,8.12,8.07,8.05,33635896.0,271555072.0
2012-07-04,8.1,8.18,8.12,8.08,39552476.0,321375936.0
2012-07-03,8.09,8.15,8.09,8.07,40080964.0,324895968.0
2012-07-02,8.15,8.15,8.09,8.05,43691988.0,353033248.0
2012-06-29,8.04,8.16,8.13,8.02,50974236.0,412653792.0
2012-06-28,8.05,8.07,8.01,8.01,28876448.0,232014032.0
2012-06-27,8.06,8.09,8.05,8.03,26966056.0,217422016.0
2012-06-26,8.07,8.12,8.06,8.03,39982536.0,323089664.0
2012-06-25,8.42,8.48,8.35,8.34,52706596.0,443526592.0
2012-06-21,8.51,8.51,8.44,8.4,39423884.0,332932096.0
2012-06-20,8.54,8.61,8.5,8.48,50000108.0,427039904.0
2012-06-19,8.47,8.54,8.49,8.43,47008304.0,398791968.0
2012-06-18,8.47,8.48,8.46,8.42,50212960.0,424346816.0
2012-06-15,8.31,8.53,8.47,8.29,134216056.0,1129580288.0
2012-06-14,8.3,8.34,8.27,8.25,80017464.0,664166656.0
2012-06-12,8.31,8.35,8.29,8.19,82431224.0,680814848.0
2012-06-11,8.36,8.38,8.34,8.31,71644864.0,597652544.0
2012-06-08,8.51,8.53,8.34,8.31,140389728.0,1176530432.0
2012-06-07,8.68,8.7,8.56,8.53,48026408.0,413324672.0
2012-06-06,8.59,8.68,8.62,8.55,49918848.0,429065888.0
2012-06-05,8.62,8.64,8.56,8.55,69666904.0,598110592.0
2012-06-04,8.71,8.71,8.59,8.58,69367976.0,599453504.0
2012-06-01,8.78,8.84,8.78,8.75,42401676.0,372673952.0
2012-05-31,8.79,8.8,8.77,8.75,67011196.0,587833152.0
2012-05-30,8.92,8.93,8.82,8.79,88036488.0,779244032.0
2012-05-29,8.86,8.98,8.95,8.82,93478648.0,831085312.0
2012-05-28,8.8,8.88,8.87,8.77,52347656.0,461949312.0
2012-05-25,8.85,8.86,8.79,8.77,45887776.0,404197696.0
2012-05-24,8.88,8.94,8.85,8.81,49757216.0,441704160.0
2012-05-23,8.95,8.96,8.89,8.85,61979792.0,552097472.0
2012-05-22,8.9,8.97,8.96,8.88,67549648.0,602839680.0
2012-05-21,8.86,8.91,8.87,8.83,46679612.0,413635872.0
2012-05-18,8.92,8.92,8.86,8.82,61950168.0,549225600.0
2012-05-17,8.93,9.02,8.97,8.9,43092664.0,386025728.0
2012-05-16,9.03,9.03,8.91,8.89,75535744.0,676147520.0
2012-05-15,9.0,9.05,9.04,8.98,60429992.0,544604544.0
2012-05-14,9.21,9.23,9.08,9.06,70896632.0,648414464.0
2012-05-11,9.16,9.23,9.16,9.12,35532728.0,325856896.0
2012-05-10,9.21,9.24,9.16,9.11,67576256.0,619397952.0
2012-05-09,9.3,9.31,9.2,9.18,65066892.0,600930048.0
2012-05-08,9.41,9.42,9.36,9.28,86721344.0,810233984.0
2012-05-07,9.43,9.48,9.42,9.34,82225736.0,773477056.0
2012-05-04,9.47,9.5,9.49,9.39,71659888.0,677231232.0
2012-05-03,9.51,9.55,9.46,9.42,60560076.0,574341312.0
2012-05-02,9.48,9.59,9.56,9.41,107696976.0,1023491904.0
2012-04-27,9.39,9.45,9.41,9.35,47114992.0,443152192.0
2012-04-26,9.42,9.46,9.37,9.3,53826936.0,503917248.0
2012-04-25,9.34,9.44,9.35,9.33,66489024.0,623235392.0
2012-04-24,9.23,9.55,9.38,9.22,113165456.0,1065629952.0
2012-04-23,9.27,9.33,9.24,9.21,41839068.0,387763904.0
2012-04-20,9.1,9.32,9.31,9.09,77240832.0,714085568.0
2012-04-19,9.1,9.16,9.12,9.06,48488000.0,441712576.0
2012-04-18,8.93,9.14,9.12,8.92,67117992.0,607091648.0
2012-04-17,9.06,9.09,8.93,8.93,49466012.0,444391616.0
2012-04-16,9.08,9.12,9.06,9.04,38614800.0,350463008.0
2012-04-13,9.11,9.15,9.14,9.02,61175664.0,556243008.0
2012-04-12,8.89,9.14,9.12,8.87,64571632.0,581979200.0
2012-04-11,8.87,8.95,8.89,8.85,39397072.0,350489728.0
2012-04-10,8.86,8.93,8.92,8.78,45147000.0,399088192.0
2012-04-09,8.89,8.94,8.84,8.83,34889828.0,309720480.0
2012-04-06,8.93,8.96,8.94,8.84,56682480.0,504458944.0
2012-04-05,8.9,8.95,8.93,8.81,76352000.0,677374528.0
2012-03-30,8.92,8.97,8.93,8.88,50587012.0,451335936.0
2012-03-29,8.94,9.0,8.87,8.85,48391416.0,432068896.0
2012-03-28,9.12,9.14,8.97,8.93,43565308.0,394701408.0
2012-03-27,9.15,9.17,9.12,9.08,27294640.0,249025232.0
2012-03-26,9.05,9.17,9.13,9.05,33692848.0,306941856.0
2012-03-23,9.1,9.12,9.06,9.02,35268448.0,319927040.0
2012-03-22,9.09,9.21,9.12,9.03,38651196.0,352251200.0
2012-03-21,9.18,9.19,9.08,9.02,51867060.0,471579968.0
2012-03-20,9.25,9.26,9.12,9.12,62725576.0,575220544.0
2012-03-19,9.26,9.32,9.28,9.24,50228036.0,466395776.0
2012-03-16,9.25,9.34,9.25,9.2,72584560.0,672304000.0
2012-03-15,9.36,9.45,9.19,9.16,70673896.0,661561280.0
2012-03-14,9.53,9.61,9.36,9.32,99280320.0,940852480.0
2012-03-13,9.39,9.53,9.47,9.35,61430152.0,582028864.0
2012-03-12,9.44,9.45,9.38,9.33,52784384.0,494779968.0
2012-03-09,9.47,9.51,9.47,9.42,47510500.0,449318752.0
2012-03-08,9.39,9.5,9.46,9.37,54828552.0,517039328.0
2012-03-07,9.39,9.44,9.34,9.33,51077236.0,479615296.0
2012-03-06,9.53,9.61,9.44,9.41,68450352.0,650629568.0
2012-03-05,9.74,9.75,9.58,9.58,66098036.0,638459392.0
2012-03-02,9.55,9.7,9.69,9.54,74013184.0,711842944.0
2012-03-01,9.5,9.59,9.55,9.49,46237868.0,441399328.0
2012-02-29,9.67,9.67,9.54,9.51,77757840.0,745267136.0
2012-02-28,9.48,9.7,9.66,9.46,136121120.0,1308533888.0
2012-02-27,9.57,9.62,9.48,9.45,126664016.0,1206459776.0
2012-02-24,9.35,9.53,9.51,9.31,128341832.0,1207795584.0
2012-02-23,9.32,9.4,9.33,9.28,87754888.0,818404864.0
2012-02-22,9.28,9.36,9.32,9.2,81447792.0,755732416.0
2012-02-21,9.27,9.31,9.28,9.2,42757384.0,395923936.0
2012-02-20,9.41,9.41,9.26,9.25,57740008.0,539245888.0
2012-02-17,9.25,9.31,9.26,9.2,41743292.0,386595872.0
2012-02-16,9.25,9.28,9.19,9.14,47501800.0,437494048.0
2012-02-15,9.16,9.29,9.23,9.14,55064760.0,507511360.0
2012-02-14,9.24,9.28,9.19,9.13,53024868.0,487049248.0
2012-02-13,9.25,9.37,9.27,9.18,49204968.0,456411680.0
2012-02-10,9.36,9.48,9.37,9.32,51836488.0,487049472.0
2012-02-09,9.45,9.48,9.4,9.36,50273856.0,473358240.0
2012-02-08,9.23,9.48,9.45,9.23,64270716.0,602796544.0
2012-02-07,9.32,9.36,9.24,9.18,51391400.0,475945760.0
2012-02-06,9.46,9.51,9.39,9.29,63691280.0,599080960.0
2012-02-03,9.35,9.5,9.44,9.32,97135312.0,914988416.0
2012-02-02,9.12,9.42,9.4,9.08,87973328.0,816297536.0
2012-02-01,9.2,9.26,9.08,9.05,39647888.0,362716576.0
2012-01-31,9.24,9.28,9.22,9.16,35464104.0,326763264.0
2012-01-30,9.4,9.41,9.22,9.2,71883152.0,668276672.0
2012-01-20,9.25,9.43,9.42,9.17,95052704.0,883450368.0
2012-01-19,9.05,9.22,9.2,9.02,68645568.0,628781824.0
2012-01-18,9.16,9.23,9.04,9.0,58089288.0,529288096.0
2012-01-17,9.0,9.26,9.2,8.79,97357264.0,876457408.0
2012-01-16,9.0,9.12,8.97,8.96,33100160.0,299225056.0
2012-01-13,9.11,9.18,9.04,8.97,56725332.0,514638080.0
2012-01-12,9.0,9.21,9.09,8.99,60486980.0,551261440.0
2012-01-11,9.05,9.1,9.0,8.98,49261156.0,444366560.0
2012-01-10,8.95,9.1,9.07,8.88,72004632.0,647206656.0
2012-01-09,8.72,8.99,8.95,8.68,80136248.0,711429632.0
2012-01-06,8.63,8.78,8.71,8.62,61778688.0,537043776.0
2012-01-05,8.47,8.82,8.65,8.47,132116200.0,1144753024.0
2012-01-04,8.54,8.56,8.41,8.39,34201380.0,290229536.0
2011-12-30,8.39,8.51,8.49,8.38,52982528.0,448339744.0
2011-12-29,8.35,8.38,8.35,8.29,40055044.0,333839360.0
2011-12-28,8.43,8.46,8.38,8.25,42011048.0,351109632.0
2011-12-27,8.47,8.53,8.44,8.4,31075676.0,262876944.0
2011-12-26,8.52,8.56,8.47,8.42,31788768.0,269877056.0
2011-12-23,8.54,8.61,8.54,8.49,23263186.0,198890336.0
2011-12-22,8.49,8.59,8.53,8.45,42682704.0,363453856.0
2011-12-21,8.66,8.72,8.53,8.5,41637648.0,359681312.0
2011-12-20,8.58,8.75,8.59,8.56,38376972.0,331731072.0
2011-12-19,8.57,8.64,8.61,8.37,45264960.0,384672672.0
2011-12-16,8.51,8.65,8.62,8.49,37730296.0,322463296.0
2011-12-15,8.56,8.62,8.49,8.48,41518788.0,354799712.0
2011-12-14,8.57,8.65,8.6,8.54,27334982.0,235202160.0
2011-12-13,8.64,8.72,8.58,8.56,47600712.0,412160768.0
2011-12-12,8.68,8.74,8.66,8.64,23035328.0,200109776.0
2011-12-09,8.73,8.78,8.7,8.64,29514000.0,257109792.0
2011-12-08,8.78,8.83,8.78,8.68,21909676.0,191759968.0
2011-12-07,8.74,8.83,8.78,8.7,23350900.0,204935328.0
2011-12-06,8.76,8.84,8.73,8.7,26440304.0,232129312.0
2011-12-05,8.84,8.91,8.8,8.63,40188320.0,354439392.0
2011-12-02,8.78,8.85,8.8,8.71,38638132.0,339557376.0
2011-12-01,8.74,8.95,8.81,8.73,89049080.0,787219136.0
2011-11-30,8.69,8.73,8.5,8.47,44971840.0,384658400.0
2011-11-29,8.66,8.74,8.73,8.62,25960610.0,225388352.0
2011-11-28,8.63,8.68,8.6,8.57,23967740.0,206431568.0
2011-11-25,8.7,8.72,8.62,8.6,21366538.0,184856608.0
2011-11-24,8.62,8.76,8.7,8.6,24460076.0,212634672.0
2011-11-23,8.76,8.77,8.69,8.62,26370232.0,228822400.0
2011-11-22,8.7,8.81,8.75,8.68,30669912.0,268099632.0
2011-11-21,8.84,8.85,8.74,8.67,32355328.0,281903840.0
2011-11-18,8.8,8.89,8.8,8.76,36819928.0,324198784.0
2011-11-17,8.94,8.97,8.86,8.84,32007464.0,284590464.0
2011-11-16,9.18,9.18,8.92,8.87,64028632.0,576115136.0
2011-11-15,9.2,9.22,9.18,9.13,30013432.0,275179264.0
2011-11-14,9.18,9.27,9.21,9.13,42296964.0,389371104.0
2011-11-11,9.06,9.17,9.08,9.05,25261828.0,230005504.0
2011-11-10,9.2,9.25,9.05,9.04,46636156.0,426657152.0
2011-11-09,9.24,9.29,9.27,9.18,27951632.0,257975136.0
2011-11-08,9.24,9.3,9.21,9.14,31693300.0,291603584.0
2011-11-07,9.25,9.28,9.18,9.16,32870036.0,302777632.0
2011-11-04,9.35,9.36,9.31,9.23,42565040.0,395922336.0
2011-11-03,9.38,9.39,9.24,9.22,84349600.0,785658944.0
2011-11-02,9.08,9.37,9.36,9.04,59397848.0,546059776.0
2011-11-01,9.15,9.34,9.18,9.11,57198904.0,527513056.0
2011-10-31,9.35,9.35,9.21,9.16,50778832.0,468747744.0
2011-10-28,9.4,9.55,9.38,9.26,82502752.0,775731712.0
2011-10-27,9.26,9.35,9.26,9.21,45585828.0,422360448.0
2011-10-26,9.13,9.3,9.18,9.05,68454848.0,631301568.0
2011-10-25,9.18,9.25,9.16,9.08,66314936.0,608223040.0
2011-10-24,8.91,9.21,9.16,8.87,94932080.0,864185472.0
2011-10-21,8.75,8.97,8.89,8.7,59306968.0,526976704.0
2011-10-20,8.77,8.86,8.73,8.64,50658456.0,443175232.0
2011-10-19,8.78,8.92,8.84,8.75,36188376.0,319545728.0
2011-10-18,8.85,8.9,8.78,8.75,41115344.0,362177728.0
2011-10-17,8.84,9.05,8.92,8.82,46009760.0,410848352.0
2011-10-14,8.84,8.88,8.83,8.73,40504200.0,356399904.0
2011-10-13,8.82,8.94,8.87,8.76,51298776.0,453963296.0
2011-10-12,8.54,8.92,8.85,8.49,89412224.0,787072832.0
2011-10-11,8.78,8.78,8.57,8.48,59130344.0,511050464.0
2011-10-10,8.52,8.56,8.42,8.41,32428434.0,274365568.0
2011-09-30,8.48,8.64,8.54,8.44,60468788.0,515663936.0
2011-09-29,8.39,8.52,8.45,8.33,43757788.0,369392512.0
2011-09-28,8.59,8.6,8.43,8.4,42407400.0,360008928.0
2011-09-27,8.52,8.58,8.52,8.48,40252612.0,343008384.0
2011-09-26,8.65,8.72,8.44,8.4,81748384.0,697436160.0
2011-09-23,8.71,8.81,8.73,8.61,54164832.0,470756864.0
2011-09-22,9.01,9.02,8.82,8.8,53791988.0,479557632.0
2011-09-21,8.86,9.22,9.09,8.76,70353056.0,635069888.0
2011-09-20,8.8,8.92,8.86,8.73,34551616.0,305251360.0
2011-09-19,8.91,8.92,8.81,8.79,41510240.0,366080576.0
2011-09-16,9.02,9.07,8.98,8.95,42224048.0,380213984.0
2011-09-15,9.1,9.17,8.95,8.94,56765028.0,512651840.0
2011-09-14,9.2,9.21,9.1,8.94,50592100.0,457967168.0
2011-09-13,9.18,9.22,9.15,9.12,27627216.0,252939808.0
2011-09-09,9.3,9.41,9.3,9.22,38055812.0,354331616.0
2011-09-08,9.3,9.33,9.26,9.2,28413650.0,263397216.0
2011-09-07,9.13,9.38,9.29,9.08,40598520.0,374413888.0
2011-09-06,9.09,9.22,9.11,9.03,42139540.0,384694368.0
2011-09-05,9.2,9.22,9.15,9.11,30840688.0,282591744.0
2011-09-02,9.35,9.4,9.29,9.2,32039820.0,297248800.0
2011-09-01,9.31,9.43,9.37,9.28,58506016.0,548068864.0
2011-08-31,9.18,9.35,9.29,9.16,34349428.0,318100896.0
2011-08-30,9.25,9.4,9.19,9.15,49166776.0,456223296.0
2011-08-29,9.29,9.29,9.18,9.13,75330944.0,693917120.0
2011-08-26,9.42,9.51,9.46,9.32,61998168.0,584450240.0
2011-08-25,9.15,9.53,9.48,9.11,121038880.0,1135191040.0
2011-08-24,9.21,9.34,9.1,9.08,53322200.0,490717792.0
2011-08-23,9.03,9.19,9.18,8.93,48210876.0,438712160.0
2011-08-22,9.04,9.15,8.98,8.95,42762552.0,385779136.0
2011-08-19,8.99,9.08,9.02,8.94,55545008.0,500195840.0
2011-08-18,9.32,9.33,9.12,9.09,40832236.0,375402144.0
2011-08-17,9.34,9.41,9.28,9.28,44535592.0,415370560.0
2011-08-16,9.35,9.51,9.35,9.27,92194080.0,866602368.0
2011-08-15,9.07,9.39,9.37,8.99,89493440.0,825023424.0
2011-08-12,9.12,9.15,9.03,8.98,51162640.0,463907936.0
2011-08-11,8.73,9.15,9.1,8.71,74782512.0,673428864.0
2011-08-10,9.02,9.08,8.91,8.87,67295856.0,605242176.0
2011-08-09,8.52,8.95,8.87,8.47,110925176.0,968666688.0
2011-08-08,8.95,9.09,8.73,8.62,98624720.0,871891968.0
2011-08-05,9.09,9.15,9.03,9.0,71952168.0,651685184.0
2011-08-04,9.31,9.4,9.28,9.27,30410552.0,283911232.0
2011-08-03,9.19,9.31,9.26,9.17,31523822.0,291253824.0
2011-08-02,9.25,9.31,9.26,9.13,41364988.0,380816096.0
2011-08-01,9.33,9.46,9.32,9.27,44930056.0,420409952.0
2011-07-29,9.25,9.61,9.4,9.13,95487760.0,894864384.0
2011-07-28,9.33,9.34,9.22,9.15,65663812.0,605993984.0
2011-07-27,9.38,9.42,9.39,9.35,48213160.0,452508640.0
2011-07-26,9.43,9.55,9.42,9.38,45125008.0,426214464.0
2011-07-25,9.65,9.67,9.43,9.37,88189088.0,838678400.0
2011-07-22,9.75,9.78,9.7,9.67,52488396.0,509417152.0
2011-07-21,9.83,9.85,9.73,9.64,73648904.0,716204416.0
2011-07-20,9.9,9.94,9.84,9.77,63761032.0,626819392.0
2011-07-19,9.94,9.96,9.85,9.82,77790440.0,768616576.0
2011-07-18,10.1,10.1,10.0,9.93,88296136.0,883661184.0
2011-07-15,10.05,10.14,10.09,9.99,66656004.0,672068544.0
2011-07-14,10.0,10.1,10.1,9.97,72244584.0,725394112.0
2011-07-13,9.93,10.08,10.01,9.87,60517248.0,605053184.0
2011-07-12,9.97,10.02,9.88,9.84,73779696.0,730710144.0
2011-07-11,10.05,10.13,10.05,9.96,77297568.0,774789760.0
2011-07-08,9.95,10.25,10.14,9.93,96178656.0,973144640.0
2011-07-07,10.09,10.15,9.93,9.9,110306184.0,1107281024.0
2011-07-06,10.01,10.01,9.92,9.8,78083392.0,771582208.0
2011-07-05,10.1,10.18,10.05,9.99,79844240.0,803065792.0
2011-07-04,9.79,10.12,10.1,9.78,137704160.0,1372265472.0
2011-07-01,9.85,9.86,9.74,9.65,84950360.0,829257856.0
2011-06-30,9.78,9.97,9.84,9.74,89477912.0,880212544.0
2011-06-29,10.0,10.04,9.76,9.74,92115792.0,906629888.0
2011-06-28,10.07,10.08,10.0,9.89,48625916.0,485148832.0
2011-06-27,10.1,10.21,10.07,10.0,61879840.0,624566464.0
2011-06-24,9.69,10.18,10.1,9.67,108608288.0,1083590784.0
2011-06-23,9.62,9.79,9.74,9.5,51462992.0,496177920.0
2011-06-22,9.73,9.73,9.63,9.57,44402680.0,428768704.0
2011-06-21,9.66,9.72,9.68,9.63,44032372.0,426182656.0
2011-06-20,9.55,9.67,9.65,9.51,49155844.0,471826240.0
2011-06-17,9.61,9.69,9.56,9.55,38151776.0,367427552.0
2011-06-16,9.67,9.71,9.61,9.59,43684112.0,420806048.0
2011-06-15,9.9,9.9,9.72,9.69,50642540.0,494521280.0
2011-06-14,9.78,10.04,9.92,9.73,59763716.0,594459904.0
2011-06-13,9.7,9.83,9.79,9.62,33499528.0,325257120.0
2011-06-10,9.71,9.8,9.74,9.68,41514188.0,403650880.0
2011-06-09,9.9,9.9,9.69,9.67,50650152.0,494816800.0
2011-06-08,10.11,10.12,9.92,9.78,71399600.0,705901440.0
2011-06-07,10.04,10.13,10.1,9.98,32112692.0,322851680.0
2011-06-03,10.02,10.14,10.09,10.0,38481952.0,387260352.0
2011-06-02,13.6,13.65,13.21,13.07,78054224.0,1039092736.0
2011-06-01,13.8,13.88,13.74,13.69,43373104.0,597661120.0
2011-05-31,13.81,13.87,13.86,13.64,54862272.0,754258688.0
2011-05-30,13.65,13.86,13.8,13.57,32773528.0,450312960.0
2011-05-27,13.68,13.89,13.69,13.57,42690708.0,586884288.0
2011-05-26,13.71,13.75,13.65,13.56,32165476.0,439304192.0
2011-05-25,13.82,13.86,13.6,13.58,30456436.0,417290080.0
2011-05-24,13.82,13.94,13.85,13.79,33302192.0,462259456.0
2011-05-23,14.17,14.23,13.86,13.8,49529764.0,690545344.0
2011-05-20,14.13,14.35,14.24,14.1,51652212.0,736778816.0
2011-05-19,14.18,14.32,14.14,14.1,44471116.0,632129344.0
2011-05-18,13.89,14.22,14.15,13.84,54624468.0,770723072.0
2011-05-17,13.7,14.0,13.91,13.62,48282260.0,669260992.0
2011-05-16,13.75,13.91,13.69,13.68,37488832.0,517163712.0
2011-05-13,13.68,13.83,13.83,13.49,52149616.0,712045056.0
2011-05-12,13.81,13.94,13.65,13.64,37059484.0,511077952.0
2011-05-11,13.97,14.05,13.88,13.81,27344004.0,380898272.0
2011-05-10,13.8,13.99,13.97,13.71,36795360.0,511163680.0
2011-05-09,13.8,13.97,13.76,13.7,30554676.0,422490272.0
2011-05-06,13.72,13.97,13.82,13.66,36757392.0,508740032.0
2011-05-05,13.75,13.99,13.88,13.63,46974560.0,650093888.0
2011-05-04,14.2,14.37,13.83,13.74,81001232.0,1132838528.0
2011-05-03,14.24,14.41,14.29,14.12,47035504.0,673472576.0
2011-04-29,14.7,14.74,14.28,14.0,101688584.0,1452649728.0
2011-04-27,14.83,14.99,14.62,14.45,97470768.0,1439938944.0
2011-04-26,14.58,14.76,14.75,14.5,84160008.0,1234241152.0
2011-04-25,14.57,14.73,14.54,14.4,75979224.0,1108066432.0
2011-04-22,14.55,14.65,14.45,14.38,47599632.0,690125824.0
2011-04-21,14.63,14.8,14.55,14.49,56955896.0,832686400.0
2011-04-20,14.6,14.8,14.51,14.41,60869160.0,887371136.0
2011-04-19,14.85,15.0,14.57,14.56,85498256.0,1261580032.0
2011-04-18,15.01,15.2,15.0,14.9,79681032.0,1200582144.0
2011-04-15,14.9,15.15,15.08,14.8,72972840.0,1095421312.0
2011-04-14,15.08,15.26,14.96,14.92,126396920.0,1907393152.0
2011-04-13,14.34,15.05,14.99,14.33,114475528.0,1677223680.0
2011-04-12,14.49,14.67,14.43,14.29,87681112.0,1271603456.0
2011-04-11,14.56,14.9,14.53,14.49,120906816.0,1775882496.0
2011-04-08,14.53,14.7,14.52,14.39,68431752.0,995248768.0
2011-04-07,14.58,14.7,14.55,14.47,98951024.0,1443643904.0
2011-04-06,14.15,14.6,14.59,14.15,191242688.0,2768155392.0
2011-04-01,13.6,14.17,14.14,13.6,139484640.0,1947168640.0
2011-03-31,13.85,13.9,13.62,13.51,78290832.0,1072999168.0
2011-03-30,13.73,14.0,13.85,13.65,171723152.0,2380731136.0
2011-03-29,13.47,13.85,13.62,13.46,116597368.0,1593941120.0
2011-03-28,13.55,13.71,13.44,13.41,89692560.0,1219766912.0
2011-03-25,13.21,13.57,13.4,13.21,83143552.0,1116145920.0
2011-03-24,13.3,13.38,13.18,13.12,39629180.0,523824416.0
2011-03-23,13.15,13.38,13.28,13.11,56238252.0,746472064.0
2011-03-22,12.98,13.31,13.18,12.83,70018768.0,919016000.0
2011-03-21,12.9,13.05,12.94,12.86,46708140.0,604983296.0
2011-03-18,12.95,13.03,12.9,12.85,43770808.0,566212736.0
2011-03-17,12.88,12.97,12.86,12.81,46829496.0,602924288.0
2011-03-16,12.89,13.08,13.01,12.82,62901816.0,814120000.0
2011-03-15,13.08,13.08,12.91,12.74,92725768.0,1193536384.0
2011-03-14,13.09,13.21,13.12,13.07,44064900.0,578145216.0
2011-03-11,13.22,13.29,13.1,13.02,64682920.0,851985600.0
2011-03-10,13.57,13.57,13.24,13.21,94145608.0,1256350976.0
2011-03-09,13.68,13.79,13.61,13.58,75569416.0,1034222208.0
2011-03-08,13.59,13.82,13.63,13.54,95174192.0,1301033088.0
2011-03-07,13.58,13.82,13.61,13.47,121331696.0,1655652992.0
2011-03-04,13.39,13.59,13.56,13.33,120797968.0,1626377344.0
2011-03-03,13.18,13.79,13.45,13.18,263696320.0,3550340352.0
2011-03-02,12.88,13.34,13.18,12.83,198210464.0,2605382400.0
2011-03-01,12.73,13.01,12.95,12.73,128630208.0,1658382848.0
2011-02-28,12.65,12.74,12.71,12.55,50718952.0,642186240.0
2011-02-25,12.59,12.76,12.65,12.52,61226468.0,773953728.0
2011-02-24,12.6,12.61,12.6,12.48,97281920.0,1219329408.0
2011-02-23,12.62,12.73,12.61,12.51,66811756.0,842434368.0
2011-02-22,12.99,12.99,12.65,12.6,93354992.0,1190287232.0
2011-02-21,12.93,13.02,13.01,12.86,76184520.0,985182784.0
2011-02-18,13.04,13.18,13.04,12.91,68116200.0,887867072.0
2011-02-17,13.04,13.21,13.08,12.98,107896344.0,1410869120.0
2011-02-16,12.98,13.02,12.96,12.88,108130992.0,1399038848.0
2011-02-15,13.15,13.2,13.03,13.0,111743064.0,1462480128.0
2011-02-14,12.73,13.2,13.14,12.72,155522880.0,2025335168.0
2011-02-11,12.75,12.78,12.75,12.63,86524656.0,1097943936.0
2011-02-10,12.61,12.79,12.77,12.57,47401672.0,601093824.0
2011-02-09,12.71,12.83,12.63,12.59,50344812.0,640373696.0
2011-02-01,12.73,12.77,12.76,12.65,41824772.0,532086944.0
2011-01-31,12.7,12.78,12.72,12.6,52767632.0,669997056.0
2011-01-28,12.77,12.84,12.69,12.59,53000400.0,672289536.0
2011-01-27,12.75,12.87,12.83,12.51,69649480.0,885350208.0
2011-01-26,12.9,12.93,12.88,12.82,32488432.0,418118016.0
2011-01-25,12.75,12.95,12.87,12.67,49402536.0,634358528.0
2011-01-24,12.72,12.85,12.74,12.61,40025944.0,509605600.0
2011-01-21,12.49,13.18,12.75,12.48,69001296.0,884042048.0
2011-01-20,12.77,12.81,12.48,12.47,45362808.0,571579136.0
2011-01-19,12.7,12.83,12.82,12.58,39145000.0,497010144.0
2011-01-18,12.57,12.78,12.69,12.52,39880972.0,505302336.0
2011-01-17,12.97,13.1,12.61,12.41,85126256.0,1090523008.0
2011-01-14,13.29,13.29,13.14,13.07,58900524.0,775149760.0
2011-01-13,13.49,13.55,13.34,13.33,55412160.0,743119680.0
2011-01-12,13.44,13.5,13.49,13.21,103066728.0,1380549760.0
2011-01-11,13.0,13.42,13.4,13.0,114502560.0,1518387968.0
2011-01-10,13.11,13.34,13.07,12.93,128007504.0,1679801984.0
2011-01-07,12.69,13.51,13.23,12.58,278797600.0,3673752832.0
2011-01-06,12.73,12.89,12.67,12.6,63954084.0,814451712.0
2011-01-05,12.7,12.91,12.71,12.63,107014160.0,1367751424.0
2011-01-04,12.42,12.68,12.61,12.3,104301456.0,1307174912.0
