date,open,high,close,low,volume,amount
2015-12-31,9.35,9.7,9.64,9.21,396416477.0,3764596051.0
2015-12-30,9.17,9.48,9.43,9.07,205522210.0,1898472476.0
2015-12-29,9.1,9.3,9.21,9.07,123448307.0,1133945130.0
2015-12-28,9.4,9.42,9.14,9.09,184243753.0,1699169911.0
2015-12-25,9.42,9.47,9.44,9.33,122946337.0,1155351992.0
2015-12-24,9.5,9.57,9.39,9.25,174200576.0,1632623488.0
2015-12-23,9.6,9.84,9.52,9.43,322611776.0,3109300736.0
2015-12-22,9.84,9.86,9.58,9.5,372075202.0,3591259084.0
2015-12-21,9.01,9.98,9.97,8.98,856796672.0,8355864576.0
2015-12-18,8.73,9.61,9.07,8.73,445641632.0,4117547008.0
2015-12-17,8.68,8.77,8.74,8.68,79162072.0,691071552.0
2015-12-16,8.7,8.74,8.67,8.66,44154408.0,383878848.0
2015-12-15,8.79,8.82,8.69,8.68,53806872.0,469522528.0
2015-12-14,8.65,8.83,8.8,8.63,90032976.0,786587264.0
2015-12-11,8.66,8.72,8.71,8.55,70065784.0,606298304.0
2015-12-10,8.73,8.89,8.7,8.67,65873960.0,577204672.0
2015-12-09,8.69,8.78,8.71,8.67,39270214.0,342511310.0
2015-12-08,8.76,8.77,8.7,8.66,70233904.0,611845760.0
2015-12-07,8.78,8.85,8.81,8.72,54072245.0,476000143.0
2015-12-04,8.86,8.95,8.76,8.69,127088096.0,1121804032.0
2015-12-03,8.9,9.03,8.93,8.82,202795979.0,1811217940.0
2015-12-02,8.57,9.02,8.94,8.55,211013568.0,1865125888.0
2015-12-01,8.64,8.65,8.57,8.51,95548922.0,819799674.0
2015-11-30,8.47,8.67,8.63,8.46,119332312.0,1023833472.0
2015-11-27,8.76,8.76,8.46,8.42,138244928.0,1189332480.0
2015-11-26,8.81,8.85,8.77,8.75,63890544.0,562838976.0
2015-11-25,8.79,8.83,8.8,8.74,55873052.0,490380288.0
2015-11-24,8.82,8.84,8.8,8.76,69221216.0,608544000.0
2015-11-23,8.88,8.93,8.84,8.8,95567272.0,846174272.0
2015-11-20,8.86,8.95,8.89,8.82,144674672.0,1287604864.0
2015-11-19,8.8,8.9,8.87,8.75,136503648.0,1203689472.0
2015-11-18,8.85,8.95,8.83,8.72,168152928.0,1482333312.0
2015-11-17,8.82,8.96,8.83,8.8,180974640.0,1608037504.0
2015-11-16,8.7,8.83,8.82,8.68,110505880.0,967788480.0
2015-11-13,8.82,8.89,8.79,8.78,91859984.0,810752128.0
2015-11-12,8.94,8.94,8.88,8.82,106187744.0,942064960.0
2015-11-11,9.04,9.04,8.9,8.8,167012992.0,1487484544.0
2015-11-10,9.03,9.16,9.04,9.01,203659296.0,1841776768.0
2015-11-09,8.94,9.5,9.13,8.94,415402080.0,3849747200.0
2015-11-06,8.86,8.94,8.89,8.75,215408176.0,1903659008.0
2015-11-05,8.7,9.16,8.86,8.69,334769952.0,2992415232.0
2015-11-04,8.54,8.77,8.74,8.53,166982656.0,1447526656.0
2015-11-03,8.57,8.58,8.54,8.52,75306136.0,643466880.0
2015-11-02,8.56,8.63,8.53,8.51,86256656.0,738908096.0
2015-10-30,8.58,8.68,8.6,8.57,95322120.0,822739200.0
2015-10-29,8.63,8.67,8.58,8.57,59244736.0,510483456.0
2015-10-28,8.65,8.74,8.64,8.62,67097192.0,581100096.0
2015-10-27,8.75,8.77,8.69,8.66,65855264.0,572810816.0
2015-10-26,8.78,8.81,8.75,8.72,80923056.0,709128960.0
2015-10-23,8.73,8.76,8.73,8.68,89185816.0,777319808.0
2015-10-22,8.76,8.93,8.75,8.71,130067008.0,1140117120.0
2015-10-21,8.57,9.4,9.0,8.54,247620608.0,2158251264.0
2015-10-20,8.55,8.58,8.57,8.53,69701216.0,596086208.0
2015-10-19,8.61,8.64,8.57,8.55,85880432.0,737405760.0
2015-10-16,8.62,8.67,8.62,8.56,109272848.0,940783872.0
2015-10-15,8.55,8.63,8.6,8.51,84921288.0,727814016.0
2015-10-14,8.54,8.59,8.54,8.52,40845256.0,349037632.0
2015-10-13,8.62,8.65,8.59,8.57,59659568.0,512972928.0
2015-10-12,8.52,8.77,8.65,8.49,135062864.0,1163618560.0
2015-10-09,8.53,8.57,8.5,8.46,55643468.0,473329792.0
2015-10-08,8.64,8.65,8.48,8.45,70530152.0,602781504.0
2015-09-30,8.47,8.55,8.45,8.43,36763264.0,312233856.0
2015-09-29,8.45,8.55,8.47,8.37,52630736.0,443780288.0
2015-09-28,8.7,8.73,8.61,8.52,41078048.0,355562464.0
2015-09-25,8.58,8.95,8.81,8.47,89963912.0,779695744.0
2015-09-24,8.66,8.68,8.58,8.55,36279464.0,312144032.0
2015-09-23,8.74,8.79,8.61,8.61,52796816.0,458920800.0
2015-09-22,8.75,8.9,8.78,8.7,75167648.0,663095872.0
2015-09-21,8.71,8.81,8.76,8.67,50901928.0,445790720.0
2015-09-18,8.75,8.87,8.76,8.75,55935224.0,493359168.0
2015-09-17,8.91,9.0,8.76,8.75,93643112.0,829407808.0
2015-09-16,8.96,9.15,8.98,8.86,120278392.0,1079577088.0
2015-09-15,8.86,9.07,9.04,8.75,208792624.0,1868352512.0
2015-09-14,8.57,9.18,9.08,8.25,394909792.0,3495821312.0
2015-09-11,8.55,8.63,8.59,8.51,59208368.0,507403552.0
2015-09-10,8.42,8.64,8.62,8.39,126104720.0,1075609600.0
2015-09-09,8.48,8.54,8.5,8.4,136093760.0,1151730048.0
2015-09-08,8.35,8.79,8.47,8.23,155104864.0,1314948736.0
2015-09-07,9.08,9.08,8.42,8.35,252584544.0,2191700480.0
2015-09-02,8.6,9.31,9.28,8.56,522251680.0,4716634624.0
2015-09-01,8.31,8.97,8.91,8.21,440562368.0,3814073344.0
2015-08-31,8.15,8.6,8.57,7.91,262477776.0,2147682048.0
2015-08-28,8.25,8.29,8.2,8.04,212674576.0,1737097216.0
2015-08-27,7.9,8.3,8.26,7.63,303650560.0,2407105024.0
2015-08-26,7.52,7.94,7.77,7.26,312902048.0,2392285184.0
2015-08-25,7.7,8.02,7.47,7.14,373245344.0,2862890752.0
2015-08-24,8.28,8.35,7.92,7.66,352847488.0,2792632576.0
2015-08-21,8.8,8.94,8.51,8.48,186150448.0,1626677248.0
2015-08-20,8.82,9.0,8.76,8.72,147194336.0,1300332672.0
2015-08-19,8.83,8.94,8.93,8.56,228822016.0,1993519872.0
2015-08-18,8.96,9.07,8.71,8.7,171476256.0,1527887232.0
2015-08-17,9.02,9.05,8.96,8.92,113330992.0,1014732736.0
2015-08-14,9.12,9.15,9.06,9.04,106445816.0,966491840.0
2015-08-13,9.26,9.26,9.12,9.02,123210664.0,1122948608.0
2015-08-12,9.19,9.27,9.18,9.1,137011296.0,1259153024.0
2015-08-11,9.38,9.4,9.28,9.26,161426144.0,1504814976.0
2015-08-10,9.24,9.45,9.44,9.19,250378496.0,2337629184.0
2015-08-07,9.46,9.47,9.33,9.28,146855264.0,1375838080.0
2015-08-06,9.3,9.48,9.36,9.28,121330992.0,1140580864.0
2015-08-05,9.36,9.49,9.33,9.32,121166744.0,1138806528.0
2015-08-04,9.31,9.49,9.45,9.22,177798880.0,1670010368.0
2015-08-03,9.01,9.47,9.34,8.98,293038976.0,2710127360.0
2015-07-31,9.09,9.17,9.09,8.96,158071136.0,1430602112.0
2015-07-30,9.06,9.17,9.05,8.92,260764400.0,2356938240.0
2015-07-29,9.08,9.1,9.06,8.94,232715920.0,2099998848.0
2015-07-28,8.65,9.18,9.11,8.57,497893792.0,4488798208.0
2015-07-27,9.31,9.43,8.75,8.69,364454432.0,3339241216.0
2015-07-24,9.64,9.64,9.44,9.43,430279392.0,4110407680.0
2015-07-23,9.53,9.69,9.65,9.45,326235232.0,3132739328.0
2015-07-22,9.57,9.66,9.55,9.52,244814464.0,2342385664.0
2015-07-21,9.68,9.75,9.62,9.57,281851680.0,2717841920.0
2015-07-20,9.76,9.84,9.73,9.71,336668608.0,3286808832.0
2015-07-17,9.88,9.93,9.83,9.71,389065088.0,3816040192.0
2015-07-16,10.05,10.05,9.8,9.7,404773536.0,3973577728.0
2015-07-15,9.65,10.07,10.05,9.62,706123328.0,6942934016.0
2015-07-14,9.79,9.89,9.71,9.5,676582400.0,6555977728.0
2015-07-13,10.0,10.35,10.02,9.79,914705344.0,9159634944.0
2015-07-10,10.28,11.31,10.41,9.89,1485345920.0,15796315136.0
2015-07-09,10.19,10.98,10.59,9.69,1052869568.0,10869227520.0
2015-07-08,10.05,11.16,10.19,9.66,1632485760.0,17093279744.0
2015-07-07,9.53,10.73,10.73,9.51,1647837312.0,16825612288.0
2015-07-06,9.95,9.95,9.86,9.5,1210154496.0,11825240064.0
2015-07-03,9.76,9.76,9.27,8.85,698387648.0,6591895040.0
2015-07-02,9.67,9.78,9.56,9.15,686676992.0,6568562688.0
2015-07-01,9.75,9.88,9.56,9.5,636689408.0,6166608384.0
2015-06-30,9.45,10.06,9.94,9.42,943689536.0,9229600768.0
2015-06-29,9.3,9.65,9.41,8.8,996628224.0,9309568000.0
2015-06-26,9.23,9.65,9.08,8.67,710873408.0,6562867712.0
2015-06-25,10.08,10.13,9.4,9.35,760364416.0,7482524160.0
2015-06-24,9.37,9.97,9.81,9.27,858644032.0,8147663872.0
2015-06-23,9.18,9.34,9.32,8.71,712235712.0,6487834112.0
2015-06-19,9.57,9.77,9.16,9.04,570038976.0,5398404608.0
2015-06-18,10.1,10.14,9.68,9.63,677358912.0,6686074880.0
2015-06-17,10.29,10.33,10.2,10.05,613511360.0,6229125120.0
2015-06-16,10.41,10.62,10.18,10.01,645504832.0,6674964992.0
2015-06-15,11.04,11.1,10.48,10.4,682486528.0,7315319808.0
2015-06-12,10.99,11.13,10.99,10.85,654091840.0,7185094144.0
2015-06-11,11.0,11.05,10.93,10.76,506965632.0,5537071616.0
2015-06-10,10.8,11.19,11.01,10.69,678187904.0,7441705472.0
2015-06-09,11.15,11.25,10.86,10.72,741548608.0,8154038784.0
2015-06-08,10.51,11.16,11.1,10.43,1099752448.0,11935195136.0
2015-06-05,10.79,10.85,10.54,10.3,632704960.0,6687918592.0
2015-06-04,10.45,10.82,10.6,10.0,949662400.0,9990001664.0
2015-06-03,10.48,10.56,10.43,10.27,390460224.0,4065165824.0
2015-06-02,10.38,10.63,10.51,10.31,438933376.0,4597187584.0
2015-06-01,10.03,10.47,10.4,9.86,486693440.0,4970260992.0
2015-05-29,10.08,10.21,10.02,9.85,379819296.0,3815392512.0
2015-05-28,10.69,10.72,10.05,10.0,472747936.0,4941371904.0
2015-05-27,10.8,10.89,10.69,10.62,380306144.0,4081400064.0
2015-05-26,10.79,10.83,10.79,10.63,461105088.0,4948429312.0
2015-05-25,10.68,10.8,10.78,10.63,600567488.0,6422991872.0
2015-05-22,10.46,10.66,10.63,10.35,404564416.0,4276726016.0
2015-05-21,10.51,10.53,10.38,10.21,214100272.0,2226318848.0
2015-05-20,10.3,10.55,10.34,10.25,391518688.0,4070801664.0
2015-05-19,9.97,10.34,10.27,9.95,319753536.0,3258780928.0
2015-05-18,10.12,10.27,9.97,9.94,273180672.0,2752405504.0
2015-05-15,10.4,10.58,10.18,10.11,330847776.0,3412426496.0
2015-05-14,10.42,10.69,10.49,10.41,404336096.0,4259382016.0
2015-05-13,10.63,10.73,10.41,10.36,341774720.0,3594496256.0
2015-05-12,10.6,10.68,10.6,10.5,356349568.0,3771613696.0
2015-05-11,10.4,10.65,10.62,10.29,545406464.0,5699396096.0
2015-05-08,10.83,10.91,10.61,10.36,463284864.0,4907527680.0
2015-05-07,10.75,10.95,10.75,10.68,451538752.0,4880877568.0
2015-05-06,10.77,11.06,10.83,10.65,837276480.0,9125035008.0
2015-05-05,10.84,10.84,10.6,10.48,522638784.0,5574787584.0
2015-05-04,10.62,10.87,10.83,10.52,461144640.0,4969835008.0
2015-04-30,10.73,10.85,10.62,10.61,386326048.0,4144015872.0
2015-04-29,10.9,10.9,10.73,10.65,462244704.0,4982746112.0
2015-04-28,10.67,11.2,10.9,10.59,949274112.0,10329677824.0
2015-04-27,10.45,10.75,10.66,10.45,531775360.0,5650597888.0
2015-04-24,10.5,10.65,10.43,10.25,475742688.0,4957635584.0
2015-04-23,10.87,10.96,10.69,10.58,530523488.0,5708919808.0
2015-04-22,10.81,10.98,10.87,10.69,616671360.0,6678754816.0
2015-04-21,10.5,10.83,10.73,10.45,481457344.0,5123569664.0
2015-04-20,11.03,11.03,10.45,10.41,750478912.0,8073004544.0
2015-04-17,11.24,11.26,10.93,10.88,734615424.0,8112002048.0
2015-04-16,10.53,11.05,10.99,10.41,809354304.0,8676408320.0
2015-04-15,10.27,10.86,10.56,10.2,818396544.0,8597960704.0
2015-04-14,10.44,10.44,10.27,10.15,478680224.0,4917413888.0
2015-04-13,10.48,10.58,10.44,10.32,625740800.0,6526984704.0
2015-04-10,10.05,10.33,10.28,10.0,616295232.0,6279488512.0
2015-04-09,10.13,10.37,10.05,10.01,669469696.0,6797889536.0
2015-04-08,9.95,10.13,10.12,9.8,765067200.0,7633787904.0
2015-04-07,9.8,9.98,9.94,9.8,566390848.0,5600265216.0
2015-04-03,9.6,9.74,9.72,9.58,342126688.0,3307749376.0
2015-04-02,9.8,9.83,9.67,9.57,403085952.0,3903769600.0
2015-04-01,9.68,9.85,9.76,9.62,382834656.0,3730693888.0
2015-03-31,9.9,10.05,9.7,9.58,619078592.0,6108713472.0
2015-03-30,9.58,9.82,9.79,9.51,606445120.0,5883942400.0
2015-03-27,9.47,9.56,9.51,9.38,310386976.0,2940919296.0
2015-03-26,9.4,9.57,9.46,9.29,333613696.0,3147911936.0
2015-03-25,9.6,9.62,9.43,9.37,398950272.0,3785983488.0
2015-03-24,9.74,9.83,9.67,9.63,480539360.0,4657713664.0
2015-03-23,9.69,9.8,9.76,9.64,477543392.0,4644250624.0
2015-03-20,9.51,9.82,9.63,9.4,594990272.0,5707678208.0
2015-03-19,9.63,9.63,9.51,9.46,416405120.0,3967541504.0
2015-03-18,9.45,9.64,9.63,9.41,592845760.0,5650525184.0
2015-03-17,9.44,9.5,9.44,9.33,402611360.0,3786934016.0
2015-03-16,9.33,9.45,9.39,9.21,350546720.0,3274637824.0
2015-03-13,9.37,9.63,9.33,9.28,460784768.0,4349991936.0
2015-03-12,9.22,9.55,9.38,9.11,621640704.0,5805733376.0
2015-03-11,9.0,9.21,9.03,9.0,241368592.0,2195296000.0
2015-03-10,9.11,9.13,9.0,8.98,266623632.0,2409477888.0
2015-03-09,8.76,9.31,9.22,8.65,516647104.0,4659816960.0
2015-03-06,8.74,8.84,8.76,8.71,170561056.0,1497913216.0
2015-03-05,8.9,8.94,8.75,8.66,283831904.0,2487481856.0
2015-03-04,9.08,9.08,8.96,8.9,198928432.0,1783976064.0
2015-03-03,9.19,9.2,9.0,8.99,308253216.0,2792812032.0
2015-03-02,9.28,9.29,9.24,9.16,244195488.0,2249752832.0
2015-02-27,9.27,9.32,9.23,9.2,178920080.0,1656329984.0
2015-02-26,9.1,9.3,9.27,9.03,244481248.0,2245001472.0
2015-02-25,9.25,9.25,9.13,9.05,179553456.0,1638342016.0
2015-02-17,9.22,9.31,9.24,9.22,134949760.0,1249718656.0
2015-02-16,9.29,9.3,9.22,9.17,236974032.0,2183054080.0
2015-02-13,9.29,9.43,9.3,9.24,268985120.0,2509362176.0
2015-02-12,9.35,9.36,9.3,9.15,165471104.0,1530808576.0
2015-02-11,9.33,9.44,9.35,9.3,152280880.0,1425179136.0
2015-02-10,9.23,9.42,9.33,9.17,271605920.0,2530272768.0
2015-02-09,9.07,9.34,9.24,9.03,263163216.0,2419981312.0
2015-02-06,9.06,9.25,9.07,8.94,236736640.0,2156359680.0
2015-02-05,9.52,9.6,9.09,9.07,409113952.0,3830298624.0
2015-02-04,9.36,9.38,9.14,9.12,222722080.0,2061440640.0
2015-02-03,9.2,9.39,9.36,9.14,318330176.0,2950561536.0
2015-02-02,8.86,9.36,9.17,8.85,622548160.0,5679591936.0
2015-01-30,9.76,9.82,9.47,9.44,390064320.0,3747023360.0
2015-01-29,9.74,9.78,9.63,9.57,321400832.0,3107153408.0
2015-01-28,10.0,10.18,9.94,9.88,279104128.0,2786217472.0
2015-01-27,10.49,10.52,10.19,9.9,419481984.0,4262981120.0
2015-01-26,10.46,10.54,10.49,10.3,475265760.0,4963831808.0
2015-01-23,10.15,10.48,10.38,10.15,577583168.0,5967115264.0
2015-01-22,9.98,10.28,10.18,9.89,530978560.0,5378543104.0
2015-01-21,9.49,10.08,9.98,9.37,662277504.0,6444686336.0
2015-01-20,9.19,9.54,9.48,9.08,673525248.0,6304153088.0
2015-01-19,9.39,9.68,9.19,9.19,796088320.0,7425297920.0
2015-01-16,10.23,10.35,10.21,10.08,550566912.0,5632437248.0
2015-01-15,9.96,10.24,10.23,9.82,461766816.0,4646087680.0
2015-01-14,9.92,10.13,9.94,9.85,366463968.0,3657445376.0
2015-01-13,9.99,10.09,9.84,9.8,312574272.0,3100486656.0
2015-01-12,10.19,10.3,9.99,9.75,530982400.0,5332598784.0
2015-01-09,10.13,10.68,10.2,10.04,768649792.0,7966614528.0
2015-01-08,10.61,10.66,10.2,10.09,485168416.0,4990242304.0
2015-01-07,10.28,10.61,10.51,10.2,578704512.0,6022849024.0
2015-01-06,10.7,10.8,10.42,10.28,896571648.0,9393249280.0
2015-01-05,10.87,10.96,10.78,10.5,913887360.0,9793212416.0
2014-12-31,10.71,10.95,10.88,10.46,770719296.0,8292105728.0
2014-12-30,10.77,10.98,10.78,10.52,746930816.0,8042287104.0
2014-12-29,11.1,11.54,10.73,10.49,1167333888.0,12851677184.0
2014-12-26,10.84,11.05,10.9,10.5,1118918144.0,12083848192.0
2014-12-25,10.7,11.0,10.74,10.35,973699264.0,10414744576.0
2014-12-24,10.3,10.77,10.3,9.98,965884992.0,9963641856.0
2014-12-23,10.15,11.1,10.5,9.94,1189845120.0,12610959360.0
2014-12-22,9.49,10.58,10.51,9.43,1906953216.0,19578636288.0
2014-12-19,9.59,9.78,9.63,9.3,1012076544.0,9659527168.0
2014-12-18,9.89,9.99,9.59,9.5,1631355648.0,15851773952.0
2014-12-17,8.65,9.47,9.47,8.59,2313786624.0,21432940544.0
2014-12-16,8.2,8.62,8.61,8.14,798483072.0,6692107776.0
2014-12-15,8.24,8.31,8.23,8.01,569486400.0,4637135872.0
2014-12-12,8.55,8.75,8.42,8.31,598016384.0,5103561216.0
2014-12-11,8.41,8.9,8.61,8.35,825288064.0,7159968768.0
2014-12-10,8.39,8.75,8.64,7.96,1121543168.0,9392618496.0
2014-12-09,9.05,9.5,8.33,8.32,1337520128.0,12126954496.0
2014-12-08,9.0,9.35,9.24,8.71,1326329472.0,12135130112.0
2014-12-05,9.05,9.5,9.09,8.6,1646827264.0,15000566784.0
2014-12-04,8.3,9.0,8.99,8.11,1403564672.0,12005710848.0
2014-12-03,8.08,8.68,8.22,8.04,1836898048.0,15244498944.0
2014-12-02,7.45,7.91,7.91,7.33,1444964352.0,11050961920.0
2014-12-01,7.37,7.69,7.19,7.18,995278208.0,7374012416.0
2014-11-28,6.78,7.35,7.33,6.76,1259134208.0,8921138176.0
2014-11-27,6.75,6.85,6.75,6.67,566373504.0,3829116672.0
2014-11-26,6.57,6.75,6.7,6.54,548604416.0,3648671488.0
2014-11-25,6.47,6.59,6.57,6.44,396369856.0,2574781440.0
2014-11-24,6.41,6.59,6.51,6.31,523676832.0,3375082240.0
2014-11-21,6.44,6.58,6.55,6.38,228009984.0,1475529472.0
2014-11-20,6.42,6.47,6.44,6.37,161363312.0,1036577216.0
2014-11-19,6.45,6.48,6.45,6.39,149441360.0,961194048.0
2014-11-18,6.58,6.59,6.46,6.42,240400880.0,1557987200.0
2014-11-17,6.8,6.85,6.58,6.55,283475200.0,1888834304.0
2014-11-14,6.78,6.85,6.77,6.7,218664432.0,1477690880.0
2014-11-13,6.84,7.03,6.83,6.8,510844896.0,3530925568.0
2014-11-12,6.7,6.82,6.81,6.65,374175104.0,2524230912.0
2014-11-11,6.69,6.93,6.8,6.67,861561536.0,5868508160.0
2014-11-10,6.75,6.9,6.63,6.5,793423488.0,5263065600.0
2014-11-07,6.33,6.45,6.34,6.3,307848832.0,1962236160.0
2014-11-06,6.33,6.36,6.33,6.3,109381696.0,692384128.0
2014-11-05,6.31,6.35,6.33,6.26,138242464.0,871322880.0
2014-11-04,6.37,6.37,6.31,6.29,171581936.0,1083480064.0
2014-11-03,6.44,6.45,6.37,6.35,274406048.0,1752037632.0
2014-10-31,6.3,6.54,6.44,6.27,533327296.0,3419034880.0
2014-10-30,6.24,6.32,6.27,6.2,188548016.0,1179587328.0
2014-10-29,6.19,6.28,6.25,6.17,132140256.0,821732480.0
2014-10-28,6.12,6.19,6.18,6.12,92995160.0,571549696.0
2014-10-27,6.18,6.2,6.12,6.1,95275600.0,584180800.0
2014-10-24,6.22,6.24,6.21,6.18,84763776.0,526213152.0
2014-10-23,6.24,6.27,6.22,6.2,102363816.0,638942400.0
2014-10-22,6.24,6.27,6.24,6.23,79301152.0,495243104.0
2014-10-21,6.3,6.3,6.24,6.23,74036784.0,463474592.0
2014-10-20,6.3,6.31,6.3,6.27,111198392.0,699296192.0
2014-10-17,6.28,6.3,6.28,6.24,129508416.0,811120192.0
2014-10-16,6.23,6.35,6.29,6.21,200483152.0,1260124928.0
2014-10-15,6.27,6.31,6.26,6.21,113210224.0,708648640.0
2014-10-14,6.24,6.3,6.25,6.23,101345224.0,633837248.0
2014-10-13,6.31,6.32,6.26,6.22,121474840.0,759289088.0
2014-10-10,6.38,6.39,6.33,6.31,130875736.0,830203200.0
2014-10-09,6.43,6.43,6.42,6.37,189974080.0,1214740864.0
2014-10-08,6.26,6.43,6.42,6.24,303653472.0,1923792256.0
2014-09-30,6.24,6.25,6.24,6.21,106822176.0,665383488.0
2014-09-29,6.23,6.25,6.24,6.22,126343800.0,787481856.0
2014-09-26,6.24,6.25,6.23,6.19,91293328.0,567278656.0
2014-09-25,6.3,6.32,6.25,6.21,163419488.0,1023880576.0
2014-09-24,6.18,6.3,6.28,6.16,208960960.0,1302472064.0
2014-09-23,6.18,6.22,6.2,6.17,91766496.0,568440000.0
2014-09-22,6.29,6.3,6.18,6.16,152234288.0,945642752.0
2014-09-19,6.3,6.33,6.31,6.27,112112072.0,705770624.0
2014-09-18,6.25,6.38,6.3,6.23,154505904.0,973730752.0
2014-09-17,6.3,6.3,6.26,6.25,122143168.0,766227712.0
2014-09-16,6.32,6.35,6.27,6.25,164849488.0,1039333312.0
2014-09-15,6.33,6.33,6.31,6.28,112374544.0,708609536.0
2014-09-12,6.32,6.35,6.35,6.31,81336192.0,514580096.0
2014-09-11,6.32,6.41,6.35,6.31,150595920.0,956352512.0
2014-09-10,6.38,6.38,6.33,6.32,96706736.0,613679232.0
2014-09-09,6.45,6.46,6.4,6.38,96577376.0,618626368.0
2014-09-05,6.42,6.45,6.44,6.38,151632528.0,973213504.0
2014-09-04,6.38,6.41,6.4,6.34,138618976.0,883248896.0
2014-09-03,6.33,6.4,6.37,6.32,177177024.0,1128969856.0
2014-09-02,6.25,6.35,6.34,6.21,167521504.0,1050991488.0
2014-09-01,6.24,6.27,6.25,6.19,115027160.0,716139712.0
2014-08-29,6.19,6.27,6.26,6.18,70755952.0,441384576.0
2014-08-28,6.28,6.3,6.2,6.19,88004576.0,549080704.0
2014-08-27,6.32,6.32,6.28,6.26,59079536.0,371573280.0
2014-08-26,6.28,6.32,6.31,6.26,95347720.0,600835712.0
2014-08-25,6.34,6.35,6.28,6.27,68476896.0,431255200.0
2014-08-22,6.3,6.36,6.33,6.3,97717480.0,619333056.0
2014-08-21,6.35,6.36,6.32,6.26,103152224.0,650406464.0
2014-08-20,6.39,6.39,6.36,6.34,78557200.0,499797504.0
2014-08-19,6.35,6.4,6.4,6.32,139361520.0,886124928.0
2014-08-18,6.35,6.39,6.35,6.3,113878352.0,722536448.0
2014-08-15,6.33,6.38,6.35,6.29,112471544.0,712865920.0
2014-08-14,6.4,6.42,6.33,6.31,116859424.0,743412992.0
2014-08-13,6.43,6.46,6.4,6.35,100218672.0,641038208.0
2014-08-12,6.45,6.46,6.43,6.39,104322528.0,669669632.0
2014-08-11,6.43,6.5,6.48,6.4,99029296.0,640299712.0
2014-08-08,6.39,6.44,6.4,6.36,86135112.0,551381120.0
2014-08-07,6.5,6.52,6.39,6.38,124967952.0,804497664.0
2014-08-06,6.58,6.59,6.51,6.45,150534496.0,979893248.0
2014-08-05,6.69,6.7,6.61,6.58,134444688.0,889559936.0
2014-08-04,6.57,6.69,6.69,6.56,151611760.0,1006147264.0
2014-08-01,6.63,6.7,6.57,6.57,173057216.0,1147927424.0
2014-07-31,6.57,6.66,6.65,6.54,127589504.0,840303232.0
2014-07-30,6.61,6.69,6.58,6.55,155431184.0,1027819648.0
2014-07-29,6.64,6.68,6.61,6.53,208190592.0,1375379072.0
2014-07-28,6.26,6.67,6.62,6.25,398118048.0,2601923584.0
2014-07-25,6.22,6.26,6.24,6.17,124210624.0,771959808.0
2014-07-24,6.04,6.25,6.2,6.02,250577152.0,1541968256.0
2014-07-23,6.02,6.08,6.03,6.01,95127048.0,575258752.0
2014-07-22,5.93,6.05,6.03,5.91,102159856.0,612872064.0
2014-07-21,6.0,6.01,5.95,5.93,75751584.0,451284480.0
2014-07-18,6.0,6.02,6.01,5.98,63895776.0,383628544.0
2014-07-17,6.03,6.04,6.01,5.98,55001904.0,330220640.0
2014-07-16,6.03,6.04,6.04,5.99,56753128.0,341708384.0
2014-07-15,6.04,6.04,6.03,6.01,77327424.0,466083968.0
2014-07-14,6.05,6.06,6.05,5.98,78880568.0,473931168.0
2014-07-11,6.05,6.07,6.05,6.02,51717612.0,312504320.0
2014-07-10,6.11,6.13,6.05,5.99,94762824.0,572733056.0
2014-07-09,6.2,6.2,6.11,6.1,69141720.0,424826304.0
2014-07-07,6.23,6.23,6.21,6.2,39434156.0,244879056.0
2014-07-04,6.25,6.26,6.23,6.2,68496792.0,426301120.0
2014-07-03,6.23,6.26,6.26,6.2,67285048.0,419665696.0
2014-07-02,6.23,6.25,6.23,6.19,40427840.0,251664224.0
2014-07-01,6.25,6.25,6.21,6.2,41943192.0,260924624.0
2014-06-30,6.21,6.25,6.21,6.19,65622160.0,408693792.0
2014-06-27,6.24,6.25,6.19,6.18,64730792.0,401388128.0
2014-06-26,6.25,6.27,6.25,6.21,80363184.0,501227392.0
2014-06-25,6.27,6.3,6.25,6.2,41146540.0,256551072.0
2014-06-24,7.63,7.65,7.6,7.57,62418232.0,475017280.0
2014-06-23,7.71,7.74,7.63,7.6,43173600.0,331359456.0
2014-06-20,7.63,7.72,7.71,7.62,52763340.0,404874432.0
2014-06-19,7.66,7.7,7.63,7.58,56924388.0,435308096.0
2014-06-18,7.62,7.68,7.66,7.61,54994332.0,420931200.0
2014-06-17,7.61,7.68,7.62,7.57,91014768.0,693303744.0
2014-06-16,7.47,7.79,7.68,7.45,181344832.0,1383210752.0
2014-06-13,7.33,7.56,7.45,7.33,115382880.0,859954944.0
2014-06-12,7.38,7.39,7.34,7.31,63932536.0,469871584.0
2014-06-11,7.43,7.43,7.38,7.36,53825168.0,397606560.0
2014-06-10,7.44,7.46,7.45,7.37,70074448.0,520195968.0
2014-06-09,7.33,7.48,7.38,7.32,48830400.0,361919360.0
2014-06-06,7.47,7.47,7.4,7.3,54167824.0,399247296.0
2014-06-05,7.39,7.47,7.46,7.36,42683400.0,317240352.0
2014-06-04,7.44,7.44,7.4,7.36,33892008.0,250370960.0
2014-06-03,7.46,7.5,7.44,7.43,35322516.0,263687440.0
2014-05-30,7.42,7.5,7.45,7.4,48703256.0,362849024.0
2014-05-29,7.45,7.49,7.42,7.41,51082616.0,381096192.0
2014-05-28,7.44,7.48,7.45,7.37,52433804.0,389088320.0
2014-05-27,7.49,7.5,7.44,7.43,39716356.0,296645760.0
2014-05-26,7.49,7.53,7.49,7.46,73804592.0,552391808.0
2014-05-23,7.42,7.48,7.46,7.39,40972512.0,304626304.0
2014-05-22,7.4,7.54,7.41,7.38,55704448.0,416010880.0
2014-05-21,7.33,7.42,7.4,7.23,50103988.0,369040192.0
2014-05-20,7.46,7.47,7.37,7.34,64990456.0,479599616.0
2014-05-19,7.65,7.68,7.42,7.38,73326992.0,550127872.0
2014-05-16,7.66,7.71,7.68,7.63,46711696.0,359269024.0
2014-05-15,7.68,7.7,7.65,7.65,70527552.0,541165632.0
2014-05-14,7.69,7.75,7.68,7.66,61138596.0,470772992.0
2014-05-13,7.74,7.74,7.7,7.68,68097888.0,525273728.0
2014-05-12,7.69,7.79,7.74,7.64,96540784.0,746742848.0
2014-05-09,7.72,7.72,7.65,7.64,39927352.0,306190112.0
2014-05-08,7.7,7.8,7.67,7.66,46831176.0,361987904.0
2014-05-07,7.74,7.76,7.7,7.68,68030408.0,524420928.0
2014-05-06,7.72,7.8,7.74,7.69,48531912.0,375579872.0
2014-05-05,7.82,7.84,7.76,7.64,89994560.0,695776896.0
2014-04-30,7.9,7.98,7.87,7.86,74805160.0,592577664.0
2014-04-29,7.89,7.94,7.93,7.79,68826064.0,541203520.0
2014-04-28,7.85,7.93,7.87,7.75,95623488.0,750984384.0
2014-04-25,7.95,8.04,7.82,7.81,111324888.0,880417344.0
2014-04-24,7.9,8.05,7.9,7.88,79643496.0,634121216.0
2014-04-23,7.9,7.96,7.93,7.84,148776240.0,1178305664.0
2014-04-22,7.7,7.99,7.95,7.7,110540560.0,864315328.0
2014-04-21,7.77,7.85,7.71,7.71,84198104.0,656395712.0
2014-04-18,7.74,7.9,7.86,7.62,156329664.0,1209953536.0
2014-04-17,7.85,7.87,7.8,7.71,60689152.0,472415200.0
2014-04-16,7.8,7.92,7.8,7.75,69499240.0,543341696.0
2014-04-15,8.0,8.03,7.83,7.81,82189376.0,647084864.0
2014-04-14,8.05,8.09,8.02,7.98,46337444.0,371374848.0
2014-04-11,8.02,8.15,8.06,7.97,121882208.0,980694272.0
2014-04-10,8.05,8.21,8.1,7.97,148066144.0,1195925760.0
2014-04-09,8.14,8.16,8.05,8.03,93490176.0,756605760.0
2014-04-08,7.8,8.24,8.14,7.78,287118560.0,2313961472.0
2014-04-04,7.63,7.81,7.77,7.61,59106364.0,457184192.0
2014-04-03,7.81,7.89,7.69,7.67,103113152.0,802065728.0
2014-04-02,7.63,7.81,7.79,7.59,104119136.0,803364352.0
2014-04-01,7.66,7.71,7.64,7.57,78276184.0,597294784.0
2014-03-31,7.71,7.84,7.66,7.55,147206704.0,1125465600.0
2014-03-28,7.8,7.99,7.85,7.73,155452640.0,1224562816.0
2014-03-27,7.53,8.04,7.82,7.48,227829104.0,1776324352.0
2014-03-26,7.53,7.57,7.55,7.48,37958340.0,285728736.0
2014-03-25,7.62,7.67,7.52,7.48,79522768.0,600820800.0
2014-03-24,7.57,7.75,7.62,7.5,143486160.0,1096737920.0
2014-03-21,7.16,7.6,7.56,7.14,181018336.0,1342391936.0
2014-03-20,7.18,7.38,7.2,7.18,73541096.0,535097472.0
2014-03-19,7.33,7.33,7.23,7.13,99700000.0,717461760.0
2014-03-18,7.52,7.55,7.38,7.34,90094744.0,668973824.0
2014-03-17,7.6,7.64,7.51,7.42,59608052.0,447211680.0
2014-03-14,7.61,7.76,7.54,7.49,106562288.0,810856000.0
2014-03-13,7.65,7.85,7.63,7.59,126199336.0,974105088.0
2014-03-12,7.43,7.67,7.55,7.37,105115952.0,792369408.0
2014-03-11,7.41,7.63,7.46,7.41,84153240.0,630306752.0
2014-03-10,7.7,7.7,7.45,7.44,110724312.0,836592768.0
2014-03-07,7.72,7.98,7.76,7.71,150329520.0,1179076864.0
2014-03-06,7.54,7.83,7.75,7.51,152129344.0,1173884544.0
2014-03-05,7.74,7.83,7.54,7.53,113592536.0,869299072.0
2014-03-04,7.41,7.83,7.72,7.38,132075856.0,1000205952.0
2014-03-03,7.48,7.51,7.47,7.36,85320048.0,633754560.0
2014-02-28,7.49,7.64,7.53,7.34,121084128.0,908170688.0
2014-02-27,7.35,7.7,7.58,7.26,187961072.0,1410160256.0
2014-02-26,7.21,7.4,7.33,7.2,111312000.0,813049664.0
2014-02-25,7.39,7.49,7.3,7.25,85845424.0,633399680.0
2014-02-24,7.58,7.58,7.42,7.31,121192048.0,898079808.0
2014-02-21,7.82,7.89,7.67,7.6,92239744.0,709848384.0
2014-02-20,8.02,8.18,7.8,7.79,149448544.0,1193464576.0
2014-02-19,7.73,8.12,8.0,7.73,172870240.0,1372539520.0
2014-02-18,7.8,7.85,7.74,7.7,90486168.0,702085824.0
2014-02-17,8.01,8.07,7.85,7.79,136650656.0,1073312192.0
2014-02-14,8.05,8.07,7.99,7.93,107563280.0,859629888.0
2014-02-13,7.76,8.24,8.07,7.7,324210560.0,2595551488.0
2014-02-12,7.63,7.91,7.76,7.63,233110864.0,1814737664.0
2014-02-11,7.37,7.74,7.63,7.32,223935568.0,1703312768.0
2014-02-10,7.3,7.4,7.37,7.25,99010440.0,726592704.0
2014-02-07,7.26,7.29,7.25,7.18,67131712.0,485423040.0
2014-01-30,7.35,7.41,7.34,7.31,74464288.0,548243904.0
2014-01-29,7.2,7.42,7.38,7.16,125008688.0,917888448.0
2014-01-28,7.07,7.2,7.19,7.06,94876368.0,677471872.0
2014-01-27,7.0,7.09,7.05,6.92,88296952.0,620036672.0
2014-01-24,7.02,7.1,7.06,6.98,75005976.0,529057920.0
2014-01-23,7.15,7.15,7.05,7.03,85076608.0,601415296.0
2014-01-22,7.0,7.17,7.15,6.97,91056536.0,646539584.0
2014-01-21,6.95,7.04,7.0,6.93,65796112.0,459347840.0
2014-01-20,7.04,7.04,6.95,6.9,95586056.0,664174912.0
2014-01-17,7.22,7.22,7.06,7.06,93640216.0,664912448.0
2014-01-16,7.31,7.31,7.24,7.23,59344832.0,431063872.0
2014-01-15,7.32,7.33,7.28,7.26,46741960.0,340548576.0
2014-01-14,7.3,7.36,7.33,7.26,54382484.0,397312864.0
2014-01-13,7.33,7.37,7.3,7.25,72069184.0,525818208.0
2014-01-10,7.29,7.37,7.34,7.25,71326488.0,522497376.0
2014-01-09,7.31,7.38,7.31,7.28,74121240.0,543153664.0
2014-01-08,7.3,7.4,7.33,7.25,94659712.0,692994496.0
2014-01-07,7.32,7.37,7.31,7.24,77119176.0,563210048.0
2014-01-06,7.61,7.62,7.39,7.35,118070520.0,876942208.0
2014-01-03,7.68,7.7,7.61,7.54,86647032.0,658704832.0
2014-01-02,7.67,7.75,7.73,7.65,94240592.0,725969856.0
2013-12-31,7.53,7.76,7.72,7.5,153637920.0,1176802688.0
2013-12-30,7.69,7.71,7.57,7.56,117842728.0,894205056.0
2013-12-27,7.59,7.72,7.67,7.57,107240184.0,822762304.0
2013-12-26,7.65,7.66,7.57,7.57,81754192.0,620859264.0
2013-12-25,7.66,7.68,7.67,7.58,77109064.0,587753792.0
2013-12-24,7.67,7.73,7.67,7.56,102077144.0,781673856.0
2013-12-23,7.74,7.76,7.67,7.6,116556168.0,894706240.0
2013-12-20,7.9,7.91,7.78,7.64,175310976.0,1357350400.0
2013-12-19,8.15,8.15,7.88,7.82,180862192.0,1439823872.0
2013-12-18,8.12,8.17,8.11,8.08,73113744.0,593414912.0
2013-12-17,8.21,8.22,8.13,8.1,87638752.0,715363648.0
2013-12-16,8.29,8.31,8.18,8.17,80946728.0,665912128.0
2013-12-13,8.25,8.31,8.27,8.2,89430056.0,737469760.0
2013-12-12,8.3,8.36,8.28,8.24,88136864.0,731051904.0
2013-12-11,8.41,8.43,8.32,8.3,133875080.0,1118421504.0
2013-12-10,8.52,8.53,8.47,8.45,132885944.0,1125206784.0
2013-12-09,8.58,8.58,8.49,8.46,101804488.0,864968256.0
2013-12-06,8.55,8.56,8.55,8.5,82515104.0,703597760.0
2013-12-05,8.59,8.62,8.56,8.54,93469344.0,800572224.0
2013-12-04,8.55,8.7,8.61,8.52,159725648.0,1376455936.0
2013-12-03,8.67,8.67,8.58,8.51,138450512.0,1185968384.0
2013-12-02,8.58,8.76,8.66,8.51,271046848.0,2345693184.0
2013-11-29,8.63,8.66,8.59,8.58,73597368.0,633866368.0
2013-11-28,8.56,8.67,8.58,8.52,98199712.0,844201280.0
2013-11-27,8.47,8.6,8.54,8.45,121329680.0,1033778112.0
2013-11-26,8.51,8.55,8.47,8.47,85807024.0,729060416.0
2013-11-25,8.51,8.62,8.51,8.46,80315912.0,686323712.0
2013-11-22,8.64,8.64,8.56,8.55,99955112.0,858479040.0
2013-11-21,8.68,8.68,8.58,8.45,164994560.0,1407080448.0
2013-11-20,8.81,8.85,8.73,8.65,123100576.0,1073343296.0
2013-11-19,8.86,8.86,8.73,8.7,158108096.0,1384335872.0
2013-11-18,8.68,8.95,8.9,8.48,289062720.0,2523099136.0
2013-11-15,8.54,8.75,8.63,8.46,141420416.0,1222939648.0
2013-11-14,8.51,8.59,8.54,8.3,129464768.0,1091274368.0
2013-11-13,8.81,8.83,8.55,8.49,154720416.0,1330519680.0
2013-11-12,8.9,8.98,8.94,8.85,79561144.0,709537280.0
2013-11-11,8.78,8.88,8.87,8.72,98579872.0,864875456.0
2013-11-08,8.89,8.94,8.77,8.77,80563360.0,712759296.0
2013-11-07,8.9,8.96,8.93,8.82,69911488.0,621997120.0
2013-11-06,8.99,8.99,8.9,8.88,109010672.0,971237248.0
2013-11-05,9.08,9.11,9.07,8.89,95154016.0,856604288.0
2013-11-04,9.26,9.35,9.14,9.1,72333984.0,663715264.0
2013-11-01,8.99,9.21,9.17,8.94,136015888.0,1236837888.0
2013-10-31,9.02,9.02,8.96,8.84,156844208.0,1403487872.0
2013-10-30,9.18,9.22,9.18,9.02,107496944.0,983078720.0
2013-10-29,8.89,9.33,9.15,8.89,225108448.0,2059042048.0
2013-10-28,8.97,8.98,8.88,8.76,89933176.0,795537536.0
2013-10-25,8.91,9.13,8.98,8.87,187356752.0,1683887232.0
2013-10-24,9.02,9.08,8.91,8.89,115586600.0,1036376704.0
2013-10-23,9.08,9.29,9.07,8.91,165028512.0,1505375360.0
2013-10-22,9.15,9.15,9.0,8.96,112927280.0,1018310272.0
2013-10-21,9.14,9.22,9.19,9.0,97052264.0,884834816.0
2013-10-18,9.1,9.24,9.13,9.04,119326440.0,1091729152.0
2013-10-17,9.21,9.25,9.08,9.05,96870472.0,882064512.0
2013-10-16,9.29,9.3,9.15,9.11,108158888.0,990962560.0
2013-10-15,9.47,9.49,9.32,9.28,89280968.0,834719040.0
2013-10-14,9.65,9.69,9.46,9.42,110778152.0,1049261824.0
2013-10-11,9.6,9.78,9.69,9.46,142567040.0,1373395456.0
2013-10-10,9.84,9.84,9.5,9.5,86918528.0,837717312.0
2013-10-09,9.61,9.89,9.75,9.55,116215648.0,1133816320.0
2013-10-08,9.5,9.7,9.64,9.32,109687144.0,1044182080.0
2013-09-30,9.58,9.58,9.56,9.4,75631328.0,717266752.0
2013-09-27,9.48,9.59,9.48,9.37,108197144.0,1022255744.0
2013-09-26,9.6,9.63,9.49,9.44,199647008.0,1900327040.0
2013-09-25,9.75,9.94,9.66,9.55,130275152.0,1268852224.0
2013-09-24,10.18,10.18,9.73,9.66,197145920.0,1934357632.0
2013-09-23,10.19,10.26,10.15,10.01,203546304.0,2063126400.0
2013-09-18,10.17,10.36,10.16,9.9,209066944.0,2110211584.0
2013-09-17,10.55,10.88,10.25,10.15,469130784.0,4879507456.0
2013-09-16,9.92,10.46,10.18,9.55,373354400.0,3730227968.0
2013-09-13,10.08,10.13,9.84,9.73,236284720.0,2336317184.0
2013-09-12,10.0,10.5,10.24,9.86,293411840.0,2999735808.0
2013-09-11,10.08,10.41,10.0,9.97,189872208.0,1929192192.0
2013-09-10,10.13,10.14,10.06,9.8,241397680.0,2405077760.0
2013-09-09,9.5,10.32,10.2,9.5,410342016.0,4103041792.0
2013-09-06,9.35,9.5,9.42,9.3,122526896.0,1151479552.0
2013-09-05,9.36,9.42,9.36,9.26,59706952.0,558713600.0
2013-09-04,9.33,9.53,9.34,9.3,139883376.0,1316549248.0
2013-09-03,9.21,9.45,9.31,9.16,172591856.0,1610673664.0
2013-09-02,9.14,9.27,9.11,9.04,120386016.0,1099548928.0
2013-08-30,9.12,9.18,9.03,8.96,121258152.0,1096749440.0
2013-08-29,9.25,9.3,9.12,9.06,75938872.0,694831168.0
2013-08-28,9.15,9.24,9.14,9.0,87785816.0,801778240.0
2013-08-27,9.31,9.43,9.26,9.18,82932384.0,769466112.0
2013-08-26,9.16,9.44,9.33,9.09,111664016.0,1038947584.0
2013-08-23,9.4,9.45,9.16,9.0,109218920.0,1002647936.0
2013-08-22,9.21,9.55,9.3,9.19,110285240.0,1034170304.0
2013-08-21,9.46,9.46,9.27,9.16,91671344.0,848416064.0
2013-08-20,9.35,9.65,9.36,9.23,186279408.0,1760269184.0
2013-08-19,8.9,9.47,9.38,8.88,209646704.0,1928567936.0
2013-08-16,8.88,9.78,9.02,8.7,323875040.0,2976145920.0
2013-08-15,9.01,9.2,8.89,8.87,99366176.0,896898432.0
2013-08-14,9.05,9.34,9.02,8.99,166842800.0,1525361792.0
2013-08-13,8.89,9.1,9.05,8.84,184717472.0,1661043968.0
2013-08-12,8.45,8.95,8.89,8.45,241863216.0,2116199808.0
2013-08-09,8.55,8.6,8.42,8.28,78879224.0,664781056.0
2013-08-08,8.5,8.64,8.49,8.46,70446416.0,600214720.0
2013-08-07,8.46,8.75,8.54,8.43,113249192.0,974719872.0
2013-08-06,8.45,8.57,8.49,8.34,95022792.0,802282880.0
2013-08-05,8.45,8.51,8.5,8.34,79536176.0,671812544.0
2013-08-02,8.61,8.7,8.42,8.36,90693760.0,772459008.0
2013-08-01,8.39,8.51,8.46,8.3,97348248.0,819839552.0
2013-07-31,8.4,8.61,8.28,8.24,67869672.0,567301504.0
2013-07-30,8.17,8.49,8.27,8.15,85768200.0,713654912.0
2013-07-29,8.28,8.28,8.15,8.09,105955216.0,865574144.0
2013-07-26,8.39,8.46,8.4,8.32,91447176.0,768523456.0
2013-07-25,8.5,8.62,8.4,8.37,69882496.0,591833984.0
2013-07-24,8.54,8.62,8.47,8.37,122092448.0,1030897600.0
2013-07-23,8.45,8.85,8.64,8.34,132514576.0,1145735808.0
2013-07-22,8.25,8.45,8.42,8.05,125572856.0,1040285696.0
2013-07-19,8.73,8.78,8.41,8.4,182287872.0,1551079040.0
2013-07-18,9.0,9.06,8.73,8.67,142644400.0,1252190720.0
2013-07-17,9.15,9.25,9.04,9.02,80689832.0,735162368.0
2013-07-16,9.1,9.19,9.19,9.0,103461600.0,939063296.0
2013-07-15,9.16,9.41,9.16,9.0,145173728.0,1330815232.0
2013-07-12,9.4,9.51,9.11,8.94,220870048.0,2055752192.0
2013-07-11,8.8,9.46,9.45,8.7,326850240.0,3015889664.0
2013-07-10,8.39,8.64,8.6,8.35,94082232.0,800032000.0
2013-07-09,8.39,8.45,8.4,8.35,57916088.0,486648800.0
2013-07-08,8.38,8.49,8.39,8.25,101154712.0,847658304.0
2013-07-05,8.45,8.57,8.49,8.43,96451144.0,819301760.0
2013-07-04,8.35,8.58,8.48,8.28,112073856.0,942882880.0
2013-07-03,8.4,8.47,8.44,8.23,138729824.0,1155464576.0
2013-07-02,8.56,8.6,8.48,8.32,146425376.0,1232894080.0
2013-07-01,8.49,8.65,8.59,8.36,133709592.0,1134213120.0
2013-06-28,8.14,8.65,8.57,8.1,234616400.0,1983292416.0
2013-06-27,8.15,8.32,8.21,8.07,171402752.0,1398738560.0
2013-06-26,8.45,8.45,8.3,8.01,302426432.0,2471894784.0
2013-06-25,8.23,8.5,8.44,7.66,389102176.0,3113881856.0
2013-06-24,9.33,9.34,8.51,8.51,249091824.0,2158574080.0
2013-06-21,9.08,9.49,9.45,8.88,184857232.0,1706800768.0
2013-06-20,9.7,9.7,9.29,9.12,152527264.0,1426264192.0
2013-06-19,9.88,9.88,9.75,9.69,102233480.0,996460032.0
2013-06-18,9.94,10.07,9.95,9.91,93114496.0,929560000.0
2013-06-17,10.01,10.07,9.91,9.87,99336464.0,987183360.0
2013-06-14,9.89,10.0,9.96,9.84,108141848.0,1074710784.0
2013-06-13,9.8,9.9,9.88,9.51,189115776.0,1847932672.0
2013-06-07,10.0,10.07,9.99,9.95,120666064.0,1205667456.0
2013-06-06,10.06,10.08,10.0,9.88,136585296.0,1361001728.0
2013-06-05,10.26,10.26,10.1,10.06,117771216.0,1194975616.0
2013-06-04,10.35,10.41,10.28,10.23,93557232.0,962647936.0
2013-06-03,10.49,10.54,10.38,10.29,115549696.0,1202285696.0
2013-05-31,10.52,10.57,10.46,10.33,149615872.0,1561438592.0
2013-05-30,10.6,10.66,10.51,10.46,106978216.0,1127817728.0
2013-05-29,10.74,10.87,10.63,10.61,118141536.0,1268836224.0
2013-05-28,10.44,10.76,10.74,10.35,156179024.0,1647485440.0
2013-05-27,10.4,10.5,10.45,10.35,82158000.0,858378432.0
2013-05-24,10.47,10.64,10.43,10.35,106908608.0,1118294912.0
2013-05-23,10.58,10.67,10.41,10.38,132496120.0,1391197696.0
2013-05-22,10.63,10.73,10.64,10.56,96668456.0,1029298304.0
2013-05-21,10.7,10.76,10.66,10.53,124500768.0,1325884032.0
2013-05-20,10.55,10.92,10.72,10.43,224245840.0,2402745088.0
2013-05-17,10.4,10.54,10.48,10.29,179853824.0,1874681344.0
2013-05-16,10.1,10.47,10.45,9.98,217281408.0,2232269568.0
2013-05-15,10.13,10.24,10.14,10.07,74792096.0,757073344.0
2013-05-14,10.22,10.26,10.11,10.05,112116968.0,1135994624.0
2013-05-13,10.38,10.43,10.29,10.23,86639864.0,892525504.0
2013-05-10,10.35,10.52,10.36,10.29,101803600.0,1057218880.0
2013-05-09,10.35,10.39,10.35,10.16,127478032.0,1311093504.0
2013-05-08,10.45,10.6,10.37,10.27,185766928.0,1941947392.0
2013-05-07,10.25,10.36,10.35,10.13,120425808.0,1234112768.0
2013-05-06,10.25,10.48,10.27,10.22,150602080.0,1557263104.0
2013-05-03,10.02,10.5,10.23,10.01,233370048.0,2402462208.0
2013-05-02,9.72,10.0,10.0,9.55,125145696.0,1223751040.0
2013-04-26,9.97,10.07,9.82,9.73,95530352.0,948186816.0
2013-04-25,10.01,10.1,9.93,9.81,137881696.0,1371449344.0
2013-04-24,9.75,10.29,10.13,9.67,181914080.0,1818043264.0
2013-04-23,10.29,10.32,9.76,9.75,195215168.0,1933690368.0
2013-04-22,10.0,10.36,10.24,9.95,248925504.0,2538537728.0
2013-04-19,9.35,10.17,10.11,9.31,357576192.0,3510119936.0
2013-04-18,9.05,9.44,9.35,8.93,219540416.0,2015434368.0
2013-04-17,9.4,9.46,9.25,9.09,205816256.0,1901909888.0
2013-04-16,9.58,9.6,9.52,9.0,275167488.0,2561219584.0
2013-04-15,9.57,9.69,9.65,9.56,121961584.0,1175505152.0
2013-04-12,9.66,9.72,9.6,9.58,142640160.0,1378710656.0
2013-04-11,9.74,9.77,9.65,9.64,112404120.0,1088158080.0
2013-04-10,9.68,9.73,9.64,9.52,123567416.0,1188576128.0
2013-04-09,9.62,9.79,9.7,9.61,138587856.0,1345625344.0
2013-04-08,9.38,9.64,9.59,9.31,142609328.0,1353360896.0
2013-04-03,9.65,9.79,9.68,9.61,135990064.0,1317085184.0
2013-04-02,9.68,9.82,9.63,9.51,186456608.0,1799371520.0
2013-04-01,9.55,9.75,9.68,9.49,190127184.0,1837078400.0
2013-03-29,9.56,9.71,9.64,9.32,410647392.0,3882163712.0
2013-03-28,9.9,9.93,9.62,9.5,617429376.0,5971726848.0
2013-03-27,10.51,10.79,10.55,10.39,216312848.0,2290762240.0
2013-03-26,10.92,10.96,10.5,10.41,287550272.0,3041949440.0
2013-03-25,10.98,11.22,11.0,10.95,224682272.0,2491383296.0
2013-03-22,10.91,11.05,10.9,10.83,149485488.0,1637021824.0
2013-03-21,11.0,11.1,10.94,10.8,247124544.0,2706084096.0
2013-03-20,10.32,11.01,11.0,10.32,439106656.0,4719516672.0
2013-03-19,10.05,10.36,10.31,9.98,227835152.0,2320414464.0
2013-03-18,9.95,10.2,10.05,9.84,222540880.0,2240078848.0
2013-03-15,9.8,10.44,9.99,9.72,375168000.0,3790462976.0
2013-03-14,9.76,10.04,9.86,9.65,276041120.0,2725832704.0
2013-03-13,9.77,9.93,9.78,9.72,243176544.0,2388775168.0
2013-03-12,10.19,10.28,9.74,9.55,407949568.0,4014156032.0
2013-03-11,10.5,10.53,10.22,10.14,232264576.0,2396112640.0
2013-03-08,10.4,10.69,10.56,10.3,329909568.0,3478503936.0
2013-03-07,10.45,10.72,10.39,10.15,393726048.0,4120534016.0
2013-03-06,10.25,10.75,10.55,10.11,484117024.0,5073197568.0
2013-03-05,9.5,10.23,10.2,9.49,393978496.0,3894429184.0
2013-03-04,9.87,9.87,9.49,9.4,381455264.0,3668424704.0
2013-03-01,10.33,10.4,10.18,9.95,374031872.0,3811471360.0
2013-02-28,9.99,10.38,10.36,9.72,472325984.0,4763104768.0
2013-02-27,9.68,9.97,9.83,9.64,368180608.0,3610826752.0
2013-02-26,9.46,10.1,9.66,9.37,676376064.0,6654008320.0
2013-02-25,9.58,9.77,9.6,9.48,354146112.0,3406278912.0
2013-02-22,9.77,9.81,9.5,9.43,391087168.0,3763630336.0
2013-02-21,10.34,10.34,9.77,9.61,585360960.0,5791433728.0
2013-02-20,10.56,10.56,10.39,10.14,351481664.0,3626361088.0
2013-02-19,10.39,10.64,10.54,10.34,310641760.0,3261308160.0
2013-02-18,10.67,10.75,10.42,10.38,351712960.0,3714770944.0
2013-02-08,10.88,10.99,10.52,10.44,574655936.0,6118022144.0
2013-02-07,11.65,11.66,11.0,10.75,572384256.0,6342382592.0
2013-02-06,11.69,11.91,11.7,11.43,247862496.0,2891281408.0
2013-02-05,11.37,11.73,11.71,11.34,346947232.0,4018491136.0
2013-02-04,11.23,11.86,11.53,11.2,512477984.0,5885585408.0
2013-02-01,10.25,11.28,11.23,10.18,362670464.0,3895720960.0
2013-01-31,10.36,10.43,10.31,10.15,172906784.0,1776599168.0
2013-01-30,10.27,10.4,10.36,10.11,241639792.0,2479537664.0
2013-01-29,10.03,10.5,10.26,9.9,361063200.0,3679056896.0
2013-01-28,9.34,10.05,10.0,9.34,315832384.0,3085896192.0
2013-01-25,9.28,9.36,9.33,9.16,130079816.0,1206324992.0
2013-01-24,9.2,9.57,9.3,9.11,304905184.0,2856003328.0
2013-01-23,8.81,9.21,9.2,8.79,203363312.0,1825155456.0
2013-01-22,8.96,9.11,8.88,8.75,249060608.0,2235043328.0
2013-01-21,8.8,9.02,9.01,8.68,205867888.0,1818235136.0
2013-01-18,8.51,8.85,8.78,8.51,173534880.0,1512898560.0
2013-01-17,8.5,8.54,8.45,8.36,120526520.0,1018838272.0
2013-01-16,8.57,8.6,8.54,8.33,135654256.0,1153615616.0
2013-01-15,8.54,8.63,8.6,8.47,140939104.0,1206861824.0
2013-01-14,7.99,8.56,8.55,7.96,250216176.0,2087180928.0
2013-01-11,8.15,8.21,8.01,7.97,174120768.0,1408533120.0
2013-01-10,8.17,8.31,8.13,8.08,126197736.0,1035333952.0
2013-01-09,8.15,8.27,8.18,8.09,128960384.0,1053599744.0
2013-01-08,8.34,8.35,8.19,8.1,151430560.0,1242015232.0
2013-01-07,7.94,8.35,8.32,7.93,210150800.0,1718001280.0
2013-01-04,8.1,8.17,7.98,7.82,285152832.0,2283631872.0
2012-12-31,7.71,7.88,7.86,7.7,216576432.0,1688135680.0
2012-12-28,7.63,7.75,7.7,7.58,149118832.0,1144263040.0
2012-12-27,7.75,7.83,7.64,7.5,241888000.0,1851557888.0
2012-12-26,7.76,7.77,7.75,7.63,152976384.0,1178801408.0
2012-12-25,7.35,7.85,7.75,7.33,242466864.0,1863290880.0
2012-12-24,7.34,7.54,7.4,7.33,147024176.0,1094176640.0
2012-12-21,7.44,7.45,7.33,7.26,213513328.0,1565215360.0
2012-12-20,7.45,7.5,7.43,7.34,219312240.0,1624182272.0
2012-12-19,7.52,7.65,7.51,7.42,188552128.0,1412961792.0
2012-12-18,7.47,7.72,7.52,7.4,232054864.0,1758920704.0
2012-12-17,7.53,7.7,7.5,7.38,245348192.0,1845136896.0
2012-12-14,6.88,7.51,7.47,6.88,361845664.0,2599630080.0
2012-12-13,6.99,6.99,6.89,6.88,222424624.0,1538593664.0
2012-12-12,6.89,7.02,7.01,6.86,226122384.0,1567158528.0
2012-12-11,6.99,7.04,6.9,6.86,200925584.0,1403832832.0
2012-12-10,6.87,7.07,7.02,6.82,217479488.0,1507717120.0
2012-12-07,6.62,6.85,6.85,6.58,205327360.0,1386471296.0
2012-12-06,6.56,6.62,6.59,6.53,89073616.0,586409280.0
2012-12-05,6.29,6.62,6.56,6.28,272925120.0,1779779072.0
2012-12-04,6.18,6.3,6.28,6.17,84500000.0,528654144.0
2012-12-03,6.29,6.3,6.19,6.19,85134344.0,531498912.0
2012-11-30,6.24,6.3,6.29,6.24,76659160.0,481125856.0
2012-11-29,6.28,6.29,6.26,6.24,89909864.0,563936064.0
2012-11-28,6.18,6.28,6.27,6.18,100968344.0,630776000.0
2012-11-27,6.14,6.23,6.22,6.13,117924624.0,731972672.0
2012-11-26,6.1,6.15,6.14,6.08,50162948.0,306662240.0
2012-11-23,6.14,6.17,6.1,6.1,96343864.0,591372096.0
2012-11-22,6.09,6.13,6.13,6.07,45378360.0,276698240.0
2012-11-21,6.07,6.12,6.11,6.05,63276308.0,385078944.0
2012-11-20,6.1,6.13,6.07,6.06,37982808.0,231432848.0
2012-11-19,6.08,6.13,6.09,6.06,91697552.0,559100096.0
2012-11-16,6.11,6.12,6.09,6.08,73902880.0,450634912.0
2012-11-15,6.13,6.16,6.13,6.09,62695600.0,383810592.0
2012-11-14,6.12,6.2,6.15,6.11,69700864.0,429752704.0
2012-11-13,6.22,6.23,6.14,6.08,80671920.0,495110208.0
2012-11-12,6.11,6.24,6.23,6.11,115007168.0,710095744.0
2012-11-09,6.1,6.15,6.11,6.08,51684972.0,316115520.0
2012-11-08,6.1,6.15,6.1,6.08,92993648.0,568180096.0
2012-11-07,6.14,6.17,6.16,6.09,89540208.0,548660928.0
2012-11-06,6.15,6.16,6.15,6.09,73132856.0,447637472.0
2012-11-05,6.1,6.17,6.15,6.08,75754552.0,464889056.0
2012-11-02,6.03,6.1,6.1,6.03,64237360.0,390318656.0
2012-11-01,6.02,6.15,6.03,6.01,160431616.0,976304512.0
2012-10-31,5.98,6.05,6.02,5.93,80480296.0,483582304.0
2012-10-30,6.02,6.06,5.96,5.95,78529304.0,470737472.0
2012-10-29,5.96,6.06,6.03,5.94,69747352.0,419287168.0
2012-10-26,5.98,6.0,5.98,5.91,92988320.0,553908160.0
2012-10-25,5.96,5.99,5.97,5.93,66287256.0,395628000.0
2012-10-24,6.0,6.04,5.96,5.96,71452448.0,428293088.0
2012-10-23,6.09,6.12,6.02,6.02,85007144.0,516359296.0
2012-10-22,5.97,6.09,6.09,5.96,110366952.0,666012032.0
2012-10-19,5.95,6.0,6.0,5.94,95275408.0,570207424.0
2012-10-18,5.86,5.98,5.96,5.84,112824440.0,669186816.0
2012-10-17,5.84,5.86,5.85,5.81,86603808.0,505550176.0
2012-10-16,5.78,5.84,5.83,5.76,69517392.0,404252576.0
2012-10-15,5.8,5.81,5.78,5.74,38256076.0,220684512.0
2012-10-12,5.74,5.82,5.78,5.74,72173680.0,417648928.0
2012-10-11,5.7,5.74,5.73,5.65,50904656.0,290267264.0
2012-10-10,5.74,5.77,5.71,5.69,51742100.0,295875328.0
2012-10-09,5.65,5.77,5.74,5.65,88116808.0,504939104.0
2012-10-08,5.63,5.68,5.62,5.58,54319792.0,305956000.0
2012-09-28,5.55,5.67,5.65,5.51,77548104.0,433353824.0
2012-09-27,5.49,5.8,5.6,5.44,82694368.0,462647936.0
2012-09-26,5.47,5.51,5.47,5.43,25143424.0,137624128.0
2012-09-25,5.51,5.54,5.49,5.48,28862296.0,158921600.0
2012-09-24,5.45,5.53,5.53,5.42,65901124.0,360108800.0
2012-09-21,5.45,5.52,5.49,5.42,49295784.0,270369568.0
2012-09-20,5.5,5.51,5.47,5.45,60247552.0,330486464.0
2012-09-19,5.54,5.56,5.52,5.5,42401792.0,233970784.0
2012-09-18,5.61,5.63,5.54,5.5,60451856.0,336324672.0
2012-09-17,5.72,5.72,5.65,5.65,44751816.0,254415440.0
2012-09-14,5.71,5.76,5.74,5.65,62235240.0,355729664.0
2012-09-13,5.69,5.71,5.67,5.65,42066408.0,238996224.0
2012-09-12,5.76,5.78,5.72,5.67,52896720.0,302340768.0
2012-09-11,5.73,5.74,5.74,5.67,42064240.0,239876256.0
2012-09-10,5.82,5.84,5.76,5.72,101774464.0,585456192.0
2012-09-07,5.66,5.89,5.83,5.65,176289968.0,1020580416.0
2012-09-06,5.5,5.69,5.68,5.44,234683872.0,1307072128.0
2012-09-05,5.67,5.67,5.47,5.39,229946448.0,1257106560.0
2012-09-04,5.78,5.81,5.68,5.65,106403984.0,607962048.0
2012-09-03,5.83,5.85,5.78,5.78,65111152.0,378490912.0
2012-08-31,5.99,6.01,5.97,5.96,50533800.0,302451488.0
2012-08-30,5.95,6.03,6.0,5.94,86467744.0,519001888.0
2012-08-29,5.95,6.0,5.98,5.93,51170232.0,305682400.0
2012-08-28,5.86,5.97,5.96,5.85,59997584.0,355181568.0
2012-08-27,5.87,5.91,5.85,5.83,62992836.0,369654592.0
2012-08-24,5.9,5.9,5.87,5.85,57527248.0,337841024.0
2012-08-23,5.86,5.91,5.88,5.81,51762336.0,303731904.0
2012-08-22,5.9,5.9,5.85,5.82,60555264.0,354588544.0
2012-08-21,5.91,5.94,5.91,5.88,47828420.0,282428000.0
2012-08-20,5.93,5.95,5.92,5.86,30881112.0,181990576.0
2012-08-17,5.93,5.99,5.97,5.92,45189644.0,268942656.0
2012-08-16,5.95,5.96,5.93,5.91,31837908.0,188958976.0
2012-08-15,6.06,6.08,5.95,5.93,54541744.0,326303584.0
2012-08-14,6.05,6.1,6.07,6.04,40606796.0,246268912.0
2012-08-13,6.06,6.09,6.05,6.03,56161252.0,340486112.0
2012-08-10,6.07,6.13,6.06,6.04,70840688.0,431373216.0
2012-08-09,6.02,6.04,6.03,5.99,36425324.0,219164496.0
2012-08-08,6.0,6.06,6.02,5.99,53881288.0,324756096.0
2012-08-07,5.99,6.01,5.98,5.97,42939120.0,257148608.0
2012-08-06,6.0,6.03,6.0,5.97,62237536.0,372966016.0
2012-08-03,6.03,6.04,5.99,5.97,41357628.0,247982112.0
2012-08-02,6.0,6.04,6.02,5.99,60043896.0,360892288.0
2012-08-01,6.01,6.07,6.01,5.96,60040360.0,360565248.0
2012-07-31,5.93,6.02,6.01,5.92,114718992.0,687224448.0
2012-07-30,5.86,5.96,5.9,5.86,79298296.0,469784544.0
2012-07-27,5.79,5.94,5.85,5.77,79837952.0,468251744.0
2012-07-26,5.82,5.82,5.77,5.72,52589900.0,303147040.0
2012-07-25,5.8,5.85,5.8,5.79,39274604.0,228177392.0
2012-07-24,5.8,5.87,5.8,5.79,52040168.0,302628960.0
2012-07-23,5.87,5.87,5.82,5.8,63516336.0,370288640.0
2012-07-20,5.93,5.95,5.92,5.9,40600008.0,240234528.0
2012-07-19,5.95,5.98,5.95,5.88,65554812.0,389620096.0
2012-07-18,6.02,6.02,5.96,5.88,64180340.0,381513440.0
2012-07-17,5.93,6.02,6.01,5.93,71100736.0,426454176.0
2012-07-16,5.99,6.0,5.94,5.91,67614768.0,402660288.0
2012-07-13,5.89,6.03,5.97,5.89,69005712.0,411372608.0
2012-07-12,5.87,5.95,5.89,5.8,91654800.0,537131904.0
2012-07-11,5.87,5.91,5.88,5.84,51338140.0,301962208.0
2012-07-10,5.85,5.9,5.87,5.84,55235952.0,324336512.0
2012-07-09,6.01,6.05,5.85,5.81,120380680.0,713560832.0
2012-07-06,5.98,6.06,6.04,5.92,114176768.0,684213312.0
2012-07-05,6.08,6.1,6.08,6.04,50020784.0,303495328.0
2012-07-04,6.08,6.15,6.1,6.05,70265584.0,428750048.0
2012-07-03,5.98,6.13,6.05,5.96,87509952.0,530653760.0
2012-07-02,6.01,6.02,5.98,5.93,59399568.0,354751008.0
2012-06-29,5.89,6.02,5.99,5.88,101744096.0,607708224.0
2012-06-28,5.9,5.92,5.87,5.83,62350792.0,365752448.0
2012-06-27,5.97,6.01,5.91,5.87,73217112.0,434191968.0
2012-06-26,5.96,6.01,5.97,5.94,69251464.0,413714016.0
2012-06-25,6.2,6.3,6.26,6.2,145128288.0,909893376.0
2012-06-21,6.28,6.28,6.24,6.18,66800800.0,415379808.0
2012-06-20,6.22,6.32,6.27,6.21,94087360.0,590924736.0
2012-06-19,6.15,6.24,6.21,6.13,111866704.0,691496320.0
2012-06-18,6.18,6.19,6.14,6.11,125152552.0,769259136.0
2012-06-14,6.09,6.09,6.01,5.99,80871168.0,488490336.0
2012-06-13,6.05,6.11,6.1,6.02,80242680.0,487440384.0
2012-06-12,6.06,6.08,6.03,5.98,114636552.0,690534784.0
2012-06-11,6.1,6.11,6.05,6.02,114511160.0,694715904.0
2012-06-08,6.3,6.3,6.08,6.04,267299376.0,1630720896.0
2012-06-07,6.35,6.38,6.31,6.28,68397952.0,432317568.0
2012-06-06,6.24,6.34,6.29,6.24,73418672.0,461977184.0
2012-06-05,6.19,6.28,6.24,6.13,98406016.0,611414912.0
2012-06-04,6.28,6.29,6.16,6.15,117021616.0,729094464.0
2012-06-01,6.37,6.41,6.34,6.33,85792040.0,545354368.0
2012-05-31,6.37,6.4,6.37,6.35,63659216.0,405909728.0
2012-05-30,6.46,6.46,6.42,6.35,111367680.0,711903360.0
2012-05-29,6.4,6.49,6.47,6.34,115147488.0,738332480.0
2012-05-28,6.32,6.41,6.4,6.29,106006696.0,673434816.0
2012-05-25,6.41,6.42,6.33,6.28,129567264.0,820637376.0
2012-05-24,6.55,6.56,6.4,6.36,149143072.0,962694272.0
2012-05-23,6.63,6.64,6.55,6.52,70750344.0,465308480.0
2012-05-22,6.6,6.66,6.64,6.56,69664040.0,460921312.0
2012-05-21,6.48,6.59,6.56,6.48,66183956.0,433091872.0
2012-05-18,6.5,6.53,6.5,6.45,89305896.0,579814976.0
2012-05-17,6.46,6.59,6.55,6.44,80879552.0,527294080.0
2012-05-16,6.58,6.58,6.46,6.42,96380280.0,626985792.0
2012-05-15,6.6,6.62,6.58,6.53,95922792.0,629786624.0
2012-05-14,6.69,6.7,6.62,6.62,89206120.0,593977408.0
2012-05-11,6.64,6.72,6.64,6.63,66689384.0,445406784.0
2012-05-10,6.71,6.74,6.65,6.61,104619712.0,698567040.0
2012-05-09,6.74,6.77,6.72,6.68,127697056.0,858097024.0
2012-05-08,6.8,6.83,6.77,6.72,143911296.0,975890688.0
2012-05-07,6.78,6.84,6.82,6.75,129704680.0,881218560.0
2012-05-04,6.77,6.84,6.82,6.7,170153904.0,1152718464.0
2012-05-02,6.74,6.85,6.8,6.7,243517968.0,1651386752.0
2012-04-27,6.63,6.69,6.65,6.61,122416240.0,814439552.0
2012-04-26,6.64,6.68,6.6,6.55,112711208.0,744097728.0
2012-04-25,6.58,6.64,6.59,6.54,86213464.0,567346368.0
2012-04-24,6.48,6.7,6.58,6.47,210406560.0,1387249408.0
2012-04-23,6.53,6.56,6.48,6.48,85122016.0,554499328.0
2012-04-20,6.44,6.55,6.55,6.43,103536592.0,674425472.0
2012-04-19,6.42,6.48,6.45,6.41,74002704.0,477392640.0
2012-04-18,6.38,6.47,6.44,6.35,99775128.0,640681920.0
2012-04-17,6.39,6.4,6.35,6.34,63753664.0,405797568.0
2012-04-16,6.36,6.41,6.38,6.35,54966548.0,350366304.0
2012-04-13,6.4,6.41,6.39,6.35,101340152.0,646649088.0
2012-04-12,6.24,6.4,6.39,6.22,151595792.0,958740608.0
2012-04-11,6.21,6.27,6.25,6.19,145165072.0,904461056.0
2012-04-09,6.25,6.26,6.18,6.17,69324504.0,430117632.0
2012-04-06,6.25,6.29,6.28,6.19,97721024.0,609066112.0
2012-04-05,6.21,6.3,6.27,6.16,137454544.0,857085760.0
2012-03-30,6.13,6.28,6.27,6.13,132762712.0,825801984.0
2012-03-29,6.18,6.19,6.12,6.08,139580192.0,856707264.0
2012-03-28,6.3,6.3,6.19,6.14,129950576.0,808772736.0
2012-03-27,6.34,6.37,6.31,6.27,107247312.0,676108224.0
2012-03-23,6.3,6.35,6.3,6.26,135479584.0,853703232.0
2012-03-22,6.21,6.33,6.27,6.19,104675088.0,654985408.0
2012-03-21,6.24,6.26,6.2,6.17,112566696.0,699525760.0
2012-03-20,6.31,6.33,6.2,6.2,122726920.0,765520768.0
2012-03-19,6.37,6.37,6.33,6.3,96547744.0,610554752.0
2012-03-16,6.36,6.4,6.37,6.31,115687080.0,735037120.0
2012-03-15,6.37,6.46,6.36,6.35,139873920.0,895466368.0
2012-03-14,6.47,6.53,6.36,6.35,199154800.0,1283026432.0
2012-03-13,6.37,6.47,6.45,6.36,95822224.0,616339968.0
2012-03-12,6.44,6.46,6.38,6.33,149324080.0,953119680.0
2012-03-09,6.44,6.48,6.47,6.4,102735880.0,661137088.0
2012-03-08,6.45,6.48,6.43,6.41,110751816.0,713403136.0
2012-03-07,6.46,6.5,6.41,6.41,90563120.0,584460736.0
2012-03-06,6.59,6.6,6.49,6.48,132397352.0,864214016.0
2012-03-05,6.7,6.71,6.6,6.58,161121728.0,1072368000.0
2012-03-02,6.58,6.7,6.69,6.57,166655872.0,1108448640.0
2012-03-01,6.56,6.62,6.59,6.55,74648816.0,491895264.0
2012-02-29,6.59,6.62,6.59,6.54,114859040.0,755909952.0
2012-02-28,6.48,6.63,6.59,6.48,203280864.0,1336723584.0
2012-02-27,6.54,6.58,6.5,6.5,187409968.0,1226089472.0
2012-02-24,6.46,6.54,6.53,6.41,211027280.0,1364752256.0
2012-02-23,6.46,6.48,6.45,6.41,132825904.0,855496960.0
2012-02-22,6.46,6.49,6.47,6.39,137090592.0,882125312.0
2012-02-21,6.47,6.5,6.47,6.38,93483896.0,601557312.0
2012-02-20,6.55,6.57,6.47,6.44,120743792.0,785612800.0
2012-02-17,6.45,6.46,6.44,6.4,70394816.0,453121408.0
2012-02-16,6.42,6.45,6.4,6.36,111173112.0,712176640.0
2012-02-15,6.39,6.48,6.42,6.37,104801472.0,673198720.0
2012-02-14,6.41,6.42,6.41,6.35,92936456.0,593085632.0
2012-02-13,6.42,6.51,6.42,6.37,136547776.0,878230144.0
2012-02-10,6.53,6.61,6.5,6.48,127104744.0,831105344.0
2012-02-09,6.59,6.61,6.55,6.53,97501336.0,640754752.0
2012-02-08,6.43,6.61,6.6,6.4,139801968.0,912881984.0
2012-02-07,6.5,6.5,6.43,6.39,110649456.0,712873920.0
2012-02-06,6.55,6.62,6.54,6.49,123127024.0,804658752.0
2012-02-03,6.46,6.59,6.55,6.45,149273056.0,974835712.0
2012-02-02,6.31,6.5,6.49,6.28,139284880.0,891355840.0
2012-02-01,6.39,6.45,6.29,6.28,96910688.0,615890304.0
2012-01-31,6.39,6.46,6.42,6.36,70546632.0,451691808.0
2012-01-30,6.54,6.55,6.38,6.36,141160192.0,910829632.0
2012-01-20,6.5,6.55,6.53,6.4,166880704.0,1081917568.0
2012-01-19,6.29,6.45,6.44,6.24,166922032.0,1065433856.0
2012-01-18,6.31,6.36,6.26,6.24,91847824.0,578363648.0
2012-01-17,6.19,6.35,6.34,6.06,192902656.0,1200940032.0
2012-01-16,6.19,6.27,6.18,6.16,75163224.0,467583616.0
2012-01-13,6.23,6.31,6.23,6.16,134864432.0,841730880.0
2012-01-12,6.16,6.3,6.23,6.15,135617728.0,846758336.0
2012-01-11,6.22,6.25,6.17,6.16,93949808.0,581992512.0
2012-01-10,6.19,6.24,6.23,6.13,178081904.0,1102145664.0
2012-01-09,6.01,6.2,6.18,5.99,186985472.0,1143391616.0
2012-01-06,5.97,6.06,6.03,5.94,103442712.0,619191360.0
2012-01-05,5.86,6.06,5.97,5.85,164240688.0,983763392.0
2012-01-04,5.95,5.96,5.86,5.85,70526872.0,415385312.0
2011-12-30,5.84,5.91,5.89,5.83,73356336.0,430735168.0
2011-12-29,5.8,5.86,5.82,5.78,61422576.0,357152448.0
2011-12-28,5.86,5.88,5.82,5.75,115513328.0,671740864.0
2011-12-27,5.87,5.93,5.87,5.83,58045344.0,341359840.0
2011-12-26,5.97,5.98,5.89,5.87,98854992.0,584971392.0
2011-12-23,6.0,6.08,6.0,5.95,75027712.0,451242528.0
2011-12-22,5.99,6.05,6.02,5.9,87580496.0,524445376.0
2011-12-21,6.07,6.1,5.98,5.98,88129056.0,532359968.0
2011-12-20,6.03,6.12,6.01,6.0,79957424.0,484830400.0
2011-12-19,5.88,6.03,6.03,5.85,119549944.0,708554112.0
2011-12-16,5.82,5.98,5.94,5.8,92197896.0,541498496.0
2011-12-15,5.88,5.94,5.82,5.81,93541616.0,548502080.0
2011-12-14,5.91,5.96,5.91,5.87,87230592.0,514843264.0
2011-12-13,6.01,6.06,5.93,5.92,87596448.0,525397888.0
2011-12-12,6.03,6.06,6.03,5.98,52205632.0,314452416.0
2011-12-09,6.1,6.14,6.05,6.02,60971776.0,369593184.0
2011-12-08,6.12,6.16,6.13,6.07,69269816.0,423628512.0
2011-12-07,6.06,6.15,6.12,6.04,100572816.0,614267968.0
2011-12-06,6.03,6.09,6.05,6.0,63700596.0,385493824.0
2011-12-05,6.05,6.12,6.05,6.0,124326528.0,754953792.0
2011-12-02,5.96,6.07,6.03,5.94,109561016.0,658394560.0
2011-12-01,6.02,6.11,5.98,5.95,265555632.0,1603226240.0
2011-11-30,5.9,5.93,5.8,5.77,95922208.0,559819840.0
2011-11-29,5.87,5.95,5.94,5.83,75855224.0,447486720.0
2011-11-28,5.85,5.87,5.84,5.81,45728764.0,266869504.0
2011-11-25,5.84,5.86,5.82,5.8,34786736.0,202615136.0
2011-11-24,5.79,5.92,5.86,5.78,51537236.0,301631264.0
2011-11-23,5.91,5.95,5.82,5.8,60789072.0,355275200.0
2011-11-22,5.82,5.94,5.91,5.81,63403504.0,372641344.0
2011-11-21,5.88,5.9,5.85,5.78,59228944.0,344958176.0
2011-11-18,5.86,5.93,5.87,5.84,71602416.0,420849472.0
2011-11-17,5.9,5.95,5.9,5.89,64313972.0,380600864.0
2011-11-16,6.02,6.04,5.89,5.87,138317616.0,820652544.0
2011-11-15,6.1,6.1,6.03,6.0,90091784.0,543416576.0
2011-11-14,6.08,6.16,6.11,6.06,121251176.0,740686336.0
2011-11-11,6.08,6.09,6.05,6.0,67537536.0,408400928.0
2011-11-10,6.08,6.14,6.05,6.04,98693816.0,600347008.0
2011-11-09,6.14,6.16,6.16,6.06,73262584.0,448391456.0
2011-11-08,6.12,6.17,6.11,6.06,99081200.0,605028800.0
2011-11-07,6.17,6.21,6.09,6.09,95548368.0,586442048.0
2011-11-04,6.24,6.27,6.22,6.14,109687080.0,679950464.0
2011-11-03,6.29,6.33,6.18,6.17,208026336.0,1298799872.0
2011-11-02,6.02,6.28,6.27,6.0,188610896.0,1162265088.0
2011-11-01,6.08,6.2,6.11,6.07,134501856.0,825499584.0
2011-10-31,6.14,6.18,6.11,6.08,93523744.0,572760448.0
2011-10-28,6.18,6.27,6.17,6.11,255505648.0,1580658560.0
2011-10-27,6.0,6.09,6.07,5.96,145375568.0,877419072.0
2011-10-26,5.99,6.06,5.97,5.95,216276192.0,1301775232.0
2011-10-25,5.95,6.01,6.0,5.92,158053632.0,944907520.0
2011-10-24,5.86,6.0,5.98,5.84,200847312.0,1192958208.0
2011-10-21,5.75,5.91,5.84,5.7,134538000.0,786185280.0
2011-10-20,5.77,5.82,5.73,5.65,116971152.0,670298240.0
2011-10-19,5.75,5.85,5.79,5.75,81615848.0,473174400.0
2011-10-18,5.8,5.87,5.74,5.73,94437344.0,546977216.0
2011-10-17,5.8,5.97,5.85,5.77,126807368.0,746975168.0
2011-10-14,5.78,5.81,5.8,5.7,97231544.0,560027648.0
2011-10-13,5.71,5.8,5.77,5.69,121875208.0,701587776.0
2011-10-12,5.45,5.82,5.76,5.43,231081200.0,1319636480.0
2011-10-11,5.59,5.62,5.49,5.45,123875440.0,685305728.0
2011-10-10,5.5,5.52,5.4,5.35,126196312.0,681606912.0
2011-09-30,5.62,5.68,5.52,5.47,157870464.0,879830144.0
2011-09-29,5.55,5.66,5.61,5.5,125625800.0,701560384.0
2011-09-28,5.67,5.73,5.58,5.56,62603992.0,352863328.0
2011-09-27,5.61,5.7,5.62,5.57,88751304.0,500504192.0
2011-09-26,5.66,5.74,5.56,5.52,106478432.0,599708096.0
2011-09-23,5.64,5.73,5.73,5.6,127977176.0,723213632.0
2011-09-22,5.87,5.9,5.72,5.68,153857712.0,889310208.0
2011-09-21,5.77,5.97,5.93,5.72,152819120.0,901685504.0
2011-09-20,5.7,5.81,5.76,5.65,76528696.0,438550368.0
2011-09-19,5.77,5.78,5.69,5.68,80234368.0,458277664.0
2011-09-16,5.81,5.91,5.82,5.79,78721184.0,458924640.0
2011-09-15,5.86,5.88,5.77,5.77,83803848.0,487280576.0
2011-09-14,5.87,5.89,5.87,5.75,86567896.0,504430304.0
2011-09-13,5.79,5.87,5.86,5.75,87633656.0,510476384.0
2011-09-09,5.96,6.06,5.87,5.81,122971024.0,728946432.0
2011-09-08,6.03,6.04,5.93,5.92,72450472.0,432612000.0
2011-09-07,5.84,6.0,6.0,5.84,124085976.0,736904768.0
2011-09-06,5.78,5.87,5.82,5.77,89278224.0,520483392.0
2011-09-05,5.81,5.85,5.81,5.75,98724840.0,571745472.0
2011-09-02,5.95,5.99,5.86,5.82,132627704.0,781603968.0
2011-09-01,6.0,6.03,5.98,5.93,120928424.0,722398336.0
2011-08-31,5.93,6.02,5.99,5.88,162730784.0,971884992.0
2011-08-30,5.93,6.07,5.92,5.9,231977056.0,1386628608.0
2011-08-29,5.95,5.99,5.87,5.85,280077248.0,1656231680.0
2011-08-26,6.03,6.1,6.09,5.95,262620832.0,1583743616.0
2011-08-25,5.77,6.1,6.09,5.74,403877536.0,2402836736.0
2011-08-24,5.79,5.82,5.72,5.71,98638680.0,569253312.0
2011-08-23,5.64,5.82,5.77,5.56,154069264.0,883970496.0
2011-08-22,5.63,5.69,5.59,5.55,91268112.0,513548128.0
2011-08-19,5.53,5.66,5.65,5.47,142103168.0,789043200.0
2011-08-18,5.75,5.75,5.6,5.58,120158008.0,676413056.0
2011-08-17,5.76,5.83,5.7,5.69,210117616.0,1207995264.0
2011-08-16,5.62,5.77,5.67,5.61,203682192.0,1158882304.0
2011-08-15,5.4,5.64,5.61,5.36,187132272.0,1033786368.0
2011-08-12,5.4,5.41,5.38,5.33,82952088.0,445343200.0
2011-08-11,5.17,5.42,5.34,5.15,125654656.0,666348224.0
2011-08-10,5.33,5.35,5.23,5.2,103567232.0,547408192.0
2011-08-09,5.09,5.25,5.21,5.06,143362944.0,740283968.0
2011-08-08,5.25,5.33,5.17,5.09,117374488.0,610911232.0
2011-08-05,5.26,5.32,5.27,5.24,87183488.0,459574752.0
2011-08-04,5.38,5.42,5.37,5.33,39148544.0,210696368.0
2011-08-03,5.31,5.38,5.36,5.29,50753800.0,271176000.0
2011-08-02,5.36,5.39,5.35,5.29,69134168.0,368645824.0
2011-08-01,5.41,5.48,5.4,5.35,72483256.0,393212000.0
2011-07-29,5.34,5.54,5.44,5.26,126389392.0,682336000.0
2011-07-28,5.39,5.39,5.32,5.29,116991920.0,623168192.0
2011-07-27,5.41,5.45,5.44,5.38,63160544.0,341936864.0
2011-07-26,5.45,5.51,5.44,5.4,71551104.0,389739968.0
2011-07-25,5.6,5.61,5.45,5.43,135035344.0,744564096.0
2011-07-22,5.65,5.66,5.62,5.6,54496920.0,306601088.0
2011-07-21,5.68,5.7,5.63,5.6,92981136.0,523748224.0
2011-07-20,5.73,5.73,5.67,5.65,70972816.0,403139200.0
2011-07-19,5.75,5.75,5.68,5.67,68458168.0,389546208.0
2011-07-18,5.8,5.83,5.74,5.73,52444280.0,302112192.0
2011-07-15,5.72,5.81,5.79,5.7,95759872.0,553154816.0
2011-07-14,5.74,5.76,5.74,5.7,74952496.0,429733504.0
2011-07-13,5.68,5.76,5.74,5.66,97057352.0,555358336.0
2011-07-12,5.71,5.71,5.66,5.62,115998936.0,656293632.0
2011-07-11,5.74,5.75,5.73,5.69,82072800.0,469565824.0
2011-07-08,5.77,5.83,5.77,5.69,138291040.0,796739328.0
2011-07-07,5.82,5.9,5.75,5.71,168365408.0,974032832.0
2011-07-06,5.83,5.84,5.74,5.68,170186400.0,973441856.0
2011-07-05,5.86,5.94,5.85,5.83,114349088.0,671790144.0
2011-07-04,5.72,5.86,5.85,5.72,158321520.0,919071872.0
2011-07-01,5.75,5.77,5.71,5.67,116692624.0,667084544.0
2011-06-30,5.74,5.84,5.73,5.66,139470960.0,802634880.0
2011-06-29,5.96,5.96,5.72,5.68,234755776.0,1356448896.0
2011-06-28,6.0,6.04,5.97,5.93,80571288.0,480706080.0
2011-06-27,5.99,6.09,6.03,5.99,90659832.0,547587904.0
2011-06-24,5.86,6.05,6.03,5.84,149438576.0,891686720.0
2011-06-23,5.78,5.89,5.87,5.77,73894656.0,429102880.0
2011-06-22,5.83,5.84,5.8,5.77,57609268.0,333478240.0
2011-06-21,5.81,5.85,5.81,5.76,45708780.0,265326528.0
2011-06-20,5.76,5.85,5.79,5.7,93281904.0,536325888.0
2011-06-17,5.75,5.8,5.74,5.74,56250224.0,324640544.0
2011-06-16,5.77,5.79,5.75,5.73,50595992.0,291210912.0
2011-06-15,5.8,5.83,5.78,5.74,50549964.0,292618240.0
2011-06-14,5.74,5.86,5.81,5.72,79535720.0,463006080.0
2011-06-13,5.6,5.76,5.74,5.59,77366016.0,439536416.0
2011-06-10,5.58,5.67,5.63,5.58,52313616.0,294116160.0
2011-06-09,5.67,5.67,5.58,5.57,62017992.0,347493408.0
2011-06-08,5.83,5.83,5.75,5.66,88615888.0,506826752.0
2011-06-07,5.76,5.81,5.8,5.73,37912488.0,219073072.0
2011-06-03,5.74,5.79,5.76,5.71,71893016.0,413905472.0
2011-06-02,5.95,5.99,5.74,5.71,286674560.0,1667574016.0
2011-06-01,6.07,6.07,5.98,5.96,99379648.0,595587392.0
2011-05-31,5.91,6.08,6.06,5.91,119363320.0,716330176.0
2011-05-30,5.85,5.97,5.92,5.85,76656832.0,454150592.0
2011-05-27,5.82,5.93,5.91,5.8,123122912.0,724351232.0
2011-05-25,5.9,5.92,5.81,5.8,83489144.0,488129056.0
2011-05-24,5.9,5.94,5.92,5.88,77481216.0,458113248.0
2011-05-23,6.04,6.05,5.9,5.85,161338976.0,957600192.0
2011-05-20,6.04,6.12,6.06,6.02,123048800.0,747020352.0
2011-05-19,6.03,6.12,6.04,6.0,128326368.0,777661952.0
2011-05-18,5.85,6.03,6.02,5.85,134854496.0,805554240.0
2011-05-17,5.82,5.95,5.86,5.76,87123672.0,510268192.0
2011-05-16,5.88,5.95,5.81,5.81,95853464.0,564456512.0
2011-05-13,5.83,5.95,5.93,5.75,157432528.0,919266176.0
2011-05-12,5.9,5.96,5.89,5.88,67581888.0,399856288.0
2011-05-11,5.92,5.97,5.91,5.9,65434196.0,388519776.0
2011-05-10,5.84,5.94,5.93,5.82,73420032.0,433068352.0
2011-05-09,5.87,5.93,5.82,5.78,117867784.0,689721728.0
2011-05-06,6.01,6.03,5.86,5.83,152138848.0,903052352.0
2011-05-05,5.97,6.04,6.03,5.95,246987856.0,1479660672.0
2011-05-03,6.11,6.22,6.18,6.07,125674104.0,774022144.0
2011-04-29,6.15,6.17,6.15,5.95,212040592.0,1289538688.0
2011-04-28,6.25,6.29,6.17,6.14,235294688.0,1463028352.0
2011-04-27,6.12,6.25,6.19,6.12,343873728.0,2129883648.0
2011-04-26,6.01,6.1,6.09,6.0,175636112.0,1065934976.0
2011-04-25,5.96,6.07,6.01,5.96,150577376.0,905894464.0
2011-04-22,5.99,6.07,6.01,5.96,136526656.0,822392128.0
2011-04-21,5.96,6.06,5.98,5.94,135445152.0,812739136.0
2011-04-20,5.95,6.03,5.91,5.88,157075600.0,934784256.0
2011-04-19,6.04,6.09,5.94,5.93,156902976.0,943507968.0
2011-04-18,6.08,6.15,6.08,6.04,144267696.0,876900352.0
2011-04-15,6.0,6.12,6.1,5.98,225815808.0,1369167488.0
2011-04-14,6.01,6.11,6.02,5.98,266416656.0,1613056000.0
2011-04-13,5.83,5.98,5.98,5.8,158226704.0,933129600.0
2011-04-12,5.91,5.95,5.85,5.8,170274112.0,1000003136.0
2011-04-11,5.94,6.08,5.92,5.9,286125632.0,1712855552.0
2011-04-08,5.92,5.96,5.93,5.88,133390272.0,789744512.0
2011-04-07,5.94,6.0,5.94,5.84,242560704.0,1439614720.0
2011-04-06,5.81,6.03,5.94,5.81,391724608.0,2332287232.0
2011-04-01,5.58,5.83,5.81,5.56,304221664.0,1743630592.0
2011-03-31,5.64,5.67,5.59,5.56,159267440.0,892580608.0
2011-03-30,5.63,5.74,5.65,5.57,247087840.0,1398841472.0
2011-03-29,5.52,5.71,5.63,5.52,426410304.0,2402352640.0
2011-03-28,5.42,5.68,5.51,5.42,303037056.0,1679277952.0
2011-03-25,5.31,5.4,5.37,5.28,147270688.0,791293952.0
2011-03-24,5.32,5.33,5.29,5.26,49369412.0,261118656.0
2011-03-23,5.26,5.35,5.31,5.25,123729072.0,656846400.0
2011-03-22,5.18,5.3,5.28,5.14,178833600.0,934615680.0
2011-03-21,5.19,5.22,5.16,5.14,95194168.0,492250080.0
2011-03-18,5.2,5.25,5.17,5.16,65085388.0,338802400.0
2011-03-17,5.18,5.2,5.16,5.15,78328496.0,405213024.0
2011-03-16,5.2,5.24,5.23,5.16,74641008.0,388433536.0
2011-03-15,5.26,5.27,5.2,5.13,144608336.0,751197248.0
2011-03-14,5.24,5.3,5.27,5.24,69732760.0,367436640.0
2011-03-11,5.25,5.3,5.24,5.22,92345784.0,485838272.0
2011-03-10,5.4,5.42,5.27,5.23,157545408.0,837054464.0
2011-03-09,5.41,5.47,5.41,5.39,111926368.0,607957760.0
2011-03-08,5.42,5.47,5.39,5.36,133103888.0,720496768.0
2011-03-07,5.39,5.5,5.42,5.38,208976240.0,1136200448.0
2011-03-04,5.3,5.39,5.35,5.27,179477280.0,955162944.0
2011-03-03,5.22,5.42,5.29,5.21,472231392.0,2519412480.0
2011-03-02,5.13,5.26,5.2,5.11,227838832.0,1185218048.0
2011-03-01,5.12,5.17,5.15,5.11,122499720.0,630186624.0
2011-02-28,5.13,5.16,5.11,5.1,125750392.0,643166400.0
2011-02-24,5.1,5.1,5.09,5.07,83198256.0,422967712.0
2011-02-23,5.09,5.13,5.1,5.09,70649408.0,360622496.0
2011-02-22,5.18,5.18,5.1,5.09,177871296.0,911342784.0
2011-02-21,5.13,5.19,5.18,5.1,169426528.0,873961664.0
2011-02-18,5.14,5.15,5.15,5.1,103702832.0,532341888.0
2011-02-17,5.13,5.19,5.15,5.11,148771920.0,765765056.0
2011-02-16,5.18,5.19,5.14,5.09,266123776.0,1362102656.0
2011-02-15,5.21,5.23,5.18,5.17,140554144.0,730950272.0
2011-02-14,5.11,5.22,5.22,5.11,244582512.0,1267626368.0
2011-02-11,5.11,5.13,5.11,5.08,85906792.0,438410752.0
2011-02-10,5.03,5.13,5.12,5.03,104197688.0,529540512.0
2011-02-09,5.05,5.08,5.03,5.03,73062544.0,369123456.0
2011-02-01,5.03,5.09,5.07,5.02,68629512.0,346893440.0
2011-01-31,4.99,5.04,5.03,4.98,95487712.0,478759488.0
2011-01-28,5.0,5.02,4.99,4.97,67428864.0,336122144.0
2011-01-27,4.96,5.03,5.01,4.94,119972792.0,597759040.0
2011-01-26,4.97,5.0,4.99,4.96,56128032.0,279773920.0
2011-01-25,4.96,5.0,4.97,4.93,103288904.0,512765888.0
2011-01-24,4.99,5.02,4.97,4.94,101817864.0,506200384.0
2011-01-21,4.93,5.07,5.0,4.92,114222024.0,571341248.0
2011-01-20,5.01,5.05,4.94,4.92,111567256.0,553891712.0
2011-01-19,4.99,5.02,5.01,4.97,69066848.0,344984448.0
2011-01-18,5.0,5.02,4.99,4.97,89346856.0,445823104.0
2011-01-17,5.08,5.11,5.01,4.99,132982056.0,669911744.0
2011-01-14,5.14,5.14,5.1,5.09,80480640.0,411189472.0
2011-01-13,5.17,5.19,5.14,5.12,89721080.0,462207072.0
2011-01-12,5.14,5.16,5.15,5.09,215345040.0,1105683328.0
2011-01-11,5.07,5.16,5.12,5.06,169883920.0,871165248.0
2011-01-10,5.09,5.16,5.08,5.07,304867136.0,1559481472.0
2011-01-06,5.03,5.07,5.03,5.02,72985512.0,368008288.0
2011-01-05,5.05,5.09,5.04,5.0,119924160.0,604131584.0
2011-01-04,5.05,5.09,5.07,4.99,139162144.0,702120320.0
