date,open,high,close,low,volume,amount
2015-12-31,17.92,18.04,17.7,17.66,17606564.0,314092085.0
2015-12-30,18.12,18.14,17.89,17.72,24260730.0,434081034.0
2015-12-29,17.99,18.16,18.15,17.68,23289025.0,417732301.0
2015-12-28,18.96,18.96,18.02,17.96,51381853.0,941431940.0
2015-12-25,18.99,19.24,18.97,18.72,33380646.0,634969666.0
2015-12-24,18.68,19.19,18.98,18.55,42705400.0,807044672.0
2015-12-23,18.69,19.15,18.65,18.38,52049588.0,979709504.0
2015-12-22,18.41,18.91,18.57,18.37,42595584.0,792842805.0
2015-12-21,17.84,18.87,18.43,17.71,67062232.0,1231725824.0
2015-12-18,17.53,18.54,17.9,17.45,53073416.0,956091584.0
2015-12-17,17.52,17.87,17.6,17.44,30301640.0,534129696.0
2015-12-16,17.41,17.57,17.37,17.31,19227944.0,335291488.0
2015-12-15,17.7,17.75,17.32,17.23,24368396.0,424927296.0
2015-12-14,17.02,17.98,17.78,17.0,27181528.0,475674112.0
2015-12-11,17.5,17.51,17.18,17.07,24079160.0,416118880.0
2015-12-10,17.74,18.21,17.61,17.6,23657368.0,423273088.0
2015-12-09,17.68,17.95,17.78,17.55,25814171.0,458361907.0
2015-12-08,17.69,17.99,17.65,17.34,27487876.0,485530592.0
2015-12-07,17.89,17.97,17.76,17.58,21807994.0,387330196.0
2015-12-04,18.2,18.45,17.8,17.74,40574172.0,731659712.0
2015-12-03,18.4,19.27,18.56,18.03,88530060.0,1659553104.0
2015-12-02,16.86,18.59,18.46,16.74,84029568.0,1507110400.0
2015-12-01,16.98,17.09,16.91,16.5,30676741.0,513348839.0
2015-11-30,16.98,17.04,16.95,16.4,35950552.0,604082112.0
2015-11-27,17.79,17.85,16.74,16.5,44968152.0,778609856.0
2015-11-26,18.23,18.48,17.94,17.88,51017536.0,932091264.0
2015-11-25,17.87,18.15,18.0,17.76,26355316.0,473100000.0
2015-11-24,17.92,17.98,17.84,17.69,23937740.0,425659488.0
2015-11-23,18.25,18.35,17.94,17.9,30199988.0,544704960.0
2015-11-20,18.45,18.74,18.29,18.23,31956180.0,588895168.0
2015-11-19,18.35,18.6,18.43,18.13,32393124.0,592956800.0
2015-11-18,18.13,19.1,18.51,17.81,63671212.0,1174467456.0
2015-11-17,17.94,18.79,18.12,17.94,59975460.0,1101560576.0
2015-11-16,17.51,17.8,17.76,17.3,32538616.0,572901312.0
2015-11-13,17.97,18.3,17.7,17.65,42834004.0,769359040.0
2015-11-12,18.3,18.47,18.11,17.95,38027960.0,690869952.0
2015-11-11,18.35,18.35,18.13,17.97,52339972.0,948516160.0
2015-11-10,18.56,18.99,18.5,18.08,67288200.0,1242214272.0
2015-11-09,18.62,20.3,18.87,18.62,123283352.0,2395263488.0
2015-11-06,18.02,18.88,18.48,17.87,74621848.0,1369628416.0
2015-11-05,17.22,19.12,18.44,17.11,88805200.0,1637847168.0
2015-11-04,16.28,17.4,17.38,16.25,50853320.0,863742720.0
2015-11-03,16.56,16.71,16.22,16.18,21557836.0,353065536.0
2015-11-02,16.8,17.2,16.64,16.62,18731996.0,315581888.0
2015-10-30,16.82,17.06,16.92,16.65,23491868.0,396525728.0
2015-10-29,16.51,16.88,16.76,16.51,27137396.0,454813728.0
2015-10-28,16.84,16.9,16.49,16.4,22420646.0,374174432.0
2015-10-27,17.0,17.0,16.89,16.51,30567370.0,511946368.0
2015-10-26,17.25,17.65,17.11,17.01,44128404.0,763714624.0
2015-10-23,16.45,17.27,17.01,16.45,44083540.0,748235840.0
2015-10-22,16.0,16.85,16.65,15.83,48889448.0,801937728.0
2015-10-21,15.67,16.93,16.18,15.56,89982640.0,1468295040.0
2015-10-20,15.68,15.86,15.75,15.5,23428012.0,366756768.0
2015-10-19,15.73,15.99,15.69,15.52,44783684.0,706428480.0
2015-10-16,15.48,15.81,15.69,15.46,36829764.0,576962560.0
2015-10-15,15.25,15.5,15.48,15.2,26215332.0,403548672.0
2015-10-14,15.3,15.47,15.22,15.21,17438602.0,267191824.0
2015-10-13,15.45,15.79,15.64,15.19,33626860.0,514653760.0
2015-10-12,15.22,15.71,15.58,15.16,40565216.0,627649792.0
2015-10-09,14.8,15.22,15.15,14.75,21069796.0,318108576.0
2015-10-08,14.93,15.0,14.76,14.64,20054840.0,297184544.0
2015-09-30,14.37,14.65,14.51,14.28,12023510.0,174381568.0
2015-09-29,14.49,14.57,14.27,14.18,12072964.0,173382592.0
2015-09-28,14.41,14.66,14.62,14.37,12157776.0,176644272.0
2015-09-25,14.57,14.65,14.42,14.37,13296686.0,192335648.0
2015-09-24,14.49,14.69,14.54,14.47,11083403.0,161377984.0
2015-09-23,15.0,15.0,14.52,14.5,17891624.0,263373424.0
2015-09-22,15.37,15.85,15.65,15.23,29414548.0,458502400.0
2015-09-21,15.07,15.39,15.32,15.03,17715336.0,270308832.0
2015-09-18,15.22,15.29,15.1,15.05,10696044.0,162109024.0
2015-09-17,15.21,15.48,15.22,15.12,28540248.0,437055552.0
2015-09-16,14.9,15.72,15.37,14.71,23756440.0,360016704.0
2015-09-15,14.95,15.06,14.86,14.68,21005646.0,313263744.0
2015-09-14,15.2,15.24,15.2,14.37,48536112.0,725948928.0
2015-09-11,15.07,15.25,15.09,15.05,16093035.0,243554576.0
2015-09-10,15.0,15.28,15.13,14.91,22466210.0,340099456.0
2015-09-09,15.03,15.35,15.22,14.85,46248228.0,697536384.0
2015-09-08,14.7,15.26,15.1,14.6,39690732.0,595288512.0
2015-09-07,15.25,15.48,14.78,14.73,45481856.0,688259904.0
2015-09-02,15.39,15.78,15.36,15.12,102467904.0,1587065856.0
2015-09-01,15.26,16.05,15.92,15.0,108215312.0,1688080000.0
2015-08-31,14.86,15.7,15.67,14.6,85260768.0,1290970368.0
2015-08-28,14.59,14.79,14.76,14.26,74608696.0,1083699840.0
2015-08-27,13.0,14.22,14.22,13.0,79870328.0,1083946368.0
2015-08-26,12.7,13.39,12.93,12.31,85918912.0,1104348032.0
2015-08-25,12.7,13.67,12.21,12.13,90248392.0,1150680064.0
2015-08-24,14.53,14.58,13.48,13.48,72338208.0,996941760.0
2015-08-21,15.58,15.78,14.98,14.87,44923104.0,692392256.0
2015-08-20,16.12,16.15,15.66,15.55,29012654.0,462180544.0
2015-08-19,15.92,16.38,16.18,15.52,46148512.0,735414208.0
2015-08-18,17.1,17.48,16.12,15.88,50059572.0,849025600.0
2015-08-17,17.28,17.37,17.13,16.9,35543592.0,607384640.0
2015-08-14,17.45,17.61,17.44,17.33,30570850.0,534081856.0
2015-08-13,17.36,17.62,17.49,17.08,30746640.0,533648544.0
2015-08-12,17.56,17.66,17.4,17.25,38591776.0,673767296.0
2015-08-11,18.0,18.15,17.78,17.59,45812032.0,819082880.0
2015-08-10,17.51,18.21,18.13,17.38,51502496.0,919300992.0
2015-08-07,17.38,17.73,17.61,17.35,27156492.0,478048096.0
2015-08-06,17.32,17.76,17.38,17.12,28046298.0,491906016.0
2015-08-05,17.73,17.77,17.45,17.4,29775904.0,523126048.0
2015-08-04,17.61,17.87,17.82,17.28,48220624.0,850210240.0
2015-08-03,16.78,17.65,17.63,16.71,69446088.0,1195427072.0
2015-07-31,16.4,17.28,16.97,16.3,60619844.0,1018763968.0
2015-07-30,17.2,17.2,16.64,16.46,63985460.0,1088141312.0
2015-07-29,17.0,17.4,17.33,16.68,83628992.0,1426618752.0
2015-07-28,16.0,17.13,16.94,15.7,99220480.0,1641960192.0
2015-07-27,18.3,18.72,16.59,16.59,101507912.0,1799611136.0
2015-07-24,18.24,18.99,18.43,18.13,109654760.0,2043692160.0
2015-07-23,17.89,18.26,18.22,17.72,78965720.0,1428703104.0
2015-07-22,17.98,18.15,17.87,17.65,50703936.0,907396096.0
2015-07-21,17.8,18.2,17.92,17.6,51850944.0,930645440.0
2015-07-20,18.26,18.26,17.86,17.74,71329408.0,1282949376.0
2015-07-17,17.9,18.5,18.36,17.79,100611544.0,1829908608.0
2015-07-16,17.75,18.16,17.88,17.51,67040960.0,1192479872.0
2015-07-15,18.0,18.34,17.7,17.37,112873856.0,2029197440.0
2015-07-14,18.16,18.34,18.09,17.5,130581840.0,2347026432.0
2015-07-13,18.0,18.94,18.49,17.7,156597264.0,2873405952.0
2015-07-10,16.9,18.97,18.48,16.75,181061552.0,3317097472.0
2015-07-09,15.74,17.31,17.3,14.33,190308000.0,3115797248.0
2015-07-08,15.8,16.74,15.74,15.74,133818936.0,2132520704.0
2015-07-07,17.21,18.04,17.49,15.99,173953184.0,3011527168.0
2015-07-06,18.5,18.5,17.72,16.82,152082560.0,2682679552.0
2015-07-03,18.05,18.6,16.82,16.82,139570144.0,2442832896.0
2015-07-02,20.07,20.51,18.69,18.47,176302160.0,3418882048.0
2015-07-01,22.03,22.49,20.52,20.52,188187840.0,4084152832.0
2015-06-30,21.69,23.71,22.79,21.04,236711120.0,5292116992.0
2015-06-29,20.9,22.09,21.67,19.66,240820624.0,5077355008.0
2015-06-26,19.62,21.33,20.13,18.6,166695648.0,3376502016.0
2015-06-25,21.0,21.67,20.32,20.03,157525776.0,3313193472.0
2015-06-24,20.0,20.32,20.28,19.48,100502112.0,2001780864.0
2015-06-23,18.86,19.53,19.48,18.04,63728048.0,1211872128.0
2015-06-19,19.6,20.3,18.9,18.7,68987552.0,1362451712.0
2015-06-18,19.9,20.5,19.85,19.56,80764832.0,1611496064.0
2015-06-17,20.57,20.77,20.25,19.69,88699776.0,1790916608.0
2015-06-16,20.27,20.79,20.24,19.93,91937440.0,1878304512.0
2015-06-15,21.25,21.29,20.41,20.12,115354288.0,2372263168.0
2015-06-12,22.39,23.49,21.28,21.07,167292624.0,3622740480.0
2015-06-04,21.21,23.72,22.16,21.21,127149112.0,2879475712.0
2015-06-03,20.01,22.24,21.58,19.85,167981904.0,3567693824.0
2015-06-02,20.0,20.45,20.22,19.6,109619928.0,2192172800.0
2015-06-01,19.0,20.4,20.12,18.4,155898400.0,3031166464.0
2015-05-29,18.77,19.45,18.98,17.91,151565216.0,2861154816.0
2015-05-28,18.23,19.89,18.34,18.2,166436928.0,3149600000.0
2015-05-27,18.7,18.83,18.4,18.32,76931304.0,1428096000.0
2015-05-26,18.7,18.78,18.69,18.17,92591096.0,1709644672.0
2015-05-25,18.38,18.98,18.65,18.3,110001528.0,2050114944.0
2015-05-22,17.6,18.16,18.03,17.35,109095184.0,1947836544.0
2015-05-21,17.13,17.35,17.33,17.0,55313344.0,951011712.0
2015-05-20,17.24,17.63,17.21,16.91,95757920.0,1655600512.0
2015-05-19,16.37,17.43,17.18,16.3,93370816.0,1585635456.0
2015-05-18,16.5,16.72,16.3,16.24,58911680.0,969463744.0
2015-05-15,17.24,17.46,16.72,16.57,63177712.0,1072096768.0
2015-05-14,17.56,17.82,17.27,17.13,76865352.0,1337308928.0
2015-05-13,17.97,18.16,17.43,17.16,102947416.0,1822809856.0
2015-05-12,17.3,17.63,17.53,17.08,106006896.0,1844146944.0
2015-05-11,16.5,17.34,17.29,16.38,94029536.0,1585155584.0
2015-05-08,16.89,16.96,16.62,16.05,68126592.0,1129222784.0
2015-05-07,16.51,16.86,16.62,16.42,57539712.0,959031808.0
2015-05-06,16.64,17.3,16.62,16.41,103401704.0,1750100480.0
2015-05-05,17.38,17.68,16.56,16.4,103872048.0,1771134848.0
2015-05-04,17.5,17.56,17.5,17.11,76640144.0,1330064640.0
2015-04-30,18.0,18.17,17.55,17.53,109898936.0,1960877312.0
2015-04-29,17.8,18.06,17.96,17.51,178687040.0,3179830272.0
2015-04-28,17.21,18.56,18.35,17.0,347587648.0,6276422656.0
2015-04-27,16.51,16.88,16.87,16.36,114822936.0,1912973440.0
2015-04-24,16.58,16.72,16.33,16.11,86798640.0,1422605184.0
2015-04-23,16.82,17.08,16.87,16.66,117637864.0,1984748800.0
2015-04-22,16.29,16.87,16.8,16.18,96796824.0,1596621440.0
2015-04-21,16.0,16.28,16.24,15.78,80358896.0,1289967616.0
2015-04-20,17.05,17.13,16.01,15.95,138912880.0,2307918848.0
2015-04-17,16.95,17.13,16.85,16.55,119040728.0,2009536896.0
2015-04-16,16.4,16.79,16.78,16.2,104759856.0,1722425600.0
2015-04-15,16.1,16.81,16.55,15.95,154085984.0,2540695552.0
2015-04-14,16.32,16.34,16.09,15.9,83478272.0,1342549120.0
2015-04-13,16.52,16.67,16.33,16.16,118773296.0,1941482112.0
2015-04-10,15.6,16.29,16.17,15.56,115619472.0,1844025984.0
2015-04-09,16.0,16.58,15.77,15.74,145407232.0,2337018880.0
2015-04-08,15.66,16.05,16.03,15.23,146575376.0,2292332544.0
2015-04-07,15.25,15.75,15.6,15.07,158520992.0,2434395136.0
2015-04-03,14.79,15.02,15.0,14.73,88684000.0,1319369600.0
2015-04-02,14.94,15.05,14.89,14.68,75523608.0,1118793344.0
2015-04-01,14.8,15.08,14.93,14.74,72474848.0,1079932160.0
2015-03-31,15.25,15.46,14.85,14.76,121409104.0,1835278080.0
2015-03-30,14.61,15.16,14.98,14.61,120140664.0,1794271488.0
2015-03-27,14.59,14.78,14.56,14.43,68047776.0,992134272.0
2015-03-26,14.33,15.11,14.7,14.23,124965728.0,1846092416.0
2015-03-25,14.68,14.69,14.36,14.29,99408776.0,1436542336.0
2015-03-24,14.99,15.06,14.77,14.68,108783296.0,1611300480.0
2015-03-23,14.84,15.09,14.98,14.79,99482856.0,1484903936.0
2015-03-20,14.61,15.17,14.87,14.45,118491816.0,1755542272.0
2015-03-19,14.86,14.86,14.61,14.54,88751416.0,1300943872.0
2015-03-18,14.77,15.11,14.93,14.7,100903704.0,1501113600.0
2015-03-17,14.7,14.91,14.81,14.58,116318600.0,1712625536.0
2015-03-16,14.69,14.83,14.69,14.35,117145256.0,1710665344.0
2015-03-13,14.69,15.42,14.51,14.31,215267520.0,3189845504.0
2015-03-12,14.18,15.17,14.68,14.03,293358560.0,4343643136.0
2015-03-11,13.67,14.18,13.79,13.6,101333824.0,1404253696.0
2015-03-10,13.65,14.33,13.73,13.42,191315344.0,2638217216.0
2015-03-09,12.66,13.72,13.72,12.48,159224864.0,2122100992.0
2015-03-06,12.42,12.6,12.47,12.4,28915594.0,361585792.0
2015-03-05,12.6,12.6,12.42,12.36,37366108.0,464959808.0
2015-03-04,12.74,12.78,12.61,12.5,37136412.0,467901920.0
2015-03-03,13.0,13.01,12.69,12.68,47557788.0,609381184.0
2015-03-02,13.1,13.13,13.08,12.93,43152680.0,561542336.0
2015-02-27,13.15,13.21,13.04,13.0,48901128.0,641824320.0
2015-02-26,12.67,13.15,13.14,12.61,52082016.0,673055488.0
2015-02-25,12.92,12.95,12.65,12.6,28885424.0,368980032.0
2015-02-17,12.97,13.11,12.96,12.92,34323884.0,446147744.0
2015-02-16,12.84,12.99,12.92,12.73,32226156.0,414324832.0
2015-02-13,12.72,13.08,12.81,12.67,47005472.0,604309504.0
2015-02-12,12.7,12.73,12.67,12.53,28712658.0,362657856.0
2015-02-11,12.64,12.73,12.66,12.55,26428690.0,333969056.0
2015-02-10,12.39,12.69,12.64,12.34,37918248.0,475815488.0
2015-02-09,12.2,12.56,12.42,12.14,38981876.0,481035712.0
2015-02-06,12.42,12.61,12.29,12.21,51919860.0,644160128.0
2015-02-05,13.15,13.5,12.66,12.62,132539136.0,1740601856.0
2015-02-04,12.78,12.85,12.5,12.48,36860608.0,467655744.0
2015-02-03,12.68,12.82,12.78,12.52,33764200.0,427599360.0
2015-02-02,12.5,12.72,12.55,12.42,34301304.0,431285376.0
2015-01-30,12.95,13.01,12.82,12.72,37504200.0,482880800.0
2015-01-29,12.89,12.94,12.79,12.74,35805116.0,459434272.0
2015-01-28,13.04,13.24,13.02,12.86,46104688.0,600859008.0
2015-01-27,13.29,13.31,13.13,12.83,52058292.0,679542720.0
2015-01-26,13.22,13.32,13.29,12.98,46532176.0,610510208.0
2015-01-23,13.23,13.55,13.22,13.18,64520832.0,859161920.0
2015-01-22,13.2,13.34,13.18,13.02,59575828.0,783892672.0
2015-01-21,12.75,13.38,13.28,12.65,87337392.0,1134966528.0
2015-01-20,12.61,12.79,12.69,12.4,60775984.0,767341248.0
2015-01-19,12.99,13.27,12.48,12.47,118397248.0,1511317888.0
2015-01-16,13.9,14.11,13.86,13.72,74075592.0,1032103680.0
2015-01-15,13.5,13.91,13.9,13.31,64885964.0,882796224.0
2015-01-14,13.41,13.73,13.46,13.36,43488396.0,588139328.0
2015-01-13,13.4,13.62,13.35,13.3,38872344.0,521897536.0
2015-01-12,13.65,13.86,13.48,13.24,70561760.0,956246720.0
2015-01-09,13.6,14.58,13.85,13.5,114092944.0,1608370816.0
2015-01-08,14.25,14.3,13.7,13.64,73387024.0,1016018176.0
2015-01-07,14.21,14.47,14.22,14.03,77040544.0,1095777920.0
2015-01-06,14.49,14.97,14.41,14.12,113368192.0,1642483456.0
2015-01-05,14.78,14.9,14.71,14.3,129920784.0,1903103104.0
2014-12-31,14.38,14.76,14.65,14.21,121871888.0,1771247104.0
2014-12-30,14.07,14.58,14.39,14.05,119875560.0,1722484096.0
2014-12-29,14.66,15.08,14.17,13.84,142383712.0,2064564480.0
2014-12-26,13.76,14.29,14.26,13.71,132850128.0,1875140352.0
2014-12-25,13.5,14.05,13.84,13.3,99703304.0,1366863488.0
2014-12-24,13.92,14.02,13.23,12.88,103925144.0,1387007232.0
2014-12-23,14.19,14.6,13.9,13.79,94442800.0,1334277376.0
2014-12-22,14.28,15.5,14.61,14.19,186080800.0,2763836672.0
2014-12-19,14.21,14.68,14.38,13.9,111930736.0,1602830592.0
2014-12-18,14.9,15.04,14.31,14.1,169044464.0,2461112832.0
2014-12-17,13.79,15.14,15.08,13.4,286242816.0,4146123520.0
2014-12-16,12.62,13.78,13.76,12.58,142846864.0,1885251968.0
2014-12-15,12.63,12.7,12.64,12.36,62331760.0,779322432.0
2014-12-12,12.75,13.08,12.71,12.63,75559376.0,969377664.0
2014-12-11,12.36,13.27,12.84,12.31,126491488.0,1631932544.0
2014-12-10,12.2,12.75,12.58,11.77,141683072.0,1740606336.0
2014-12-09,13.3,13.86,12.34,12.28,185627200.0,2461860096.0
2014-12-08,13.38,13.94,13.64,13.03,186489440.0,2515693312.0
2014-12-05,13.6,14.39,13.64,13.08,210426800.0,2875142656.0
2014-12-04,12.76,13.6,13.54,12.68,196851296.0,2595667200.0
2014-12-03,13.38,13.69,12.94,12.58,192981408.0,2549209856.0
2014-12-02,12.69,13.87,13.39,12.52,162962656.0,2147749888.0
2014-12-01,13.33,13.97,12.79,12.72,187658528.0,2474537728.0
2014-11-28,12.15,13.38,13.33,12.05,195305680.0,2478601984.0
2014-11-27,12.24,12.47,12.18,11.93,154048896.0,1881239296.0
2014-11-26,11.43,12.22,12.0,11.26,161549872.0,1900924928.0
2014-11-25,11.32,11.56,11.44,11.05,100643824.0,1134815744.0
2014-11-24,10.88,11.68,11.31,10.8,175404160.0,1975788288.0
2014-11-21,10.69,11.27,11.19,10.5,120672992.0,1310250752.0
2014-11-20,10.49,10.81,10.71,10.43,80879920.0,860502976.0
2014-11-19,10.51,10.59,10.54,10.39,61070456.0,640538496.0
2014-11-18,10.7,10.75,10.49,10.44,59525392.0,628258304.0
2014-11-17,10.78,10.96,10.77,10.58,59884192.0,643540544.0
2014-11-14,11.02,11.02,10.76,10.58,80081976.0,859679744.0
2014-11-13,11.29,11.57,11.06,11.0,91549480.0,1030775616.0
2014-11-12,11.22,11.28,11.26,10.91,66832256.0,741856640.0
2014-11-11,11.53,12.22,11.28,10.99,180509376.0,2103707136.0
2014-11-10,11.15,11.56,11.53,10.8,100499536.0,1117364224.0
2014-11-07,10.45,11.51,10.96,10.45,131616880.0,1444875392.0
2014-11-06,10.53,10.64,10.52,10.41,46868212.0,493775008.0
2014-11-05,10.73,10.75,10.52,10.38,72235328.0,762034432.0
2014-11-04,10.6,10.93,10.72,10.44,118114456.0,1265084288.0
2014-11-03,10.7,10.83,10.68,10.54,132320624.0,1411631744.0
2014-10-31,9.81,10.78,10.73,9.78,221695200.0,2328499712.0
2014-10-30,9.36,9.89,9.8,9.32,105272680.0,1010566080.0
2014-10-29,9.2,9.45,9.33,9.12,51316300.0,477002816.0
2014-10-28,8.95,9.15,9.14,8.94,20892372.0,188849216.0
2014-10-27,9.17,9.17,8.92,8.88,29620738.0,266184672.0
2014-10-24,9.17,9.31,9.21,9.13,39813152.0,368020416.0
2014-10-23,8.98,9.25,9.17,8.98,55135520.0,504666048.0
2014-10-22,8.95,9.08,8.95,8.93,19180398.0,172675632.0
2014-10-21,9.15,9.19,8.95,8.94,31721924.0,286867392.0
2014-10-20,9.23,9.34,9.18,9.07,25895758.0,238459184.0
2014-10-17,9.18,9.28,9.2,8.97,43139748.0,394026176.0
2014-10-16,8.96,9.47,9.18,8.96,65941620.0,610175168.0
2014-10-15,8.89,9.07,9.04,8.86,27585596.0,247748832.0
2014-10-14,8.93,9.0,8.9,8.85,18624344.0,166477584.0
2014-10-13,8.91,8.98,8.95,8.81,21933304.0,194752752.0
2014-10-10,8.96,9.01,8.96,8.81,34276504.0,306055296.0
2014-10-09,9.11,9.16,9.01,8.95,30777738.0,277891584.0
2014-10-08,9.07,9.15,9.1,8.96,44652744.0,404156000.0
2014-09-30,8.87,9.03,9.0,8.83,45758152.0,409413696.0
2014-09-29,8.72,8.93,8.85,8.7,45147592.0,399052960.0
2014-09-26,8.49,8.68,8.67,8.48,39754288.0,342479872.0
2014-09-25,8.59,8.61,8.51,8.48,26905376.0,230080880.0
2014-09-24,8.41,8.6,8.55,8.39,28268584.0,240407952.0
2014-09-23,8.4,8.48,8.43,8.37,25790380.0,217158400.0
2014-09-22,8.58,8.59,8.4,8.38,22187294.0,187415344.0
2014-09-19,8.54,8.63,8.58,8.51,23072108.0,197995696.0
2014-09-18,8.5,8.65,8.54,8.42,34163896.0,292284192.0
2014-09-17,8.6,8.66,8.51,8.44,32468960.0,276879712.0
2014-09-16,8.51,8.65,8.6,8.46,58479388.0,501081568.0
2014-09-15,8.46,8.52,8.5,8.42,19313640.0,163592560.0
2014-09-12,8.45,8.47,8.46,8.39,17631590.0,148578944.0
2014-09-11,8.42,8.58,8.45,8.39,31879048.0,270701600.0
2014-09-10,8.44,8.48,8.41,8.38,20216752.0,170425376.0
2014-09-09,8.47,8.57,8.48,8.45,29067722.0,247161056.0
2014-09-05,8.46,8.48,8.46,8.42,25589688.0,216287120.0
2014-09-04,8.43,8.45,8.44,8.35,21611956.0,181575552.0
2014-09-03,8.37,8.5,8.41,8.35,38259220.0,322480256.0
2014-09-02,8.23,8.37,8.36,8.21,37573832.0,311723648.0
2014-09-01,8.22,8.25,8.22,8.17,17256798.0,141746736.0
2014-08-29,8.13,8.22,8.2,8.13,13738946.0,112253112.0
2014-08-28,8.15,8.19,8.13,8.11,14614361.0,119092480.0
2014-08-27,8.15,8.19,8.15,8.14,11830179.0,96575648.0
2014-08-26,8.18,8.21,8.14,8.11,18008146.0,146904736.0
2014-08-25,8.24,8.24,8.18,8.16,14552780.0,119074224.0
2014-08-22,8.19,8.26,8.25,8.13,26608468.0,218111808.0
2014-08-21,8.25,8.26,8.19,8.14,17859306.0,146283760.0
2014-08-20,8.25,8.27,8.25,8.22,17255596.0,142201648.0
2014-08-19,8.27,8.28,8.26,8.21,19767440.0,163029696.0
2014-08-18,8.23,8.28,8.26,8.22,23987084.0,197813936.0
2014-08-15,8.18,8.25,8.23,8.15,26618276.0,218311744.0
2014-08-14,8.22,8.24,8.17,8.16,25912500.0,212283296.0
2014-08-13,8.28,8.33,8.22,8.14,26313436.0,216535648.0
2014-08-12,8.3,8.32,8.28,8.24,19757356.0,163328928.0
2014-08-11,8.24,8.36,8.33,8.24,28316064.0,235665616.0
2014-08-08,8.23,8.31,8.24,8.22,24668004.0,203828768.0
2014-08-07,8.32,8.35,8.23,8.2,30697116.0,253787872.0
2014-08-06,8.42,8.42,8.34,8.28,31272370.0,260311664.0
2014-08-05,8.51,8.52,8.43,8.36,28230292.0,238001200.0
2014-08-04,8.44,8.58,8.55,8.37,30239108.0,256110384.0
2014-08-01,8.5,8.61,8.42,8.41,42406768.0,361445920.0
2014-07-31,8.41,8.54,8.53,8.36,24317680.0,205296128.0
2014-07-30,8.41,8.59,8.42,8.35,45263172.0,383229888.0
2014-07-29,8.28,8.73,8.42,8.28,105530664.0,896057472.0
2014-07-28,7.95,8.3,8.24,7.93,80737824.0,661619648.0
2014-07-25,7.9,7.96,7.9,7.83,32023772.0,252779104.0
2014-07-24,8.09,8.36,8.3,8.09,46979300.0,387502208.0
2014-07-23,8.08,8.12,8.09,8.05,17876808.0,144691552.0
2014-07-22,8.02,8.1,8.09,8.01,21201120.0,170994368.0
2014-07-21,8.01,8.05,8.04,8.0,14772886.0,118578176.0
2014-07-18,7.97,8.03,8.01,7.95,16207411.0,129655800.0
2014-07-17,7.95,7.99,7.97,7.9,18287920.0,145314096.0
2014-07-15,7.96,7.99,7.98,7.93,11329889.0,90195240.0
2014-07-14,7.92,7.97,7.96,7.89,10700963.0,84875336.0
2014-07-11,7.92,7.97,7.92,7.86,18108986.0,143223504.0
2014-07-10,7.91,7.93,7.92,7.9,7251833.0,57380712.0
2014-07-09,8.01,8.01,7.91,7.91,8963114.0,71303832.0
2014-07-08,7.98,8.01,8.01,7.96,6017116.0,48061244.0
2014-07-07,8.0,8.02,7.99,7.96,7746814.0,61877980.0
2014-07-04,8.02,8.03,8.0,7.99,7960090.0,63741508.0
2014-07-03,8.0,8.04,8.02,7.98,10967797.0,87830824.0
2014-07-02,7.97,8.0,7.98,7.95,9609300.0,76628856.0
2014-07-01,8.03,8.03,7.97,7.95,7810661.0,62306036.0
2014-06-30,7.96,8.03,8.0,7.95,9906164.0,79228768.0
2014-06-27,7.95,7.98,7.95,7.92,7791355.0,61937360.0
2014-06-26,7.94,7.98,7.97,7.92,6816786.0,54266252.0
2014-06-25,7.92,7.94,7.93,7.88,3794157.0,30035556.0
2014-06-24,7.9,7.96,7.93,7.88,5047768.0,40005296.0
2014-06-23,7.89,7.92,7.89,7.87,5488960.0,43319232.0
2014-06-20,7.86,7.9,7.88,7.84,5805044.0,45682104.0
2014-06-19,7.92,7.94,7.85,7.82,7688394.0,60657692.0
2014-06-18,7.98,7.99,7.92,7.79,8948400.0,71144320.0
2014-06-17,8.02,8.02,7.99,7.97,8515733.0,68092560.0
2014-06-16,7.96,8.05,8.03,7.95,15111108.0,121058968.0
2014-06-13,7.89,8.03,7.95,7.88,16714995.0,133119920.0
2014-06-12,7.93,7.96,7.87,7.85,9166667.0,72613488.0
2014-06-11,7.93,7.97,7.95,7.91,7713448.0,61225640.0
2014-06-10,7.89,7.94,7.94,7.86,10613502.0,83943608.0
2014-06-09,7.87,7.96,7.88,7.85,7674804.0,60748924.0
2014-06-06,7.92,7.95,7.89,7.82,8147076.0,64290976.0
2014-06-05,7.84,7.93,7.93,7.83,5498260.0,43349028.0
2014-06-04,7.91,7.91,7.85,7.82,7170969.0,56304652.0
2014-06-03,7.93,7.97,7.91,7.91,5030020.0,39952096.0
2014-05-30,7.91,7.94,7.92,7.89,7091566.0,56139348.0
2014-05-29,7.96,7.99,7.91,7.9,7408650.0,58894496.0
2014-05-28,7.95,7.98,7.97,7.91,7164982.0,56925940.0
2014-05-27,7.94,7.98,7.95,7.92,4938346.0,39291288.0
2014-05-26,7.98,7.99,7.96,7.93,6340815.0,50465700.0
2014-05-23,7.89,7.95,7.95,7.88,5005070.0,39675512.0
2014-05-22,7.9,7.99,7.89,7.87,9287154.0,73700384.0
2014-05-21,7.78,7.94,7.91,7.78,7183709.0,56517040.0
2014-05-20,7.81,7.84,7.81,7.79,4899491.0,38264684.0
2014-05-19,7.88,7.88,7.78,7.75,5778739.0,45044324.0
2014-05-16,7.88,7.91,7.87,7.82,6910147.0,54383968.0
2014-05-15,7.92,7.95,7.85,7.85,7929226.0,62689100.0
2014-05-14,7.93,7.97,7.92,7.9,5814695.0,46135944.0
2014-05-13,7.95,7.96,7.92,7.9,6091581.0,48290576.0
2014-05-12,7.91,7.98,7.96,7.86,12570143.0,99774056.0
2014-05-09,7.84,7.89,7.85,7.82,8111448.0,63693152.0
2014-05-08,7.79,7.92,7.84,7.79,12035935.0,94588008.0
2014-05-07,7.81,7.86,7.79,7.78,7698354.0,60248568.0
2014-05-06,7.8,7.85,7.82,7.78,8303521.0,64922232.0
2014-05-05,7.8,7.82,7.82,7.72,10062560.0,78125952.0
2014-04-30,7.85,7.88,7.8,7.78,10389027.0,81246144.0
2014-04-29,7.7,7.79,7.78,7.69,7197795.0,55759064.0
2014-04-28,7.76,7.78,7.71,7.69,9865752.0,76274320.0
2014-04-25,7.73,7.84,7.72,7.7,9491497.0,73716504.0
2014-04-24,7.75,7.8,7.72,7.69,5731885.0,44365640.0
2014-04-23,7.74,7.82,7.75,7.72,6647485.0,51578632.0
2014-04-22,7.68,7.79,7.77,7.65,8010219.0,61803484.0
2014-04-21,7.8,7.85,7.68,7.66,10734125.0,83258208.0
2014-04-18,7.82,7.84,7.82,7.75,6305203.0,49115516.0
2014-04-17,7.87,7.89,7.84,7.83,5313805.0,41757756.0
2014-04-16,7.8,7.9,7.85,7.79,5975590.0,46942668.0
2014-04-15,7.98,8.0,7.82,7.81,10469576.0,82469016.0
2014-04-14,8.03,8.08,8.0,7.94,10577735.0,84585896.0
2014-04-11,7.97,8.09,8.06,7.95,17537528.0,141076064.0
2014-04-10,7.95,8.07,7.97,7.91,16312284.0,130435016.0
2014-04-09,7.97,8.04,7.93,7.9,13298741.0,105659200.0
2014-04-08,7.82,8.13,7.98,7.79,29112064.0,232654320.0
2014-04-04,7.76,7.85,7.82,7.75,6982374.0,54500200.0
2014-04-03,7.86,7.9,7.79,7.76,6883296.0,53867860.0
2014-04-02,7.77,7.88,7.85,7.76,8987932.0,70365600.0
2014-04-01,7.74,7.8,7.78,7.7,6044890.0,46961912.0
2014-03-31,7.78,7.79,7.75,7.69,7603764.0,58849356.0
2014-03-28,7.67,7.8,7.76,7.67,10601757.0,82087080.0
2014-03-27,7.65,7.81,7.7,7.59,13958375.0,107556968.0
2014-03-26,7.71,7.76,7.68,7.67,5799340.0,44735952.0
2014-03-25,7.71,7.78,7.71,7.69,8711995.0,67377632.0
2014-03-24,7.68,7.81,7.75,7.65,17163672.0,132721240.0
2014-03-21,7.42,7.75,7.69,7.41,20742830.0,158124912.0
2014-03-20,7.5,7.61,7.44,7.43,7811477.0,58831232.0
2014-03-19,7.5,7.51,7.5,7.43,4842641.0,36188560.0
2014-03-18,7.54,7.55,7.51,7.48,5396706.0,40575228.0
2014-03-17,7.54,7.59,7.53,7.47,4867293.0,36568296.0
2014-03-14,7.51,7.56,7.48,7.44,8004006.0,59950256.0
2014-03-13,7.55,7.71,7.57,7.5,16031110.0,122053408.0
2014-03-12,7.37,7.6,7.48,7.35,12718310.0,95187312.0
2014-03-11,7.44,7.47,7.42,7.3,14766594.0,108863936.0
2014-03-10,7.79,7.79,7.4,7.38,28213064.0,212487824.0
2014-03-07,7.87,7.95,7.83,7.81,7051065.0,55539616.0
2014-03-06,7.89,7.93,7.9,7.79,9427100.0,74004048.0
2014-03-05,7.97,7.97,7.89,7.86,4859494.0,38376272.0
2014-03-04,7.93,7.98,7.96,7.85,6644674.0,52522080.0
2014-03-03,7.9,8.01,7.95,7.84,13895664.0,110544304.0
2014-02-28,7.89,7.92,7.9,7.8,8101508.0,63669072.0
2014-02-27,7.86,8.02,7.9,7.81,14978936.0,118612784.0
2014-02-26,7.8,7.89,7.85,7.78,7881178.0,61748680.0
2014-02-25,7.88,7.97,7.81,7.79,11438710.0,90063160.0
2014-02-24,8.0,8.0,7.88,7.82,11597950.0,91604616.0
2014-02-21,8.15,8.16,8.05,8.0,14191665.0,114530472.0
2014-02-20,8.3,8.4,8.15,8.14,25304032.0,209164128.0
2014-02-19,7.99,8.54,8.35,7.98,46165988.0,383755264.0
2014-02-18,8.1,8.1,7.98,7.96,12463817.0,99946864.0
2014-02-17,8.15,8.17,8.11,8.07,10682963.0,86488048.0
2014-02-14,8.13,8.14,8.12,8.06,11154006.0,90273736.0
2014-02-13,8.06,8.25,8.14,8.01,29461696.0,239824976.0
2014-02-12,8.1,8.18,8.1,8.04,11853841.0,95978752.0
2014-02-11,8.0,8.2,8.09,7.96,20396616.0,165259424.0
2014-02-10,7.89,8.0,7.98,7.89,11337466.0,90342896.0
2014-02-07,7.87,7.9,7.9,7.82,5316697.0,41731832.0
2014-01-30,7.94,7.94,7.88,7.87,5302279.0,41874736.0
2014-01-29,7.99,8.02,7.96,7.91,8313403.0,66269032.0
2014-01-28,7.91,7.99,7.97,7.9,5139757.0,40898024.0
2014-01-27,7.91,7.93,7.89,7.85,6070492.0,47887272.0
2014-01-24,7.88,8.0,7.93,7.87,6424610.0,51004612.0
2014-01-23,7.97,7.98,7.91,7.9,6226595.0,49367092.0
2014-01-22,7.87,8.0,7.99,7.86,8350963.0,66389996.0
2014-01-21,7.84,7.93,7.86,7.84,3745992.0,29521508.0
2014-01-20,7.82,7.89,7.84,7.8,4014789.0,31467126.0
2014-01-17,7.88,7.92,7.82,7.81,5480967.0,43065760.0
2014-01-16,7.95,7.98,7.92,7.84,6801167.0,53784808.0
2014-01-15,8.05,8.05,7.93,7.89,6284517.0,49909936.0
2014-01-14,7.96,8.09,8.04,7.91,7349937.0,58933592.0
2014-01-13,7.87,8.08,7.96,7.86,7613616.0,60608668.0
2014-01-10,7.83,7.9,7.85,7.81,4827829.0,37929592.0
2014-01-09,7.88,7.95,7.85,7.84,5238901.0,41363712.0
2014-01-08,7.88,7.93,7.91,7.79,5830214.0,45872632.0
2014-01-07,7.8,7.92,7.87,7.8,4124311.0,32464338.0
2014-01-06,7.97,7.98,7.85,7.83,8011760.0,63050272.0
2014-01-03,8.0,8.02,7.96,7.92,6464772.0,51459824.0
2014-01-02,8.05,8.1,8.04,8.0,5508409.0,44248920.0
2013-12-31,7.95,8.15,8.09,7.92,10099854.0,81482528.0
2013-12-30,8.04,8.07,7.99,7.97,6695779.0,53601544.0
2013-12-27,7.91,8.09,8.01,7.89,7502487.0,59909888.0
2013-12-26,8.06,8.06,7.89,7.82,12699489.0,100671168.0
2013-12-25,8.02,8.08,8.07,7.98,7375528.0,59129512.0
2013-12-24,8.11,8.12,8.02,7.95,5348335.0,43053576.0
2013-12-23,8.05,8.13,8.07,8.01,6428488.0,51849672.0
2013-12-20,8.25,8.25,8.03,8.0,11252484.0,91251616.0
2013-12-19,8.31,8.32,8.22,8.21,7389367.0,61015552.0
2013-12-18,8.26,8.33,8.28,8.25,5299727.0,43853580.0
2013-12-17,8.29,8.31,8.25,8.24,6566098.0,54235276.0
2013-12-16,8.3,8.36,8.25,8.25,9529119.0,79054320.0
2013-12-13,8.28,8.32,8.28,8.25,9260908.0,76694104.0
2013-12-12,8.3,8.35,8.29,8.26,12711710.0,105500304.0
2013-12-11,8.36,8.42,8.33,8.32,15657838.0,131135968.0
2013-12-10,8.39,8.44,8.38,8.37,8603862.0,72284664.0
2013-12-09,8.42,8.43,8.4,8.34,8632396.0,72397784.0
2013-12-06,8.45,8.45,8.4,8.38,9301810.0,78231512.0
2013-12-05,8.45,8.48,8.47,8.44,11714434.0,99055728.0
2013-12-04,8.42,8.58,8.49,8.41,20285604.0,172719088.0
2013-12-03,8.47,8.49,8.45,8.36,13172368.0,111079896.0
2013-12-02,8.36,8.54,8.47,8.35,28753016.0,243001216.0
2013-11-29,8.39,8.41,8.37,8.35,7472985.0,62581380.0
2013-11-28,8.3,8.42,8.37,8.29,12203420.0,102140496.0
2013-11-27,8.23,8.37,8.31,8.2,8986706.0,74447480.0
2013-11-26,8.22,8.28,8.22,8.21,4211505.0,34692120.0
2013-11-25,8.25,8.34,8.22,8.18,7647551.0,63067764.0
2013-11-22,8.35,8.35,8.29,8.27,6257185.0,51947240.0
2013-11-21,8.33,8.35,8.32,8.22,11253836.0,93128400.0
2013-11-20,8.39,8.41,8.38,8.33,8834854.0,73962872.0
2013-11-19,8.39,8.4,8.36,8.32,10583115.0,88398584.0
2013-11-18,8.19,8.44,8.43,8.15,19662974.0,163180816.0
2013-11-15,8.07,8.27,8.17,8.06,10978352.0,89954456.0
2013-11-14,8.09,8.12,8.07,8.02,6035848.0,48746452.0
2013-11-13,8.32,8.33,8.09,8.07,15858896.0,129809752.0
2013-11-12,8.33,8.39,8.33,8.29,11105502.0,92478080.0
2013-11-11,8.32,8.36,8.29,8.29,6856940.0,57063548.0
2013-11-08,8.31,8.43,8.32,8.29,7865484.0,65695580.0
2013-11-07,8.31,8.39,8.33,8.29,11252000.0,93799384.0
2013-11-06,8.34,8.35,8.27,8.26,12139930.0,100777968.0
2013-11-05,8.38,8.42,8.38,8.29,15165885.0,126396640.0
2013-11-04,8.53,8.59,8.42,8.41,8415388.0,71353000.0
2013-11-01,8.42,8.53,8.5,8.37,12046981.0,102000416.0
2013-10-31,8.57,8.57,8.39,8.37,15432581.0,130276632.0
2013-10-30,8.52,8.65,8.59,8.46,21709470.0,185393536.0
2013-10-29,8.36,8.67,8.56,8.36,42964696.0,366429792.0
2013-10-28,8.38,8.41,8.37,8.23,14572192.0,121247480.0
2013-10-25,8.33,8.47,8.36,8.32,21565544.0,180850976.0
2013-10-24,8.3,8.39,8.32,8.24,11132837.0,92387248.0
2013-10-23,8.28,8.46,8.31,8.27,15914226.0,133096144.0
2013-10-22,8.31,8.33,8.26,8.24,7434238.0,61510248.0
2013-10-21,8.25,8.34,8.34,8.2,13562347.0,112222936.0
2013-10-18,8.28,8.31,8.25,8.22,7785565.0,64335392.0
2013-10-17,8.27,8.3,8.23,8.21,7178553.0,59248072.0
2013-10-16,8.29,8.31,8.24,8.22,9422094.0,77803104.0
2013-10-15,8.39,8.39,8.31,8.28,7662270.0,63802796.0
2013-10-14,8.38,8.42,8.39,8.34,9991888.0,83669656.0
2013-10-11,8.29,8.41,8.39,8.27,12763092.0,106637920.0
2013-10-10,8.38,8.4,8.24,8.23,10619814.0,88144944.0
2013-10-09,8.31,8.45,8.4,8.28,10898375.0,91236376.0
2013-10-08,8.24,8.36,8.35,8.2,8727192.0,72251496.0
2013-09-30,8.3,8.34,8.26,8.22,7333515.0,60620792.0
2013-09-27,8.24,8.28,8.26,8.2,6979527.0,57517440.0
2013-09-26,8.31,8.31,8.2,8.18,13191964.0,108485096.0
2013-09-25,8.37,8.46,8.31,8.3,11149627.0,93323232.0
2013-09-24,8.51,8.54,8.37,8.33,15048222.0,126367912.0
2013-09-23,8.6,8.6,8.56,8.47,12742262.0,108645848.0
2013-09-18,8.5,8.58,8.56,8.46,9796901.0,83406592.0
2013-09-17,8.67,8.69,8.5,8.49,18472108.0,158507296.0
2013-09-16,8.85,8.85,8.63,8.58,21605750.0,187841328.0
2013-09-13,8.8,8.9,8.76,8.67,27436572.0,241340896.0
2013-09-12,8.65,9.01,8.88,8.55,51690464.0,457241600.0
2013-09-11,8.7,8.8,8.62,8.59,41158404.0,358274624.0
2013-09-10,8.65,8.66,8.62,8.49,38811600.0,332196128.0
2013-09-09,8.22,8.82,8.69,8.22,67580808.0,579828416.0
2013-09-06,8.1,8.26,8.19,8.1,18848808.0,154238896.0
2013-09-05,8.15,8.18,8.13,8.11,9241189.0,75170928.0
2013-09-04,8.16,8.23,8.16,8.15,15315638.0,125397168.0
2013-09-03,8.11,8.2,8.19,8.08,22154482.0,180901792.0
2013-09-02,8.11,8.15,8.09,8.05,11556473.0,93517656.0
2013-08-30,8.03,8.15,8.11,8.03,16320340.0,132160256.0
2013-08-29,8.12,8.14,8.09,8.06,10496893.0,84955216.0
2013-08-28,8.07,8.1,8.05,8.0,9943512.0,80056576.0
2013-08-27,8.11,8.16,8.11,8.08,7947062.0,64434156.0
2013-08-26,8.0,8.12,8.12,7.98,11628329.0,93847712.0
2013-08-23,8.13,8.13,7.98,7.91,13206292.0,105779136.0
2013-08-22,8.08,8.19,8.08,8.05,9247678.0,74961760.0
2013-08-21,8.22,8.22,8.09,8.05,7726189.0,62541588.0
2013-08-20,8.15,8.28,8.13,8.12,19937948.0,163305760.0
2013-08-19,8.0,8.27,8.19,8.0,17886558.0,145145744.0
2013-08-16,8.02,8.84,8.16,7.97,36289952.0,300414272.0
2013-08-15,8.14,8.17,8.04,8.03,9626126.0,77898328.0
2013-08-14,8.18,8.28,8.13,8.12,13215137.0,108245568.0
2013-08-13,8.18,8.2,8.18,8.12,12045344.0,98308184.0
2013-08-12,8.01,8.19,8.18,7.96,21639488.0,175753312.0
2013-08-09,8.02,8.05,7.99,7.88,10343618.0,82313288.0
2013-08-08,7.99,8.06,7.98,7.93,7137115.0,57020728.0
2013-08-07,7.98,8.1,7.98,7.97,11873879.0,95396088.0
2013-08-06,7.99,8.03,8.0,7.93,10768907.0,85911312.0
2013-08-05,7.96,8.03,8.01,7.91,7378825.0,58768440.0
2013-08-02,8.03,8.06,7.94,7.93,6984646.0,55713164.0
2013-08-01,7.85,7.99,7.96,7.84,8852539.0,70277056.0
2013-07-31,7.88,7.95,7.84,7.78,9068418.0,71253408.0
2013-07-30,7.86,7.98,7.84,7.81,15256333.0,120545696.0
2013-07-29,7.9,7.9,7.78,7.77,7897375.0,61648480.0
2013-07-26,7.94,7.99,7.94,7.88,6825922.0,54124160.0
2013-07-25,8.01,8.08,7.95,7.91,8670820.0,69206584.0
2013-07-24,8.1,8.1,7.99,7.89,14024487.0,111773856.0
2013-07-23,7.95,8.2,8.13,7.92,11169315.0,90627336.0
2013-07-22,7.83,7.97,7.95,7.8,8610792.0,67901696.0
2013-07-19,8.07,8.16,7.89,7.87,10724637.0,86219664.0
2013-07-18,8.23,8.23,8.07,8.06,11075883.0,89884824.0
2013-07-17,8.59,8.73,8.65,8.52,22443722.0,194052896.0
2013-07-16,8.5,8.61,8.61,8.4,15377011.0,130716336.0
2013-07-15,8.41,8.66,8.53,8.38,17400992.0,148023920.0
2013-07-12,8.62,8.66,8.4,8.39,21878348.0,186241504.0
2013-07-11,8.19,8.83,8.7,8.18,36122244.0,309971392.0
2013-07-10,8.1,8.26,8.15,8.03,11038261.0,89848448.0
2013-07-09,8.04,8.12,8.05,8.01,6561273.0,52852916.0
2013-07-08,8.19,8.19,8.0,8.0,6448501.0,52206432.0
2013-07-05,8.31,8.35,8.24,8.23,5221000.0,43284208.0
2013-07-04,8.18,8.37,8.27,8.12,9675574.0,79765576.0
2013-07-03,8.28,8.29,8.19,8.12,6566117.0,53746124.0
2013-07-02,8.33,8.35,8.29,8.24,6170649.0,51173664.0
2013-07-01,8.37,8.41,8.33,8.2,9099292.0,75483008.0
2013-06-28,8.15,8.53,8.43,8.13,13289254.0,111356088.0
2013-06-27,8.12,8.22,8.22,8.07,11980903.0,97446528.0
2013-06-26,8.23,8.26,8.07,7.96,14814084.0,119640816.0
2013-06-25,8.16,8.22,8.21,7.6,19983144.0,160155024.0
2013-06-24,8.64,8.64,8.21,8.18,22574808.0,188688944.0
2013-06-21,8.5,8.81,8.7,8.46,13373880.0,116253616.0
2013-06-20,8.7,8.79,8.55,8.53,8550838.0,74002888.0
2013-06-19,8.9,8.92,8.8,8.68,8488204.0,74525760.0
2013-06-18,8.94,8.99,8.95,8.9,5487148.0,49166384.0
2013-06-17,8.97,8.97,8.88,8.87,5784532.0,51549728.0
2013-06-14,8.92,8.97,8.94,8.86,8367934.0,74592432.0
2013-06-13,9.05,9.05,8.9,8.74,13775064.0,122733224.0
2013-06-07,9.24,9.29,9.15,9.1,10205904.0,93682216.0
2013-06-06,9.38,9.41,9.22,9.18,13199426.0,122391880.0
2013-06-05,9.45,9.5,9.43,9.36,8507012.0,80126512.0
2013-06-04,9.53,9.6,9.46,9.42,9328813.0,88575608.0
2013-06-03,9.62,9.65,9.56,9.53,6637519.0,63633840.0
2013-05-31,9.71,9.74,9.59,9.58,8193074.0,79159016.0
2013-05-30,9.67,9.75,9.68,9.61,12193859.0,117913384.0
2013-05-29,9.77,9.82,9.7,9.66,15238086.0,148481312.0
2013-05-28,9.5,9.75,9.74,9.45,16837760.0,162092064.0
2013-05-27,9.59,9.59,9.49,9.46,8260039.0,78714000.0
2013-05-24,9.52,9.58,9.53,9.43,8142012.0,77453216.0
2013-05-23,9.63,9.65,9.48,9.46,16070686.0,153105168.0
2013-05-22,9.64,9.71,9.68,9.58,11100393.0,107086112.0
2013-05-21,9.75,9.75,9.65,9.57,15749352.0,151802400.0
2013-05-20,9.69,9.93,9.76,9.62,18104088.0,176989104.0
2013-05-17,9.47,9.7,9.69,9.4,18404780.0,175684944.0
2013-05-16,9.25,9.48,9.47,9.23,14609701.0,136959248.0
2013-05-15,9.24,9.32,9.31,9.24,3907150.0,36287400.0
2013-05-14,9.35,9.37,9.24,9.21,7505241.0,69560608.0
2013-05-13,9.41,9.42,9.35,9.31,6602286.0,61745952.0
2013-05-10,9.25,9.41,9.39,9.25,6783898.0,63386696.0
2013-05-09,9.38,9.4,9.29,9.23,9609524.0,89356792.0
2013-05-08,9.44,9.53,9.38,9.35,10618609.0,100125872.0
2013-05-07,9.4,9.42,9.34,9.31,9524220.0,89102984.0
2013-05-06,9.35,9.52,9.42,9.31,15535769.0,146444960.0
2013-05-03,9.21,9.46,9.34,9.18,18939112.0,177224656.0
2013-05-02,9.07,9.19,9.19,9.02,10545671.0,96234512.0
2013-04-26,9.05,9.18,9.06,8.98,14376933.0,130447176.0
2013-04-25,9.05,9.08,8.97,8.91,10443626.0,93822400.0
2013-04-24,8.96,9.19,9.06,8.94,12606335.0,113790080.0
2013-04-23,9.37,9.37,8.96,8.94,17733914.0,160807184.0
2013-04-22,9.3,9.38,9.33,9.29,11751962.0,109493808.0
2013-04-19,9.01,9.42,9.38,9.01,23380632.0,216304656.0
2013-04-18,8.9,9.04,9.03,8.88,7853512.0,70440400.0
2013-04-17,9.04,9.05,8.97,8.92,11652461.0,104583248.0
2013-04-16,8.88,9.04,9.04,8.85,14546974.0,129828712.0
2013-04-15,8.91,8.97,8.92,8.89,7214489.0,64392524.0
2013-04-12,8.91,8.97,8.9,8.86,6911502.0,61579068.0
2013-04-11,8.97,9.01,8.92,8.91,7784630.0,69617272.0
2013-04-10,8.94,8.97,8.92,8.84,10138199.0,90300344.0
2013-04-09,9.0,9.14,8.95,8.9,19021838.0,171650096.0
2013-04-08,8.85,9.07,9.02,8.82,10465144.0,93628384.0
2013-04-03,9.07,9.12,9.04,9.02,10477255.0,94847184.0
2013-04-02,9.01,9.1,9.03,8.99,11871026.0,107296416.0
2013-04-01,8.95,9.07,9.03,8.92,12227679.0,110255376.0
2013-03-29,8.91,9.08,9.02,8.89,15442107.0,138906416.0
2013-03-28,9.3,9.3,8.91,8.55,54503928.0,485558528.0
2013-03-27,9.46,9.72,9.5,9.46,33396112.0,319340992.0
2013-03-26,9.61,9.67,9.41,9.4,31989304.0,303445632.0
2013-03-25,9.75,9.79,9.66,9.61,16034953.0,155489616.0
2013-03-22,9.54,9.78,9.67,9.53,19994760.0,193516992.0
2013-03-21,9.57,9.73,9.59,9.5,28140828.0,271076000.0
2013-03-20,9.15,9.58,9.56,9.15,38363760.0,362430688.0
2013-03-19,9.06,9.2,9.16,8.96,17517560.0,159230176.0
2013-03-18,9.21,9.32,9.03,8.99,24952928.0,227780816.0
2013-03-15,9.23,9.53,9.28,9.1,26551784.0,247732736.0
2013-03-14,9.2,9.3,9.22,9.13,13578029.0,125064600.0
2013-03-13,9.3,9.35,9.21,9.13,24231760.0,223480992.0
2013-03-12,9.64,9.77,9.31,9.23,26690076.0,251282304.0
2013-03-11,9.75,9.75,9.64,9.56,10593974.0,102238640.0
2013-03-08,9.68,9.84,9.71,9.6,20635812.0,199997104.0
2013-03-07,9.93,10.04,9.62,9.6,33895904.0,332163744.0
2013-03-06,10.0,10.11,9.97,9.88,29153172.0,291412224.0
2013-03-05,9.41,9.99,9.95,9.38,45327120.0,441186112.0
2013-03-04,9.9,9.9,9.46,9.3,38718572.0,369885024.0
2013-03-01,10.18,10.23,10.05,9.93,33209994.0,334357856.0
2013-02-28,9.97,10.2,10.2,9.82,40035104.0,402312640.0
2013-02-27,9.79,9.95,9.87,9.69,22899008.0,224611120.0
2013-02-26,9.6,10.06,9.68,9.55,45095956.0,445563104.0
2013-02-25,9.63,9.82,9.69,9.59,18227052.0,177026800.0
2013-02-22,9.65,9.85,9.63,9.53,21933752.0,212440896.0
2013-02-21,9.95,9.95,9.65,9.56,31867228.0,310412800.0
2013-02-20,10.2,10.22,10.08,9.84,39039504.0,389995552.0
2013-02-19,10.1,10.39,10.25,10.09,50404244.0,515326496.0
2013-02-18,10.2,10.24,10.05,9.96,29411206.0,296765280.0
2013-02-08,10.09,10.25,10.17,9.93,30528570.0,309400416.0
2013-02-07,10.33,10.36,10.08,9.89,39743104.0,400743424.0
2013-02-06,10.32,10.44,10.35,10.2,31298668.0,323070048.0
2013-02-05,10.48,10.52,10.38,10.22,33091850.0,343078592.0
2013-02-04,10.63,11.0,10.56,10.54,56707260.0,611094976.0
2013-02-01,10.11,10.58,10.56,10.09,50922976.0,527737088.0
2013-01-31,10.32,10.36,10.23,10.0,32887284.0,333823840.0
2013-01-30,10.4,10.47,10.24,10.11,36087808.0,369676928.0
2013-01-29,10.4,10.49,10.4,10.21,43948640.0,455623776.0
2013-01-28,9.95,10.42,10.39,9.94,51176900.0,525987744.0
2013-01-25,9.8,10.05,9.96,9.71,32951772.0,326212064.0
2013-01-24,9.95,10.36,9.84,9.69,66983472.0,672796800.0
2013-01-23,9.72,10.05,9.84,9.65,48476488.0,477112896.0
2013-01-22,9.46,10.08,9.78,9.35,86710952.0,850273472.0
2013-01-21,9.51,9.52,9.48,9.29,42256544.0,397993568.0
2013-01-18,9.21,9.52,9.44,9.2,60273792.0,565814976.0
2013-01-17,9.07,9.34,9.2,8.98,39011036.0,357393792.0
2013-01-16,9.22,9.22,9.07,9.0,38857864.0,353319040.0
2013-01-15,9.2,9.27,9.21,9.12,37267376.0,343081632.0
2013-01-14,8.8,9.33,9.24,8.78,48798236.0,445131904.0
2013-01-11,9.14,9.16,8.86,8.84,28617748.0,257058256.0
2013-01-10,9.12,9.21,9.11,9.05,26916584.0,245653632.0
2013-01-09,9.1,9.18,9.11,9.0,24181796.0,220135648.0
2013-01-08,9.33,9.45,9.14,9.06,37911828.0,348074592.0
2013-01-07,9.09,9.35,9.34,9.07,45987304.0,423883296.0
2013-01-04,9.4,9.45,9.09,9.05,46718172.0,429332160.0
2012-12-31,9.07,9.3,9.2,9.07,48662580.0,447864512.0
2012-12-28,8.96,9.15,9.05,8.96,29776604.0,269894528.0
2012-12-27,9.1,9.23,8.95,8.94,33139580.0,299571296.0
2012-12-26,9.21,9.26,9.15,9.06,41406512.0,378628224.0
2012-12-25,9.07,9.43,9.29,8.95,63243456.0,586456576.0
2012-12-24,9.02,9.24,9.09,9.0,41541952.0,379483552.0
2012-12-21,9.17,9.17,9.07,8.9,43780080.0,395374720.0
2012-12-20,9.13,9.2,9.17,8.95,47852364.0,433428064.0
2012-12-19,9.22,9.28,9.19,9.11,43428152.0,399113760.0
2012-12-18,9.21,9.47,9.26,9.18,59059164.0,550848384.0
2012-12-17,9.33,9.48,9.28,9.14,88798800.0,825547200.0
2012-12-14,8.3,9.13,9.13,8.3,95180480.0,847015104.0
2012-12-13,8.45,8.48,8.3,8.27,24140080.0,201725872.0
2012-12-12,8.37,8.57,8.5,8.3,36136132.0,306037632.0
2012-12-11,8.26,8.55,8.37,8.25,34501452.0,290889568.0
2012-12-10,8.35,8.43,8.26,8.22,42749004.0,355168512.0
2012-12-07,7.83,8.2,8.07,7.8,33245068.0,267750368.0
2012-12-06,7.7,7.87,7.84,7.7,19273954.0,150346560.0
2012-12-05,7.46,7.81,7.75,7.43,26696824.0,205650720.0
2012-12-04,7.41,7.47,7.45,7.39,10589505.0,78632640.0
2012-12-03,7.6,7.61,7.4,7.38,9582152.0,71595592.0
2012-11-30,7.57,7.63,7.6,7.56,5437278.0,41278284.0
2012-11-29,7.63,7.69,7.59,7.57,5419494.0,41311824.0
2012-11-28,7.69,7.74,7.61,7.6,7951922.0,60970724.0
2012-11-27,7.66,7.77,7.7,7.62,12306900.0,95072984.0
2012-11-26,7.66,7.72,7.71,7.65,5216835.0,40140876.0
2012-11-23,7.68,7.74,7.7,7.64,8933014.0,68748632.0
2012-11-22,7.65,7.69,7.65,7.61,5688261.0,43455356.0
2012-11-21,7.51,7.69,7.68,7.51,8227988.0,62670760.0
2012-11-20,7.63,7.65,7.51,7.5,6685920.0,50507096.0
2012-11-19,7.56,7.62,7.61,7.52,5444114.0,41264728.0
2012-11-16,7.51,7.65,7.56,7.48,7376077.0,55585076.0
2012-11-15,7.6,7.63,7.54,7.5,5440701.0,41211736.0
2012-11-14,7.59,7.64,7.61,7.56,4242616.0,32268434.0
2012-11-13,7.69,7.69,7.56,7.54,8333346.0,63273720.0
2012-11-12,7.57,7.69,7.69,7.56,9454496.0,72271392.0
2012-11-09,7.6,7.65,7.55,7.52,5827410.0,44227440.0
2012-11-08,7.71,7.75,7.6,7.59,10333739.0,79046224.0
2012-11-07,7.78,7.82,7.75,7.72,4494989.0,34887128.0
2012-11-06,7.82,7.89,7.78,7.68,10009762.0,77750872.0
2012-11-05,7.8,7.91,7.81,7.78,15283473.0,119932576.0
2012-11-02,7.73,7.84,7.84,7.7,9445011.0,73459344.0
2012-11-01,7.58,7.79,7.73,7.55,11993908.0,92466832.0
2012-10-31,7.57,7.59,7.58,7.52,6892864.0,52066352.0
2012-10-30,7.51,7.61,7.56,7.47,12624517.0,95137904.0
2012-10-29,7.53,7.56,7.54,7.45,18400092.0,137995152.0
2012-10-26,7.76,7.79,7.6,7.57,7384425.0,56416728.0
2012-10-25,7.77,7.82,7.75,7.74,4649378.0,36134620.0
2012-10-24,7.82,7.85,7.77,7.74,6076554.0,47246616.0
2012-10-23,7.9,7.92,7.82,7.81,5765006.0,45391336.0
2012-10-22,7.83,7.93,7.89,7.82,6084580.0,47974088.0
2012-10-19,7.89,7.9,7.87,7.85,4148699.0,32655460.0
2012-10-18,7.88,7.92,7.89,7.83,7489801.0,59021076.0
2012-10-17,7.84,7.94,7.85,7.81,19740432.0,155744720.0
2012-10-16,7.68,7.92,7.85,7.63,24741884.0,194023552.0
2012-10-15,7.74,7.74,7.68,7.61,5988877.0,45844684.0
2012-10-12,7.64,7.75,7.71,7.62,14581070.0,112382888.0
2012-10-11,7.63,7.65,7.61,7.58,9023117.0,68656808.0
2012-10-10,7.66,7.67,7.65,7.61,6943792.0,53073852.0
2012-10-09,7.55,7.7,7.66,7.51,12230215.0,93483392.0
2012-10-08,7.57,7.62,7.51,7.46,6742773.0,50886896.0
2012-09-28,7.45,7.58,7.56,7.41,11853722.0,88990280.0
2012-09-27,7.32,7.6,7.5,7.31,12275027.0,91481840.0
2012-09-26,7.43,7.45,7.32,7.29,6950597.0,51168432.0
2012-09-25,7.47,7.48,7.43,7.4,3869635.0,28756374.0
2012-09-24,7.47,7.54,7.5,7.38,7261046.0,54075712.0
2012-09-21,7.51,7.59,7.51,7.48,6429215.0,48375460.0
2012-09-20,7.69,7.69,7.51,7.51,8554181.0,64991064.0
2012-09-19,7.72,7.73,7.69,7.68,6737623.0,51868432.0
2012-09-18,7.73,7.76,7.71,7.69,6133485.0,47351120.0
2012-09-17,7.89,7.89,7.75,7.75,8386239.0,65617072.0
2012-09-14,7.89,7.96,7.9,7.84,11827530.0,93556912.0
2012-09-13,7.91,7.92,7.86,7.85,8888827.0,70128592.0
2012-09-12,7.94,7.95,7.92,7.82,10080926.0,79575576.0
2012-09-11,7.95,7.95,7.89,7.84,10024610.0,78925376.0
2012-09-10,7.95,7.98,7.96,7.91,15662649.0,124470472.0
2012-09-07,7.79,8.07,7.97,7.76,25046978.0,198716640.0
2012-09-06,7.71,7.77,7.75,7.66,7927703.0,61206184.0
2012-09-05,7.77,7.78,7.69,7.66,13277439.0,102141784.0
2012-09-04,7.86,7.89,7.78,7.76,6796766.0,53186888.0
2012-09-03,7.9,7.92,7.88,7.83,9399397.0,73983952.0
2012-08-31,7.88,7.94,7.92,7.86,7407921.0,58593200.0
2012-08-30,7.83,7.93,7.89,7.83,9576964.0,75535144.0
2012-08-29,7.85,7.89,7.85,7.8,6929290.0,54376624.0
2012-08-28,7.76,7.92,7.87,7.74,11393769.0,89403616.0
2012-08-27,7.8,7.81,7.78,7.7,13695785.0,106149880.0
2012-08-24,7.84,7.84,7.78,7.76,7855232.0,61285264.0
2012-08-23,7.81,7.88,7.85,7.81,6792128.0,53260512.0
2012-08-22,7.87,7.9,7.85,7.83,6593672.0,51867240.0
2012-08-21,7.87,7.91,7.89,7.84,11047508.0,87004112.0
2012-08-20,7.88,7.91,7.86,7.83,6485231.0,50972232.0
2012-08-17,7.92,7.96,7.93,7.87,5941440.0,47040072.0
2012-08-16,7.95,7.98,7.91,7.87,8692072.0,68768320.0
2012-08-15,8.1,8.11,7.95,7.94,13794067.0,110334016.0
2012-08-14,8.1,8.14,8.1,8.05,7688018.0,62149028.0
2012-08-13,8.18,8.2,8.07,8.05,10626306.0,86524624.0
2012-08-10,8.23,8.28,8.19,8.17,10616148.0,87410744.0
2012-08-09,8.2,8.21,8.21,8.13,11361091.0,92855352.0
2012-08-08,8.2,8.27,8.22,8.18,11341785.0,93253064.0
2012-08-07,8.24,8.26,8.19,8.15,13450629.0,110163384.0
2012-08-06,8.21,8.26,8.26,8.18,10261069.0,84417784.0
2012-08-03,8.19,8.22,8.22,8.16,6106113.0,50032568.0
2012-08-02,8.23,8.25,8.19,8.15,7101635.0,58181120.0
2012-08-01,8.24,8.3,8.23,8.17,10450340.0,85922024.0
2012-07-31,8.19,8.27,8.24,8.17,14201523.0,116842496.0
2012-07-30,8.14,8.26,8.18,8.13,15186831.0,124513592.0
2012-07-27,8.04,8.22,8.13,8.01,14202629.0,115384104.0
2012-07-26,8.02,8.08,8.0,7.99,5048459.0,40576352.0
2012-07-25,8.0,8.08,8.04,7.99,3607171.0,28989124.0
2012-07-24,8.0,8.1,8.02,7.97,8649428.0,69458664.0
2012-07-23,8.04,8.09,8.03,7.96,7910487.0,63477336.0
2012-07-20,8.26,8.28,8.09,8.07,7653696.0,62625384.0
2012-07-19,8.25,8.34,8.28,8.22,17375758.0,143987056.0
2012-07-18,8.16,8.33,8.29,8.01,15953481.0,130240784.0
2012-07-17,7.98,8.2,8.2,7.97,15582987.0,126580544.0
2012-07-16,8.2,8.21,8.0,7.96,14617385.0,117147128.0
2012-07-13,8.1,8.25,8.19,8.08,10488862.0,85882432.0
2012-07-12,8.16,8.19,8.12,7.96,21576010.0,173796272.0
2012-07-11,8.23,8.31,8.17,8.14,9880343.0,81194496.0
2012-07-10,8.23,8.36,8.24,8.21,7442415.0,61737356.0
2012-07-09,8.53,8.53,8.23,8.22,19798696.0,165857088.0
2012-07-06,8.51,8.61,8.58,8.41,14753072.0,125306304.0
2012-07-05,8.6,8.73,8.65,8.49,15391483.0,132489592.0
2012-07-04,8.55,8.84,8.65,8.52,18095702.0,157127888.0
2012-07-03,8.5,8.65,8.56,8.48,11498690.0,98656520.0
2012-07-02,8.54,8.56,8.51,8.44,9256827.0,78553440.0
2012-06-29,8.34,8.58,8.52,8.32,15884185.0,135001392.0
2012-06-28,8.38,8.42,8.34,8.31,6818853.0,56971620.0
2012-06-27,8.5,8.53,8.35,8.35,9464673.0,79838096.0
2012-06-26,8.42,8.55,8.48,8.38,10365485.0,88074232.0
2012-06-25,8.48,8.57,8.43,8.42,14215096.0,121085640.0
2012-06-21,8.56,8.56,8.51,8.43,8707314.0,74000256.0
2012-06-20,8.57,8.67,8.58,8.52,18551990.0,159694688.0
2012-06-19,8.51,8.65,8.54,8.46,13523784.0,115705400.0
2012-06-18,8.62,8.62,8.55,8.49,16643728.0,142178352.0
2012-06-15,8.51,8.94,8.92,8.49,43840424.0,383074592.0
2012-06-14,8.59,8.59,8.48,8.44,14079278.0,119661328.0
2012-06-13,8.48,8.62,8.59,8.41,11799104.0,100836424.0
2012-06-12,8.43,8.54,8.46,8.31,12539228.0,105440688.0
2012-06-11,8.46,8.5,8.48,8.36,12209461.0,102845456.0
2012-06-08,8.67,8.68,8.44,8.39,23561592.0,199370624.0
2012-06-07,8.78,8.83,8.65,8.65,8968694.0,78406432.0
2012-06-06,8.63,8.73,8.73,8.61,10096395.0,87550392.0
2012-06-05,8.58,8.69,8.62,8.56,8639380.0,74464584.0
2012-06-04,8.67,8.72,8.58,8.55,23435962.0,202599296.0
2012-06-01,8.91,8.94,8.84,8.77,24400944.0,215562688.0
2012-05-31,8.91,8.96,8.91,8.85,12131680.0,107800200.0
2012-05-30,9.02,9.04,8.95,8.9,16372125.0,146590704.0
2012-05-28,8.87,8.98,8.98,8.83,9009782.0,80397656.0
2012-05-25,8.87,8.92,8.88,8.84,6674664.0,59239948.0
2012-05-24,8.9,8.99,8.86,8.84,8250899.0,73418784.0
2012-05-23,8.98,9.06,8.94,8.86,10381873.0,93077704.0
2012-05-22,8.93,9.0,8.99,8.92,7528658.0,67507416.0
2012-05-21,8.92,8.96,8.89,8.6,8332198.0,74108080.0
2012-05-18,9.07,9.08,8.9,8.84,20071664.0,179690464.0
2012-05-17,9.02,9.17,9.13,9.01,8044544.0,73156568.0
2012-05-16,9.26,9.26,9.0,8.99,14916581.0,135819968.0
2012-05-15,9.27,9.29,9.28,9.17,9096964.0,83994688.0
2012-05-14,9.45,9.48,9.33,9.31,12136642.0,114354080.0
2012-05-11,9.36,9.46,9.36,9.3,11762073.0,110075072.0
2012-05-10,9.4,9.5,9.38,9.33,11418676.0,107432368.0
2012-05-09,9.51,9.54,9.37,9.35,16131524.0,152452336.0
2012-05-08,9.62,9.63,9.59,9.47,22137476.0,211416352.0
2012-05-07,9.55,9.65,9.6,9.49,20178352.0,193011744.0
2012-05-04,9.49,9.63,9.6,9.41,24800852.0,237118688.0
2012-05-03,9.5,9.59,9.47,9.42,20253448.0,192316144.0
2012-05-02,9.46,9.64,9.54,9.4,33338906.0,317905728.0
2012-04-27,9.42,9.44,9.33,9.3,16326530.0,152705968.0
2012-04-26,9.47,9.53,9.39,9.36,19202656.0,180958752.0
2012-04-25,9.39,9.56,9.46,9.35,35205996.0,332496608.0
2012-04-24,9.1,9.95,9.48,9.1,81056128.0,772147776.0
2012-04-23,9.15,9.26,9.15,9.11,19457136.0,178635200.0
2012-04-20,8.94,9.22,9.18,8.93,29862768.0,272350912.0
2012-04-19,8.92,8.97,8.93,8.88,11489758.0,102515528.0
2012-04-18,8.83,9.0,8.96,8.76,14157011.0,126188128.0
2012-04-17,8.88,8.9,8.77,8.75,10157625.0,89530016.0
2012-04-16,8.84,8.93,8.89,8.82,8953519.0,79528936.0
2012-04-13,8.94,8.94,8.88,8.83,20413326.0,181190912.0
2012-04-12,8.7,9.08,8.95,8.64,32202688.0,285152544.0
2012-04-11,8.68,8.79,8.68,8.62,12290275.0,106860080.0
2012-04-10,8.63,8.76,8.76,8.57,9114756.0,78817632.0
2012-04-09,8.73,8.74,8.63,8.62,6399225.0,55558660.0
2012-04-06,8.78,8.82,8.8,8.71,8665145.0,75931640.0
2012-04-05,8.79,8.82,8.81,8.6,17490118.0,152511008.0
2012-03-30,8.69,8.82,8.79,8.69,7240302.0,63405500.0
2012-03-29,8.75,8.83,8.72,8.7,8845746.0,77536856.0
2012-03-28,8.97,9.03,8.86,8.79,12779241.0,114029728.0
2012-03-27,9.05,9.06,9.01,8.94,9327650.0,83907344.0
2012-03-26,9.02,9.06,9.02,8.97,6918983.0,62301516.0
2012-03-23,9.06,9.11,9.02,8.98,8945426.0,80801608.0
2012-03-22,9.03,9.17,9.12,8.96,15589567.0,141872896.0
2012-03-21,9.04,9.07,9.02,8.9,11981246.0,107712872.0
2012-03-20,9.14,9.14,8.98,8.94,14154241.0,127640144.0
2012-03-19,9.1,9.16,9.15,9.02,11372154.0,103402024.0
2012-03-16,9.12,9.16,9.13,8.98,19103926.0,173455072.0
2012-03-15,9.25,9.3,9.1,9.08,26246340.0,241025248.0
2012-03-14,9.48,9.54,9.25,9.24,30842248.0,290081312.0
2012-03-13,9.34,9.47,9.44,9.32,16469239.0,155226912.0
2012-03-12,9.44,9.45,9.35,9.28,23114520.0,215797344.0
2012-03-09,9.49,9.5,9.46,9.4,16308219.0,153929360.0
2012-03-08,9.45,9.51,9.46,9.41,11410484.0,107965720.0
2012-03-07,9.43,9.5,9.4,9.38,13787726.0,130354208.0
2012-03-06,9.67,9.7,9.49,9.46,23210432.0,221209136.0
2012-03-05,9.81,9.83,9.69,9.67,18044400.0,176006976.0
2012-03-02,9.66,9.8,9.78,9.65,20534508.0,199456720.0
2012-03-01,9.64,9.75,9.65,9.62,14009095.0,135492592.0
2012-02-29,9.76,9.77,9.66,9.65,17522548.0,169704912.0
2012-02-28,9.68,9.86,9.75,9.68,40898624.0,399740992.0
2012-02-27,9.8,9.85,9.68,9.66,38801260.0,379009120.0
2012-02-24,9.69,9.78,9.77,9.62,34421156.0,333977152.0
2012-02-23,9.63,9.68,9.68,9.6,25374024.0,244730192.0
2012-02-22,9.62,9.65,9.65,9.51,34472812.0,330391744.0
2012-02-21,9.55,9.62,9.61,9.51,19007380.0,181685024.0
2012-02-20,9.69,9.73,9.54,9.53,23330712.0,224284912.0
2012-02-17,9.62,9.64,9.53,9.49,14112262.0,134930608.0
2012-02-16,9.53,9.62,9.58,9.5,21531992.0,205705696.0
2012-02-15,9.5,9.6,9.52,9.42,30642498.0,291450560.0
2012-02-14,9.59,9.6,9.5,9.45,18542704.0,176351104.0
2012-02-13,9.56,9.69,9.61,9.48,16904528.0,161978320.0
2012-02-10,9.66,9.76,9.62,9.6,15974000.0,154318048.0
2012-02-09,9.76,9.8,9.7,9.66,17792940.0,172706976.0
2012-02-08,9.61,9.87,9.8,9.57,17970828.0,174213104.0
2012-02-07,9.75,9.75,9.59,9.54,18061724.0,173955424.0
2012-02-06,9.93,9.94,9.78,9.7,24803516.0,243351856.0
2012-02-03,9.91,10.02,9.93,9.8,22486584.0,223273232.0
2012-02-02,9.58,10.0,9.93,9.55,21382746.0,208918848.0
2012-02-01,9.64,9.71,9.55,9.53,10305244.0,99161408.0
2012-01-31,9.68,9.74,9.67,9.58,11952802.0,115387760.0
2012-01-30,9.87,9.87,9.68,9.65,21363444.0,208288880.0
2012-01-20,9.52,9.99,9.92,9.49,43873980.0,427342464.0
2012-01-19,9.32,9.54,9.53,9.32,17676704.0,167226208.0
2012-01-18,9.5,9.54,9.3,9.28,17638048.0,166511376.0
2012-01-17,9.27,9.55,9.53,9.14,20353204.0,190688624.0
2012-01-16,9.22,9.38,9.26,9.14,9862123.0,91762328.0
2012-01-13,9.47,9.53,9.27,9.24,18518892.0,173257568.0
2012-01-12,9.39,9.57,9.47,9.36,26028020.0,247588544.0
2012-01-11,9.54,9.59,9.42,9.4,19422852.0,183913184.0
2012-01-10,9.41,9.6,9.59,9.31,39376228.0,371841344.0
2012-01-09,9.43,9.62,9.4,9.33,43004304.0,406047808.0
2012-01-06,9.4,9.58,9.46,9.34,12882960.0,121602048.0
2012-01-05,9.14,9.62,9.44,9.1,34389936.0,325623168.0
2012-01-04,9.32,9.35,9.13,9.11,8796825.0,81451680.0
2011-12-30,9.13,9.31,9.28,9.1,14595468.0,134437520.0
2011-12-29,8.95,9.15,9.1,8.91,11185540.0,101508216.0
2011-12-28,9.14,9.2,9.07,8.83,19410732.0,174967408.0
2011-12-27,9.2,9.33,9.14,9.12,9052095.0,83832600.0
2011-12-26,9.18,9.34,9.23,9.11,7456863.0,69037208.0
2011-12-23,9.45,9.58,9.25,9.19,16742220.0,156896992.0
2011-12-22,9.3,9.55,9.47,9.26,14115754.0,132779224.0
2011-12-21,9.49,9.56,9.32,9.31,10832355.0,102264992.0
2011-12-20,9.48,9.72,9.37,9.29,23547040.0,224750320.0
2011-12-19,9.32,9.51,9.5,9.19,21211444.0,198238240.0
2011-12-16,9.11,9.45,9.42,8.96,15235208.0,140012880.0
2011-12-15,9.08,9.17,9.08,9.05,9607862.0,87600984.0
2011-12-14,9.1,9.23,9.12,9.05,9996062.0,91407304.0
2011-12-13,9.17,9.29,9.11,9.1,12106249.0,111387016.0
2011-12-12,9.29,9.32,9.2,9.18,8333972.0,77010800.0
2011-12-09,9.45,9.45,9.3,9.29,13566196.0,126878728.0
2011-12-08,9.39,9.55,9.5,9.33,16014307.0,151457584.0
2011-12-07,9.29,9.46,9.4,9.18,17885640.0,167488480.0
2011-12-06,9.31,9.45,9.26,9.18,17727552.0,164802704.0
2011-12-05,9.28,9.45,9.34,9.13,22267168.0,208303008.0
2011-12-02,9.07,9.36,9.28,9.04,26968612.0,248959312.0
2011-12-01,9.1,9.33,9.08,8.99,42757152.0,392914624.0
2011-11-30,8.99,9.05,8.77,8.75,8209531.0,72534128.0
2011-11-29,9.0,9.08,9.05,8.91,10139450.0,91477576.0
2011-11-28,8.88,9.04,8.95,8.85,7688843.0,68879488.0
2011-11-25,8.8,8.96,8.9,8.75,10434599.0,92321376.0
2011-11-24,8.56,8.85,8.8,8.56,9696027.0,85050432.0
2011-11-23,8.8,8.88,8.69,8.64,5227892.0,45642608.0
2011-11-22,8.55,8.85,8.8,8.55,9070462.0,79335024.0
2011-11-21,8.71,8.8,8.7,8.57,8056792.0,69788304.0
2011-11-18,8.81,8.99,8.78,8.71,11589074.0,102513248.0
2011-11-17,8.87,8.98,8.86,8.79,7771860.0,69107888.0
2011-11-16,8.99,9.11,8.89,8.8,15477570.0,137536288.0
2011-11-15,9.05,9.06,8.97,8.92,9322343.0,83572984.0
2011-11-14,8.99,9.17,9.06,8.93,13230270.0,119766336.0
2011-11-11,8.9,8.99,8.91,8.88,8912740.0,79593992.0
2011-11-10,9.13,9.16,8.93,8.91,17576256.0,158580288.0
2011-11-09,9.19,9.28,9.21,9.14,12758625.0,117286736.0
2011-11-08,9.15,9.24,9.15,9.12,11180747.0,102462912.0
2011-11-07,9.19,9.28,9.15,9.15,7819096.0,71931936.0
2011-11-04,9.25,9.31,9.24,9.15,15499116.0,143337968.0
2011-11-03,9.29,9.33,9.17,9.16,16696888.0,154271648.0
2011-11-02,8.88,9.3,9.28,8.83,34071196.0,310397632.0
2011-11-01,8.86,9.12,8.99,8.83,22455810.0,202045440.0
2011-10-31,8.98,9.01,8.9,8.86,14490393.0,129197048.0
2011-10-28,9.02,9.12,8.98,8.91,24230144.0,218807264.0
2011-10-27,8.86,9.03,8.92,8.86,18080120.0,161726272.0
2011-10-26,8.89,9.02,8.88,8.86,25781476.0,230286672.0
2011-10-25,8.74,9.03,8.95,8.68,44314780.0,393660096.0
2011-10-24,8.4,8.85,8.73,8.35,37976040.0,327765952.0
2011-10-21,8.24,8.47,8.38,8.19,12929248.0,108378896.0
2011-10-20,8.32,8.33,8.23,8.16,8192750.0,67422928.0
2011-10-19,8.32,8.5,8.36,8.32,8717583.0,73167696.0
2011-10-18,8.46,8.47,8.33,8.31,7946027.0,66619268.0
2011-10-17,8.47,8.62,8.52,8.45,11343775.0,96851536.0
2011-10-14,8.48,8.54,8.49,8.34,9368701.0,78947616.0
2011-10-13,8.46,8.55,8.49,8.41,17523960.0,148319616.0
2011-10-12,8.0,8.51,8.48,7.99,28087718.0,235380240.0
2011-10-11,8.22,8.26,8.09,8.0,13719162.0,111503120.0
2011-10-10,8.11,8.15,7.92,7.9,8356630.0,66965296.0
2011-09-30,8.12,8.2,8.12,8.08,5099043.0,41499720.0
2011-09-29,8.05,8.17,8.1,8.01,6445214.0,52127708.0
2011-09-28,8.22,8.25,8.06,8.02,5864800.0,47688920.0
2011-09-27,8.22,8.24,8.15,8.14,6192343.0,50678648.0
2011-09-26,8.27,8.34,8.15,8.13,7229675.0,59362488.0
2011-09-23,8.24,8.4,8.3,8.21,10245191.0,84774256.0
2011-09-22,8.44,8.5,8.3,8.29,9403511.0,78706888.0
2011-09-21,8.3,8.54,8.49,8.24,12611409.0,106514600.0
2011-09-20,8.25,8.36,8.3,8.21,4687381.0,38796460.0
2011-09-19,8.35,8.35,8.25,8.22,6379346.0,52856804.0
2011-09-16,8.43,8.52,8.39,8.39,10645791.0,89997368.0
2011-09-15,8.35,8.46,8.39,8.32,16500211.0,138637936.0
2011-09-14,8.31,8.39,8.35,8.19,9722715.0,80730248.0
2011-09-13,8.2,8.34,8.29,8.16,6214063.0,51209920.0
2011-09-09,8.31,8.44,8.32,8.27,12704516.0,106187744.0
2011-09-08,8.33,8.39,8.24,8.22,14214280.0,118222392.0
2011-09-07,8.16,8.34,8.31,8.11,9154819.0,75394008.0
2011-09-06,8.02,8.2,8.12,8.02,7824891.0,63521420.0
2011-09-05,8.15,8.18,8.1,8.06,7848420.0,63669476.0
2011-09-02,8.26,8.34,8.21,8.16,13074517.0,107550848.0
2011-09-01,8.3,8.41,8.31,8.24,14119986.0,117792136.0
2011-08-31,8.3,8.35,8.27,8.17,13400259.0,110626872.0
2011-08-30,8.4,8.5,8.29,8.28,18641744.0,156335344.0
2011-08-29,8.41,8.43,8.32,8.26,20222724.0,168763616.0
2011-08-26,8.5,8.57,8.56,8.44,16754381.0,142572400.0
2011-08-25,8.23,8.6,8.58,8.21,40535912.0,343786496.0
2011-08-24,8.29,8.37,8.22,8.2,11457038.0,94935816.0
2011-08-23,8.08,8.26,8.25,8.06,11036076.0,90358232.0
2011-08-22,8.12,8.18,8.06,8.01,7736714.0,62596272.0
2011-08-19,8.03,8.15,8.11,8.0,12625109.0,101710232.0
2011-08-18,8.4,8.42,8.19,8.19,10305692.0,85661880.0
2011-08-17,8.34,8.44,8.35,8.33,8607663.0,72113504.0
2011-08-16,8.45,8.51,8.36,8.35,14715931.0,124024104.0
2011-08-15,8.24,8.5,8.48,8.18,22924180.0,191544656.0
2011-08-12,8.29,8.36,8.24,8.2,14220416.0,117686624.0
2011-08-11,7.99,8.32,8.29,7.96,19311640.0,158261392.0
2011-08-10,8.2,8.22,8.09,8.07,14322661.0,116777040.0
2011-08-09,7.95,8.12,8.08,7.78,17720734.0,141601680.0
2011-08-08,8.37,8.49,8.07,7.96,21557108.0,176453264.0
2011-08-05,8.41,8.49,8.45,8.38,15743588.0,132898760.0
2011-08-04,8.59,8.65,8.59,8.54,6571656.0,56454848.0
2011-08-03,8.48,8.65,8.58,8.45,8385518.0,71840400.0
2011-08-02,8.61,8.62,8.58,8.5,8698660.0,74360960.0
2011-08-01,8.7,8.75,8.68,8.65,9734099.0,84646776.0
2011-07-29,8.54,9.08,8.79,8.44,33930384.0,298340704.0
2011-07-28,8.55,8.56,8.53,8.46,6755514.0,57448040.0
2011-07-27,8.51,8.62,8.61,8.5,10824780.0,92895696.0
2011-07-26,8.56,8.58,8.55,8.49,7947196.0,67958560.0
2011-07-25,8.88,8.88,8.55,8.5,24434176.0,211003296.0
2011-07-22,8.92,8.96,8.91,8.88,9486563.0,84648832.0
2011-07-21,9.03,9.06,8.9,8.89,10184351.0,91173216.0
2011-07-20,9.1,9.14,9.03,8.98,11249792.0,101698008.0
2011-07-19,9.11,9.11,9.06,9.02,9424284.0,85313456.0
2011-07-18,9.22,9.24,9.15,9.12,11018966.0,101111976.0
2011-07-15,9.12,9.22,9.2,9.07,18298428.0,167623120.0
2011-07-14,9.06,9.14,9.14,9.05,14575592.0,132689744.0
2011-07-13,8.94,9.09,9.08,8.94,11879129.0,107362104.0
2011-07-12,9.05,9.05,8.94,8.93,14937046.0,134043168.0
2011-07-11,9.12,9.16,9.09,9.06,14341479.0,130705456.0
2011-07-08,9.05,9.22,9.16,9.03,21233700.0,194169104.0
2011-07-07,9.13,9.17,9.05,9.03,20233518.0,184122160.0
2011-07-06,9.13,9.13,9.05,9.0,19713976.0,178113008.0
2011-07-05,9.19,9.22,9.15,9.09,17842432.0,163146320.0
2011-07-04,9.09,9.21,9.2,9.01,33716184.0,308129280.0
2011-07-01,8.98,9.15,9.02,8.92,21609972.0,195204432.0
2011-06-30,8.88,9.06,8.97,8.87,17025220.0,152628736.0
2011-06-29,9.0,9.02,8.88,8.88,12984062.0,115972680.0
2011-06-28,9.04,9.06,9.0,8.94,12394587.0,111467440.0
2011-06-27,9.05,9.13,9.05,8.99,16705179.0,151246288.0
2011-06-24,8.81,9.15,9.09,8.81,27156796.0,244774896.0
2011-06-23,8.75,8.92,8.88,8.7,15138522.0,133364808.0
2011-06-22,8.79,8.81,8.76,8.67,12616060.0,110336824.0
2011-06-21,8.75,8.85,8.76,8.72,15372717.0,134669760.0
2011-06-20,8.69,8.74,8.73,8.65,7078595.0,61477880.0
2011-06-17,8.71,8.78,8.69,8.67,10121547.0,88372320.0
2011-06-16,8.82,8.83,8.71,8.7,11244737.0,98345232.0
2011-06-15,8.98,8.98,8.88,8.86,9164552.0,81533472.0
2011-06-14,9.02,9.2,9.16,9.0,18964656.0,173203200.0
2011-06-13,9.05,9.07,9.02,8.95,10941863.0,98479344.0
2011-06-10,9.04,9.11,9.09,8.98,15116118.0,136464192.0
2011-06-09,9.09,9.14,9.01,9.0,14082564.0,127668672.0
2011-06-08,9.13,9.14,9.1,9.01,15015742.0,136059424.0
2011-06-07,9.07,9.14,9.13,9.03,11164292.0,101528912.0
2011-06-03,9.09,9.14,9.12,9.0,17857950.0,162351872.0
2011-06-02,9.44,9.44,9.1,9.02,42636748.0,391398144.0
2011-06-01,9.6,9.6,9.54,9.48,20026464.0,190616608.0
2011-05-31,9.59,9.64,9.63,9.46,20062424.0,191642736.0
2011-05-30,9.59,9.68,9.55,9.51,13532382.0,129619032.0
2011-05-27,9.71,9.81,9.61,9.6,15733923.0,152585392.0
2011-05-25,9.85,9.89,9.7,9.69,13802331.0,134931648.0
2011-05-24,9.96,10.02,9.85,9.82,19358242.0,191447536.0
2011-05-23,10.2,10.21,9.98,9.95,15647162.0,157069520.0
2011-05-20,10.18,10.28,10.22,10.15,11015394.0,112651728.0
2011-05-19,10.25,10.26,10.16,10.14,9508452.0,96948424.0
2011-05-18,10.13,10.26,10.23,10.1,15190640.0,155205056.0
2011-05-17,10.05,10.29,10.16,10.01,21381660.0,217205408.0
2011-05-16,10.14,10.18,10.04,10.03,13580253.0,136988304.0
2011-05-13,10.06,10.2,10.18,9.99,16930152.0,170417888.0
2011-05-12,10.18,10.23,10.05,10.0,14333199.0,145546336.0
2011-05-11,10.31,10.31,10.23,10.2,11222865.0,114953456.0
2011-05-10,10.22,10.31,10.3,10.18,10787654.0,110686144.0
2011-05-09,10.24,10.29,10.22,10.18,11295635.0,115457176.0
2011-05-06,10.17,10.27,10.19,10.15,12154113.0,124143776.0
2011-05-05,10.24,10.35,10.24,10.18,18065728.0,185219696.0
2011-05-04,10.44,10.48,10.23,10.2,21094540.0,218044016.0
2011-05-03,10.58,10.58,10.5,10.39,35138872.0,367134176.0
2011-04-29,10.99,10.99,10.58,10.5,49371472.0,523713632.0
2011-04-28,11.12,11.45,11.06,11.04,33030930.0,371174624.0
2011-04-27,11.03,11.23,11.12,10.91,36533860.0,404749632.0
2011-04-26,10.89,11.12,11.03,10.87,29791836.0,328144288.0
2011-04-25,10.89,11.01,10.91,10.84,17713636.0,193280288.0
2011-04-22,11.13,11.13,10.97,10.85,25133392.0,275956896.0
2011-04-21,11.08,11.25,11.13,11.08,15657193.0,174565168.0
2011-04-20,11.19,11.24,11.05,11.01,21700874.0,240892112.0
2011-04-19,11.37,11.39,11.11,11.09,28938112.0,325015136.0
2011-04-18,11.43,11.6,11.44,11.35,18002586.0,206144016.0
2011-04-15,11.29,11.56,11.5,11.22,24029346.0,275039104.0
2011-04-14,11.5,11.55,11.32,11.3,31315684.0,357742208.0
2011-04-13,11.18,11.45,11.43,11.13,23245188.0,261687744.0
2011-04-12,11.28,11.45,11.22,11.13,26905544.0,302974464.0
2011-04-11,11.51,11.58,11.33,11.29,33188532.0,379556000.0
2011-04-08,11.53,11.61,11.54,11.43,24260820.0,279463776.0
2011-04-07,11.66,11.71,11.58,11.49,28612288.0,331117760.0
2011-04-06,11.33,11.75,11.62,11.32,56254364.0,654975872.0
2011-04-01,11.03,11.38,11.32,11.03,20575456.0,231675952.0
2011-03-31,11.39,11.45,11.07,11.0,27638004.0,308174144.0
2011-03-30,11.27,11.53,11.39,11.19,44965516.0,513008128.0
2011-03-29,11.18,11.5,11.33,11.06,49731868.0,563065088.0
2011-03-28,11.33,11.55,11.18,11.16,31290800.0,354438784.0
2011-03-25,11.1,11.3,11.23,11.07,28204236.0,316759808.0
2011-03-24,11.09,11.2,11.05,10.98,18020106.0,199386512.0
2011-03-23,10.95,11.26,11.09,10.93,29725220.0,329789152.0
2011-03-22,10.69,11.05,11.01,10.61,40898060.0,445395008.0
2011-03-21,10.6,10.71,10.64,10.57,17616988.0,187221008.0
2011-03-18,10.56,10.77,10.63,10.56,13891210.0,148407152.0
2011-03-17,10.6,10.66,10.54,10.39,19478596.0,205415728.0
2011-03-16,10.76,10.87,10.77,10.47,26044608.0,278319424.0
2011-03-15,10.9,10.94,10.75,10.58,21639532.0,231457088.0
2011-03-14,10.9,11.04,10.97,10.88,13694816.0,150119328.0
2011-03-11,10.94,11.17,10.98,10.91,18655554.0,205587904.0
2011-03-10,11.21,11.21,10.99,10.89,32815714.0,361914528.0
2011-03-09,11.36,11.49,11.28,11.2,25675692.0,291955744.0
2011-03-08,11.3,11.49,11.35,11.15,38576296.0,435716608.0
2011-03-07,11.25,11.65,11.28,11.2,63468792.0,724287296.0
2011-03-04,10.95,11.24,11.19,10.85,46106704.0,510091616.0
2011-03-03,10.7,11.27,10.98,10.58,85538632.0,939959552.0
2011-03-02,10.45,10.83,10.7,10.4,59398488.0,635692416.0
2011-03-01,10.44,10.63,10.53,10.39,24191276.0,254444288.0
2011-02-28,10.33,10.47,10.44,10.22,23544656.0,244024848.0
2011-02-25,10.3,10.44,10.33,10.16,17251688.0,177638464.0
2011-02-24,10.23,10.34,10.3,10.15,17052968.0,174741472.0
2011-02-23,10.22,10.35,10.26,10.18,15645380.0,160279072.0
2011-02-22,10.66,10.68,10.28,10.25,31586120.0,328376928.0
2011-02-21,10.51,10.66,10.64,10.4,28255468.0,297552576.0
2011-02-18,10.65,10.84,10.67,10.52,29104580.0,310707264.0
2011-02-17,10.5,11.01,10.69,10.5,51677136.0,554050624.0
2011-02-16,10.41,10.52,10.48,10.35,23886688.0,248615616.0
2011-02-15,10.5,10.61,10.42,10.41,42827456.0,450334336.0
2011-02-14,10.21,10.54,10.5,10.2,47332344.0,492426336.0
2011-02-11,10.15,10.21,10.18,10.07,18259746.0,184872784.0
2011-02-10,10.01,10.2,10.19,10.01,10576715.0,106959376.0
2011-02-09,10.18,10.29,10.05,9.9,14426003.0,146187712.0
2011-02-01,10.23,10.28,10.24,10.15,10453573.0,106795200.0
2011-01-31,10.21,10.29,10.23,10.14,9167624.0,93653768.0
2011-01-28,10.34,10.37,10.21,10.14,12893492.0,131825120.0
2011-01-27,10.2,10.44,10.38,10.11,20016162.0,205881504.0
2011-01-26,10.26,10.31,10.29,10.19,10995877.0,112866352.0
2011-01-25,10.13,10.34,10.25,10.1,16851802.0,172633600.0
2011-01-24,10.13,10.23,10.11,10.01,12930644.0,131011168.0
2011-01-21,9.88,10.35,10.08,9.87,16885846.0,170844880.0
2011-01-20,10.15,10.15,9.87,9.85,13309855.0,132467872.0
2011-01-19,10.01,10.17,10.15,9.92,12566933.0,126457968.0
2011-01-18,9.95,10.09,10.01,9.9,12160376.0,121651664.0
2011-01-17,10.3,10.39,9.99,9.9,24046604.0,243848752.0
2011-01-14,10.52,10.56,10.41,10.3,18346932.0,191171504.0
2011-01-13,10.7,10.74,10.58,10.53,21076188.0,223912496.0
2011-01-12,10.55,10.7,10.68,10.42,28734682.0,304204416.0
2011-01-11,10.22,10.65,10.54,10.21,27158184.0,283728192.0
2011-01-10,10.5,10.62,10.31,10.3,31494826.0,329674080.0
2011-01-07,10.12,10.73,10.63,10.05,90443336.0,951617792.0
2011-01-06,10.03,10.15,10.12,10.0,16755004.0,168935504.0
2011-01-05,10.08,10.2,10.07,10.04,26212052.0,265394400.0
2011-01-04,10.0,10.17,10.15,9.88,46647996.0,469511072.0
