date,open,high,close,low,volume,amount
2015-12-31,10.6,10.74,10.53,10.51,58657615.0,622358413.0
2015-12-30,10.64,10.69,10.63,10.41,62181782.0,656103505.0
2015-12-29,10.43,10.7,10.69,10.34,75704363.0,797862967.0
2015-12-28,10.9,11.04,10.45,10.37,151841886.0,1615353535.0
2015-12-25,10.94,11.18,10.98,10.76,130515341.0,1434044810.0
2015-12-24,10.47,11.04,10.99,10.38,226433584.0,2431660800.0
2015-12-23,10.44,10.75,10.49,10.33,135710144.0,1428147200.0
2015-12-22,10.45,10.58,10.39,10.3,103812320.0,1081191270.0
2015-12-21,10.11,10.68,10.48,10.07,232995888.0,2426997760.0
2015-12-18,10.1,10.58,10.23,10.06,161335488.0,1667957504.0
2015-12-17,10.14,10.23,10.17,10.01,99422032.0,1006480000.0
2015-12-16,10.19,10.22,10.03,9.99,82157216.0,826626944.0
2015-12-15,10.36,10.38,10.16,10.11,107563000.0,1096337920.0
2015-12-14,10.08,10.48,10.38,9.97,122779856.0,1256466816.0
2015-12-11,10.06,10.28,10.15,9.93,88747632.0,897985984.0
2015-12-10,10.08,10.48,10.06,10.02,120737088.0,1239569536.0
2015-12-09,9.95,10.42,10.15,9.95,168451861.0,1720008705.0
2015-12-08,9.95,10.04,9.9,9.84,96319032.0,954642880.0
2015-12-07,9.95,10.25,10.03,9.91,96458473.0,972449776.0
2015-12-04,10.07,10.11,9.96,9.92,133952704.0,1339156480.0
2015-12-03,10.06,10.5,10.23,9.9,305777080.0,3123393822.0
2015-12-02,9.26,10.18,10.18,9.21,344488992.0,3423588096.0
2015-12-01,9.29,9.34,9.26,9.14,57683597.0,531430228.0
2015-11-30,9.17,9.37,9.27,9.08,90618984.0,833753856.0
2015-11-27,9.52,9.55,9.15,9.09,86690392.0,808490176.0
2015-11-26,9.65,9.71,9.52,9.5,93550912.0,898370368.0
2015-11-25,9.65,9.77,9.6,9.5,134498688.0,1296046208.0
2015-11-24,9.74,9.79,9.65,9.62,175961520.0,1704179968.0
2015-11-23,9.85,9.98,9.79,9.67,117012768.0,1150239360.0
2015-11-20,9.7,10.02,9.87,9.65,320967680.0,3178027776.0
2015-11-19,9.65,9.65,9.65,9.65,109440160.0,1056097536.0
2015-10-08,8.79,8.89,8.77,8.75,68815752.0,605971072.0
2015-09-30,8.58,8.67,8.61,8.54,45163552.0,389467616.0
2015-09-29,8.54,8.62,8.56,8.51,40552668.0,347665408.0
2015-09-28,8.6,8.63,8.6,8.52,26989916.0,231553200.0
2015-09-25,8.57,8.7,8.66,8.47,65309420.0,560346944.0
2015-09-24,8.56,8.68,8.6,8.55,46363440.0,398825408.0
2015-09-23,8.66,8.71,8.56,8.55,65667860.0,566091584.0
2015-09-22,8.6,8.88,8.73,8.58,98348944.0,862051456.0
2015-09-21,8.53,8.63,8.62,8.48,72454016.0,619689920.0
2015-09-18,8.75,8.86,8.6,8.53,133765064.0,1155616768.0
2015-09-17,8.81,8.95,8.7,8.7,104129888.0,920974912.0
2015-09-16,8.72,9.09,8.91,8.61,128126520.0,1126956160.0
2015-09-15,8.67,8.79,8.75,8.56,166619952.0,1450935808.0
2015-09-14,8.68,8.87,8.83,8.26,279026080.0,2414403840.0
2015-09-11,8.69,8.79,8.66,8.62,96700064.0,841309888.0
2015-09-10,8.65,8.81,8.74,8.61,169805536.0,1480416640.0
2015-09-09,8.65,8.84,8.73,8.6,221147312.0,1925539584.0
2015-09-08,8.45,8.8,8.67,8.43,164229184.0,1420407296.0
2015-09-07,8.7,8.84,8.5,8.4,196616128.0,1701699712.0
2015-09-02,8.63,9.08,8.88,8.52,424421984.0,3750899456.0
2015-09-01,9.03,9.28,8.91,8.86,331775488.0,3005528576.0
2015-08-31,8.45,9.44,9.4,8.45,426524448.0,3783258112.0
2015-08-28,8.75,8.85,8.72,8.44,426168928.0,3689559808.0
2015-08-27,7.84,8.56,8.56,7.68,368667712.0,2981051904.0
2015-08-26,7.31,7.85,7.78,7.29,368350592.0,2818469376.0
2015-08-25,7.0,7.5,7.14,7.0,348061664.0,2525970944.0
2015-08-24,7.83,7.84,7.24,7.22,353374240.0,2617627392.0
2015-08-21,8.16,8.29,8.02,8.01,133489128.0,1089257600.0
2015-08-20,8.34,8.41,8.25,8.21,101200760.0,841450112.0
2015-08-19,8.35,8.45,8.42,8.13,150408976.0,1248546176.0
2015-08-18,8.76,8.9,8.4,8.38,165512096.0,1439432832.0
2015-08-17,8.84,8.85,8.76,8.71,111820520.0,978947136.0
2015-08-14,8.91,8.94,8.88,8.86,89589936.0,797611136.0
2015-08-13,8.85,8.99,8.91,8.79,107191424.0,950976256.0
2015-08-12,8.98,9.01,8.89,8.89,123071672.0,1100992512.0
2015-08-11,9.2,9.24,9.08,8.99,156383264.0,1427265152.0
2015-08-10,9.07,9.29,9.27,8.98,171177184.0,1566323968.0
2015-08-07,8.99,9.15,9.04,8.94,111958928.0,1013141696.0
2015-08-06,8.85,9.02,8.93,8.81,83871024.0,749045056.0
2015-08-05,9.01,9.06,8.9,8.9,101668328.0,912534720.0
2015-08-04,8.9,9.07,9.05,8.87,115847360.0,1040099776.0
2015-08-03,8.73,8.98,8.96,8.66,195120384.0,1717091584.0
2015-07-31,8.77,8.88,8.78,8.64,146934512.0,1283190144.0
2015-07-30,9.04,9.08,8.82,8.81,123968952.0,1111394944.0
2015-07-29,9.0,9.06,9.04,8.83,147012368.0,1312486784.0
2015-07-28,8.77,9.25,8.95,8.77,237476928.0,2126477184.0
2015-07-27,9.9,9.9,8.95,8.95,272539264.0,2582692608.0
2015-07-24,10.14,10.19,9.94,9.92,157831056.0,1590103936.0
2015-07-23,9.97,10.19,10.13,9.95,165644048.0,1671531904.0
2015-07-22,10.0,10.13,9.97,9.95,143613968.0,1440456960.0
2015-07-21,10.16,10.17,10.03,10.0,174292528.0,1753569792.0
2015-07-20,10.43,10.44,10.24,10.21,196018624.0,2018328704.0
2015-07-17,10.55,10.64,10.5,10.33,155760672.0,1630560896.0
2015-07-16,12.93,12.99,12.72,12.57,179709376.0,2293727488.0
2015-07-15,12.61,12.97,12.93,12.51,296130592.0,3792858624.0
2015-07-14,12.83,12.97,12.67,12.43,262669632.0,3341047040.0
2015-07-13,12.9,13.35,13.03,12.63,330257344.0,4293472512.0
2015-07-10,12.2,13.49,13.13,12.1,486928704.0,6358262784.0
2015-07-09,11.41,12.51,12.39,10.75,444650848.0,5247822336.0
2015-07-08,11.8,12.69,11.41,11.34,653577728.0,7784416256.0
2015-07-07,12.18,12.8,12.6,11.75,557011904.0,6880110080.0
2015-07-06,12.69,12.69,12.39,11.9,503835456.0,6157409280.0
2015-07-03,12.09,12.55,11.56,11.31,303040448.0,3630659072.0
2015-07-02,12.66,12.89,12.24,11.68,301125888.0,3746199296.0
2015-07-01,13.01,13.21,12.61,12.55,252467840.0,3285141504.0
2015-06-30,12.47,13.42,13.32,12.35,415025312.0,5359220736.0
2015-06-29,12.95,13.11,12.59,11.61,375048416.0,4744542208.0
2015-06-26,13.29,13.68,12.72,12.28,388738464.0,5029382656.0
2015-06-25,14.45,14.46,13.64,13.42,376150432.0,5309383680.0
2015-06-24,13.86,13.98,13.95,13.4,301485152.0,4123939840.0
2015-06-23,13.5,13.88,13.86,13.07,214856576.0,2917830144.0
2015-06-19,13.92,14.16,13.52,13.4,251329952.0,3481946880.0
2015-06-18,14.32,14.35,14.0,13.95,219766656.0,3102078976.0
2015-06-17,14.59,14.64,14.45,14.25,258008224.0,3729144064.0
2015-06-16,14.4,14.7,14.27,14.06,244190784.0,3516201216.0
2015-06-15,14.82,15.01,14.51,14.48,304616928.0,4494376960.0
2015-06-12,14.79,14.86,14.76,14.46,270936416.0,3970377216.0
2015-06-11,15.08,15.18,14.79,14.52,280647488.0,4151106560.0
2015-06-10,14.83,15.2,14.95,14.72,324408384.0,4852172800.0
2015-06-09,15.35,15.77,15.11,14.78,522728160.0,7979666944.0
2015-06-08,14.22,15.4,15.39,14.05,723485888.0,10786102272.0
2015-06-05,14.41,14.55,14.0,13.61,517746912.0,7278493184.0
2015-06-04,13.45,14.17,14.02,13.16,653695104.0,8980154368.0
2015-06-03,13.2,13.51,13.39,12.96,390452800.0,5161725440.0
2015-06-02,13.15,13.35,13.23,12.98,264336752.0,3469659648.0
2015-06-01,12.68,13.35,13.29,12.52,395834272.0,5117702656.0
2015-05-29,12.92,13.01,12.73,12.48,350070656.0,4453407744.0
2015-05-28,13.57,13.65,12.98,12.81,413558784.0,5540343296.0
2015-05-27,13.72,13.87,13.57,13.47,342358528.0,4663077888.0
2015-05-26,13.75,13.8,13.69,13.47,266146912.0,3623040000.0
2015-05-25,13.5,13.84,13.72,13.5,336320992.0,4588777472.0
2015-05-22,13.1,13.45,13.39,13.01,334160672.0,4449126400.0
2015-05-21,13.0,13.05,12.97,12.85,161509408.0,2091181056.0
2015-05-20,13.02,13.2,13.02,12.84,255924896.0,3329479936.0
2015-05-19,12.56,13.16,13.02,12.52,232758768.0,3002384384.0
2015-05-18,12.9,13.08,12.6,12.5,256451296.0,3271629312.0
2015-05-15,13.2,13.36,13.09,12.95,221917472.0,2907561216.0
2015-05-14,13.35,13.58,13.37,13.11,289496928.0,3869889024.0
2015-05-13,13.63,13.64,13.31,13.05,371975968.0,4959936512.0
2015-05-12,13.55,13.58,13.55,13.26,447235680.0,5993576448.0
2015-05-11,13.4,13.69,13.64,12.97,419834016.0,5568751616.0
2015-05-08,13.78,13.88,13.47,13.07,276677056.0,3710739200.0
2015-05-07,13.0,13.6,13.47,12.9,336284768.0,4485528576.0
2015-05-06,12.85,13.81,13.18,12.8,414268544.0,5487329792.0
2015-05-05,13.32,13.45,12.79,12.55,304948320.0,3963932416.0
2015-05-04,13.08,13.59,13.57,12.8,396865472.0,5279684608.0
2015-04-30,13.0,13.98,12.99,12.8,572502272.0,7582526464.0
2015-04-27,12.05,12.94,12.9,12.02,658470784.0,8224653824.0
2015-04-24,12.0,12.12,11.93,11.8,211807136.0,2531930624.0
2015-04-23,12.44,12.45,12.24,12.12,256258720.0,3145527808.0
2015-04-22,12.37,12.46,12.43,12.23,265009376.0,3275148544.0
2015-04-21,12.08,12.37,12.28,12.01,212763632.0,2588618752.0
2015-04-20,12.7,12.74,12.07,12.05,375349824.0,4640885248.0
2015-04-17,12.92,12.97,12.66,12.52,324460064.0,4124917504.0
2015-04-16,12.39,12.7,12.68,12.19,351380800.0,4361890304.0
2015-04-15,12.01,12.9,12.59,11.95,451941088.0,5621636608.0
2015-04-14,12.19,12.22,12.05,11.99,230731456.0,2789156096.0
2015-04-13,12.29,12.37,12.31,11.94,334506752.0,4065002752.0
2015-04-10,11.6,12.01,11.97,11.49,358125696.0,4217856512.0
2015-04-09,11.74,12.07,11.62,11.48,370316768.0,4332267008.0
2015-04-08,11.28,11.76,11.75,11.24,466334048.0,5363244544.0
2015-04-07,11.29,11.38,11.27,11.15,365182624.0,4107752192.0
2015-04-03,10.82,11.19,11.07,10.79,218093040.0,2395983360.0
2015-04-02,11.03,11.06,10.89,10.81,151041568.0,1648997120.0
2015-04-01,10.91,11.03,10.94,10.84,203235584.0,2221289472.0
2015-03-31,11.23,11.37,10.91,10.87,262556240.0,2925659136.0
2015-03-30,10.89,11.17,11.1,10.8,255096960.0,2807423232.0
2015-03-27,10.8,10.95,10.79,10.66,153219008.0,1653480320.0
2015-03-26,10.78,11.07,10.88,10.63,175389872.0,1904389504.0
2015-03-25,11.11,11.12,10.86,10.81,144875216.0,1588018304.0
2015-03-24,11.2,11.26,11.18,11.07,175811008.0,1960096128.0
2015-03-23,11.18,11.26,11.2,11.11,181116720.0,2026819968.0
2015-03-20,11.03,11.32,11.14,10.93,202585760.0,2250289408.0
2015-03-19,11.19,11.19,11.03,11.0,141489280.0,1565585152.0
2015-03-18,11.07,11.27,11.2,11.04,215838768.0,2404743680.0
2015-03-17,11.1,11.17,11.09,10.92,247645280.0,2729321216.0
2015-03-16,11.19,11.25,11.07,10.9,305252544.0,3360371712.0
2015-03-13,11.1,11.53,11.06,10.87,221096880.0,2474203136.0
2015-03-12,10.74,11.5,11.08,10.6,311925696.0,3462622976.0
2015-03-11,10.4,10.77,10.47,10.39,117527768.0,1239885696.0
2015-03-10,10.6,10.72,10.38,10.36,179494288.0,1883588224.0
2015-03-09,9.9,10.88,10.8,9.89,269033792.0,2834546944.0
2015-03-06,9.85,10.01,9.89,9.85,48251480.0,479016960.0
2015-03-05,9.9,9.99,9.85,9.77,63235344.0,624080960.0
2015-03-04,10.12,10.14,10.02,9.94,58373520.0,585684096.0
2015-03-03,10.36,10.41,10.05,10.01,81603008.0,828796096.0
2015-03-02,10.49,10.51,10.45,10.35,77800400.0,811275584.0
2015-02-27,10.41,10.74,10.44,10.38,86835888.0,916059904.0
2015-02-26,10.02,10.49,10.47,10.02,114576280.0,1178577152.0
2015-02-25,10.12,10.23,10.1,9.99,84154760.0,852363200.0
2015-02-17,10.09,10.2,10.12,10.09,51282484.0,520061600.0
2015-02-16,10.07,10.1,10.07,9.96,48501020.0,486016096.0
2015-02-13,10.08,10.23,10.07,9.96,85994056.0,869115072.0
2015-02-12,10.1,10.15,10.0,9.92,72315312.0,724668608.0
2015-02-11,9.86,9.92,9.85,9.79,35762592.0,352248032.0
2015-02-10,9.68,9.88,9.86,9.64,58689944.0,574996928.0
2015-02-09,9.6,9.83,9.7,9.41,74636464.0,719188416.0
2015-02-06,9.95,10.07,9.66,9.5,101549664.0,1001271744.0
2015-02-05,10.6,10.66,10.0,9.98,187501824.0,1951201024.0
2015-02-04,10.25,10.3,10.04,10.02,64146952.0,652572224.0
2015-02-03,10.18,10.25,10.23,9.99,79443368.0,803764096.0
2015-02-02,10.1,10.24,10.04,10.01,74125648.0,749874752.0
2015-01-30,10.34,10.55,10.37,10.18,123843960.0,1286084096.0
2015-01-29,10.18,10.27,10.17,10.09,65416680.0,665161792.0
2015-01-28,10.33,10.54,10.31,10.23,83388696.0,863442560.0
2015-01-27,10.73,10.76,10.44,10.3,106830664.0,1118844928.0
2015-01-26,10.74,10.78,10.72,10.53,81321072.0,863590208.0
2015-01-23,10.75,11.0,10.75,10.68,133220792.0,1443678336.0
2015-01-22,10.85,10.86,10.7,10.53,133342776.0,1428434048.0
2015-01-21,10.32,10.99,10.88,10.22,172298576.0,1829369472.0
2015-01-20,10.3,10.65,10.29,10.0,196085296.0,2024205440.0
2015-01-19,10.75,11.1,10.38,10.38,182072160.0,1944265472.0
2015-01-16,11.36,11.86,11.53,11.31,229103456.0,2658890240.0
2015-01-15,10.87,11.45,11.41,10.68,186394000.0,2063766272.0
2015-01-14,10.91,11.16,10.91,10.73,135232048.0,1483940352.0
2015-01-13,10.88,10.98,10.81,10.67,113934520.0,1233658368.0
2015-01-12,10.6,11.13,10.94,10.39,258231424.0,2778414080.0
2015-01-09,10.25,11.29,10.72,10.2,322999840.0,3521086976.0
2015-01-08,10.61,10.75,10.26,10.2,116160512.0,1204975872.0
2015-01-07,10.69,10.78,10.6,10.45,148957984.0,1580696960.0
2015-01-06,10.85,11.21,10.82,10.7,184284064.0,2011730176.0
2015-01-05,11.03,11.18,11.03,10.66,211180736.0,2310126080.0
2014-12-31,10.9,11.1,10.93,10.67,228669744.0,2498162944.0
2014-12-30,10.24,10.68,10.65,10.18,179121952.0,1884819584.0
2014-12-29,10.68,10.86,10.26,10.1,190880592.0,2013541888.0
2014-12-26,10.06,10.4,10.35,9.97,164684976.0,1679009024.0
2014-12-25,9.83,10.16,10.05,9.63,135330096.0,1342940288.0
2014-12-24,9.99,10.08,9.58,9.4,123187744.0,1195355520.0
2014-12-23,10.26,10.47,9.97,9.93,134827216.0,1374305536.0
2014-12-22,10.2,10.86,10.43,10.07,233438912.0,2454071552.0
2014-12-19,10.04,10.22,10.09,9.82,133789072.0,1346030464.0
2014-12-18,10.33,10.38,10.02,9.85,151872640.0,1533006592.0
2014-12-17,9.7,10.61,10.3,9.57,291049888.0,2938160640.0
2014-12-16,9.25,9.66,9.65,9.2,124743744.0,1180757888.0
2014-12-15,9.36,9.36,9.25,9.1,79567536.0,732557312.0
2014-12-12,9.6,9.8,9.44,9.41,96904640.0,928966208.0
2014-12-11,9.5,9.89,9.57,9.4,138017376.0,1333569280.0
2014-12-10,9.1,9.7,9.6,8.9,168436512.0,1563950976.0
2014-12-09,9.9,10.18,9.11,9.0,226719072.0,2214322432.0
2014-12-08,9.68,10.22,10.0,9.57,221166672.0,2191624704.0
2014-12-05,9.79,10.34,9.92,9.49,296462176.0,2930012928.0
2014-12-04,9.28,9.76,9.75,9.14,242104768.0,2295260672.0
2014-12-03,9.35,9.6,9.25,9.1,218072992.0,2044704000.0
2014-12-02,8.82,9.5,9.35,8.77,239519152.0,2198870272.0
2014-12-01,9.16,9.51,8.92,8.9,220575600.0,2019294976.0
2014-11-28,8.48,9.3,9.18,8.44,282893152.0,2519523840.0
2014-11-27,8.47,8.63,8.52,8.37,116662880.0,991895104.0
2014-11-26,8.26,8.54,8.42,8.22,104078024.0,871155520.0
2014-11-25,8.21,8.32,8.24,8.06,61167096.0,501001536.0
2014-11-24,8.07,8.37,8.22,7.98,101360672.0,830578048.0
2014-11-21,8.0,8.22,8.2,7.99,48431808.0,393012224.0
2014-11-20,8.0,8.11,8.03,7.95,35827536.0,288144512.0
2014-11-19,8.11,8.14,8.06,7.96,39864336.0,320405248.0
2014-11-18,8.18,8.22,8.1,8.06,36826960.0,299636960.0
2014-11-17,8.26,8.4,8.18,8.16,36991900.0,305273216.0
2014-11-14,8.37,8.44,8.26,8.16,47576460.0,392364096.0
2014-11-13,8.49,8.64,8.39,8.37,59716496.0,507036384.0
2014-11-12,8.44,8.49,8.48,8.27,52183092.0,437132192.0
2014-11-11,8.38,8.71,8.45,8.33,149361040.0,1276068736.0
2014-11-10,8.3,8.42,8.34,8.17,75927488.0,628876160.0
2014-11-07,8.13,8.48,8.17,8.09,104900816.0,867421248.0
2014-11-06,8.14,8.16,8.13,8.08,38444736.0,312481152.0
2014-11-05,8.19,8.23,8.1,8.07,58153728.0,472334016.0
2014-11-04,8.21,8.27,8.2,8.14,57378192.0,470643744.0
2014-11-03,8.4,8.5,8.3,8.23,83788720.0,697732672.0
2014-10-31,8.0,8.75,8.43,7.97,180841664.0,1510772480.0
2014-10-30,7.85,8.04,7.98,7.81,40879440.0,323740224.0
2014-10-29,7.76,7.94,7.85,7.71,30530224.0,238617968.0
2014-10-28,7.62,7.75,7.74,7.61,19888984.0,152317808.0
2014-10-27,7.72,7.77,7.62,7.6,18004528.0,137977072.0
2014-10-24,7.78,7.85,7.75,7.72,15800758.0,122845328.0
2014-10-23,7.77,7.91,7.78,7.75,26195730.0,205299024.0
2014-10-22,7.71,7.84,7.76,7.7,21885128.0,170414624.0
2014-10-21,7.78,7.82,7.71,7.7,16939836.0,131284112.0
2014-10-20,7.81,7.88,7.79,7.76,15517357.0,121052040.0
2014-10-17,7.87,7.89,7.79,7.74,24823132.0,193703360.0
2014-10-16,7.8,8.05,7.86,7.77,42666172.0,337683968.0
2014-10-15,7.75,7.87,7.84,7.72,17362880.0,135378864.0
2014-10-14,7.79,7.86,7.76,7.71,21521484.0,167513472.0
2014-10-13,7.95,7.95,7.82,7.7,32696172.0,254999248.0
2014-10-10,8.02,8.08,8.02,7.97,31643484.0,253886304.0
2014-10-09,8.0,8.11,8.08,7.98,41558456.0,335174336.0
2014-10-08,8.01,8.03,8.01,7.94,29962802.0,239115392.0
2014-09-30,7.99,8.06,8.03,7.96,36334936.0,291584512.0
2014-09-29,7.95,8.03,8.02,7.92,34808712.0,278160928.0
2014-09-26,7.97,8.0,7.97,7.88,21817054.0,173308112.0
2014-09-25,8.19,8.22,7.99,7.95,53021968.0,426111552.0
2014-09-24,8.0,8.19,8.14,8.0,60496784.0,491849792.0
2014-09-23,7.84,8.12,8.09,7.83,54429604.0,437068128.0
2014-09-22,7.91,8.0,7.86,7.78,43337112.0,342860960.0
2014-09-19,7.9,8.03,7.98,7.83,53801744.0,426431520.0
2014-09-18,7.82,8.13,7.9,7.79,84203640.0,669435200.0
2014-09-17,7.82,7.9,7.87,7.75,58515888.0,458294400.0
2014-09-16,7.81,7.84,7.7,7.69,68814000.0,535168992.0
2014-09-15,7.6,7.83,7.8,7.58,49361016.0,381584960.0
2014-09-12,7.6,7.68,7.68,7.55,23977500.0,182593840.0
2014-09-11,7.62,7.76,7.61,7.54,42444776.0,324954432.0
2014-09-10,7.66,7.68,7.65,7.6,28341894.0,216529280.0
2014-09-09,7.91,7.94,7.71,7.65,57640160.0,446156672.0
2014-09-05,7.89,7.97,7.91,7.82,59788200.0,472710816.0
2014-09-04,7.72,7.93,7.89,7.67,68309224.0,532267104.0
2014-09-03,7.5,7.85,7.71,7.49,87798856.0,678683648.0
2014-09-02,7.35,7.51,7.48,7.3,65320792.0,483400960.0
2014-09-01,7.32,7.4,7.36,7.3,50958092.0,375583616.0
2014-08-29,7.23,7.39,7.33,7.2,50154660.0,367499104.0
2014-08-28,7.28,7.3,7.18,7.17,48314224.0,350191008.0
2014-08-27,7.18,7.35,7.33,7.16,66560972.0,484366976.0
2014-08-26,7.06,7.22,7.19,7.05,68729568.0,492493952.0
2014-08-25,7.13,7.13,7.07,7.06,28063244.0,199488176.0
2014-08-22,7.0,7.14,7.14,6.99,37970020.0,269253344.0
2014-08-21,7.05,7.06,7.0,6.95,26744114.0,187031040.0
2014-08-20,7.09,7.1,7.06,7.04,23538226.0,166213952.0
2014-08-19,7.11,7.13,7.09,7.05,24124428.0,170959184.0
2014-08-18,7.09,7.16,7.1,7.08,31019068.0,220555248.0
2014-08-15,7.06,7.11,7.08,7.03,28424944.0,201003808.0
2014-08-14,7.12,7.15,7.06,7.05,28870372.0,204689888.0
2014-08-13,7.15,7.18,7.12,7.07,25927416.0,184571872.0
2014-08-12,7.24,7.25,7.15,7.11,32420866.0,232027200.0
2014-08-11,7.23,7.27,7.25,7.2,21328564.0,154548816.0
2014-08-08,7.2,7.22,7.2,7.15,20018388.0,143759216.0
2014-08-07,7.3,7.31,7.18,7.17,35203960.0,253831216.0
2014-08-06,7.29,7.31,7.31,7.2,31171284.0,226189088.0
2014-08-05,7.4,7.4,7.33,7.28,32083284.0,235305440.0
2014-08-04,7.25,7.41,7.39,7.24,40371104.0,296062560.0
2014-08-01,7.34,7.43,7.28,7.27,64213272.0,473434240.0
2014-07-31,7.23,7.36,7.35,7.18,50534480.0,368033344.0
2014-07-30,7.29,7.36,7.22,7.17,50466752.0,365966432.0
2014-07-29,7.29,7.38,7.31,7.27,72444288.0,530688032.0
2014-07-28,7.07,7.42,7.26,7.07,116903032.0,856935552.0
2014-07-25,7.01,7.1,7.07,6.9,57560256.0,403814400.0
2014-07-24,6.74,7.13,6.97,6.73,88051496.0,613439104.0
2014-07-23,6.73,6.77,6.74,6.7,25671360.0,172924624.0
2014-07-22,6.69,6.8,6.73,6.66,22741558.0,153216640.0
2014-07-21,6.77,6.78,6.71,6.7,16687526.0,112170960.0
2014-07-18,6.79,6.8,6.77,6.73,26344024.0,178289312.0
2014-07-17,6.69,6.8,6.79,6.68,31487756.0,213299104.0
2014-07-16,8.19,8.29,8.21,8.18,34310780.0,283017024.0
2014-07-15,8.25,8.28,8.19,8.17,23305724.0,191306064.0
2014-07-14,8.23,8.3,8.26,8.21,15852703.0,130897480.0
2014-07-11,8.13,8.27,8.23,8.13,18221068.0,149852064.0
2014-07-10,8.08,8.15,8.13,8.07,19807004.0,160609936.0
2014-07-09,8.22,8.25,8.07,8.05,21707220.0,176931248.0
2014-07-08,8.2,8.26,8.24,8.18,16604676.0,136553088.0
2014-07-07,8.2,8.22,8.22,8.15,12790166.0,104711384.0
2014-07-04,8.17,8.22,8.2,8.13,19632224.0,160793536.0
2014-07-03,8.12,8.18,8.17,8.11,20192460.0,164681360.0
2014-07-02,8.1,8.12,8.1,8.07,14517992.0,117613336.0
2014-07-01,8.08,8.11,8.09,8.06,18112216.0,146541952.0
2014-06-30,8.0,8.06,8.06,7.99,20403868.0,164037568.0
2014-06-27,8.03,8.05,8.0,7.98,22096876.0,177313616.0
2014-06-26,8.05,8.1,8.03,8.01,22668114.0,182785472.0
2014-06-25,8.01,8.06,8.05,7.97,17750858.0,142188768.0
2014-06-24,7.96,8.03,8.0,7.94,17985916.0,143886176.0
2014-06-23,7.94,8.0,7.95,7.92,16101148.0,128143688.0
2014-06-20,7.9,7.97,7.95,7.82,24499628.0,193704192.0
2014-06-19,7.91,7.97,7.88,7.84,23308626.0,184626304.0
2014-06-18,8.0,8.02,7.91,7.89,14907509.0,118632160.0
2014-06-17,8.08,8.08,8.0,7.96,19456824.0,155792704.0
2014-06-16,8.06,8.12,8.1,8.02,26378464.0,212988944.0
2014-06-13,7.96,8.12,8.09,7.93,32759654.0,264044192.0
2014-06-12,7.99,8.04,7.98,7.94,12720638.0,101568848.0
2014-06-11,7.94,8.03,7.99,7.93,19421452.0,155174624.0
2014-06-10,7.91,7.99,7.96,7.86,20973404.0,166504608.0
2014-06-09,7.9,8.02,7.89,7.88,24568938.0,195472128.0
2014-06-06,7.95,7.98,7.92,7.84,23825522.0,188737680.0
2014-06-05,7.77,7.96,7.94,7.74,23653032.0,186248960.0
2014-06-04,7.84,7.86,7.77,7.72,18153440.0,140947264.0
2014-06-03,7.88,7.91,7.84,7.83,14351243.0,112957488.0
2014-05-30,7.88,7.9,7.85,7.78,27073374.0,212570848.0
2014-05-29,7.88,7.94,7.88,7.86,34876028.0,275831680.0
2014-05-28,7.8,7.89,7.88,7.77,25418796.0,199359616.0
2014-05-27,7.8,7.86,7.82,7.75,26332344.0,205809056.0
2014-05-26,7.78,7.82,7.8,7.75,27143500.0,211603584.0
2014-05-23,7.65,7.75,7.73,7.64,18892218.0,145656768.0
2014-05-22,7.64,7.74,7.66,7.61,31425800.0,241550608.0
2014-05-20,7.59,7.61,7.59,7.55,21018868.0,159332576.0
2014-05-19,7.62,7.62,7.58,7.52,33818464.0,256006272.0
2014-05-16,7.56,7.67,7.64,7.56,32229106.0,246065024.0
2014-05-15,7.6,7.66,7.56,7.55,23046580.0,175520272.0
2014-05-14,7.55,7.63,7.61,7.54,23659050.0,179771696.0
2014-05-13,7.58,7.6,7.56,7.52,19309172.0,145998784.0
2014-05-12,7.5,7.61,7.58,7.47,40897260.0,308756800.0
2014-05-09,7.46,7.48,7.45,7.39,22834252.0,169923520.0
2014-05-08,7.47,7.54,7.47,7.44,24832414.0,185903200.0
2014-05-07,7.51,7.51,7.46,7.44,20857616.0,155834608.0
2014-05-06,7.48,7.56,7.5,7.48,17922268.0,134747680.0
2014-05-05,7.58,7.59,7.51,7.48,24774544.0,186274112.0
2014-04-30,7.65,7.67,7.62,7.57,24560684.0,186919104.0
2014-04-29,7.54,7.64,7.62,7.5,37386168.0,283017792.0
2014-04-28,7.54,7.64,7.6,7.51,32922908.0,249288672.0
2014-04-25,7.56,7.68,7.54,7.5,31904060.0,242574272.0
2014-04-24,7.53,7.59,7.53,7.5,16211131.0,122390952.0
2014-04-23,7.54,7.61,7.53,7.5,26017692.0,196315104.0
2014-04-22,7.45,7.57,7.55,7.44,23458490.0,175933728.0
2014-04-21,7.55,7.61,7.46,7.45,31718042.0,239090656.0
2014-04-18,7.6,7.62,7.58,7.52,27013400.0,204130944.0
2014-04-17,7.73,7.73,7.62,7.62,17816684.0,136352960.0
2014-04-16,7.63,7.75,7.67,7.62,18435584.0,141684544.0
2014-04-15,7.83,7.83,7.66,7.64,29586496.0,228027808.0
2014-04-14,7.91,7.96,7.86,7.76,30016044.0,235440288.0
2014-04-11,7.87,8.01,7.95,7.84,45823216.0,363073504.0
2014-04-10,7.86,7.96,7.89,7.78,45203452.0,355236480.0
2014-04-09,7.84,7.9,7.83,7.79,31869648.0,249639616.0
2014-04-08,7.61,7.94,7.85,7.6,72732408.0,568415104.0
2014-04-04,7.55,7.64,7.62,7.52,17231016.0,130787936.0
2014-04-03,7.7,7.71,7.57,7.54,28328118.0,216335744.0
2014-04-02,7.6,7.72,7.68,7.57,34769624.0,265946016.0
2014-04-01,7.57,7.64,7.6,7.53,21155668.0,160592896.0
2014-03-31,7.61,7.63,7.59,7.51,27038620.0,204789488.0
2014-03-28,7.52,7.66,7.56,7.51,33896868.0,257067360.0
2014-03-27,7.53,7.7,7.54,7.47,50633808.0,384067872.0
2014-03-26,7.65,7.71,7.52,7.5,29137356.0,220725536.0
2014-03-25,7.55,7.6,7.53,7.48,39356864.0,296366336.0
2014-03-24,7.53,7.74,7.58,7.46,104152416.0,793827776.0
2014-03-21,7.09,7.51,7.44,7.08,75311728.0,551084224.0
2014-03-20,7.13,7.25,7.1,7.09,25515628.0,183039104.0
2014-03-19,7.18,7.18,7.15,7.07,26045130.0,185143824.0
2014-03-18,7.23,7.25,7.2,7.18,23170200.0,166910752.0
2014-03-17,7.25,7.26,7.24,7.16,19618568.0,141346864.0
2014-03-14,7.29,7.32,7.21,7.14,50479724.0,363932992.0
2014-03-13,7.35,7.55,7.37,7.25,62512084.0,462442240.0
2014-03-12,7.05,7.46,7.29,7.05,68486448.0,498262464.0
2014-03-11,7.06,7.16,7.07,7.02,36090888.0,255292416.0
2014-03-10,7.25,7.31,7.09,7.07,42645760.0,306774048.0
2014-03-07,7.3,7.47,7.33,7.27,35916276.0,265055296.0
2014-03-06,7.29,7.38,7.35,7.18,49611412.0,361684192.0
2014-03-05,7.51,7.51,7.31,7.29,60283140.0,444835040.0
2014-03-04,7.5,7.56,7.51,7.38,55876816.0,416556736.0
2014-03-03,7.6,7.66,7.57,7.5,61708904.0,467269376.0
2014-02-28,7.63,7.85,7.67,7.52,65547648.0,503032352.0
2014-02-27,7.57,7.93,7.72,7.43,113047064.0,869487232.0
2014-02-26,7.39,7.65,7.57,7.39,57201356.0,431021280.0
2014-02-25,7.56,7.77,7.46,7.38,96304152.0,731022208.0
2014-02-24,7.71,7.71,7.52,7.4,100494776.0,758509888.0
2014-02-21,8.08,8.16,7.85,7.76,125623304.0,998672768.0
2014-02-20,8.31,8.57,8.17,8.03,290820896.0,2414560256.0
2014-02-19,7.23,7.95,7.95,7.23,116558264.0,899787328.0
2014-02-18,7.37,7.38,7.23,7.21,25162492.0,183083360.0
2014-02-17,7.43,7.47,7.38,7.35,27573308.0,203492304.0
2014-02-14,7.39,7.44,7.4,7.35,23301122.0,172148736.0
2014-02-13,7.3,7.54,7.43,7.28,57211592.0,424537088.0
2014-02-12,7.29,7.41,7.34,7.26,30436348.0,223363424.0
2014-02-11,7.18,7.41,7.32,7.16,47789400.0,349214400.0
2014-02-10,7.15,7.22,7.2,7.11,26924884.0,193218176.0
2014-02-07,7.08,7.12,7.11,7.04,14042411.0,99345472.0
2014-01-30,7.18,7.19,7.13,7.12,11427225.0,81676600.0
2014-01-29,7.14,7.22,7.2,7.13,16724205.0,120260776.0
2014-01-28,7.08,7.15,7.14,7.07,20250062.0,144065232.0
2014-01-27,7.07,7.09,7.05,7.04,20866352.0,147324896.0
2014-01-24,7.05,7.15,7.09,7.03,17144810.0,121685664.0
2014-01-23,7.14,7.14,7.07,7.06,14706992.0,104207928.0
2014-01-22,7.03,7.15,7.14,7.02,24831912.0,176468592.0
2014-01-21,6.95,7.09,7.01,6.95,15991059.0,112381440.0
2014-01-20,6.93,7.0,6.95,6.92,12781896.0,88917048.0
2014-01-17,7.03,7.04,6.95,6.95,27280326.0,190557776.0
2014-01-16,7.08,7.08,7.04,7.01,30306292.0,213304496.0
2014-01-15,7.18,7.19,7.07,7.05,30185406.0,214236672.0
2014-01-14,7.17,7.2,7.18,7.13,20618764.0,147696944.0
2014-01-13,7.18,7.22,7.18,7.14,20620132.0,147829952.0
2014-01-10,7.18,7.22,7.17,7.13,25694094.0,183910048.0
2014-01-09,7.21,7.27,7.2,7.16,22108196.0,159398752.0
2014-01-08,7.2,7.25,7.21,7.15,19297204.0,138959296.0
2014-01-07,7.15,7.23,7.2,7.15,14666252.0,105400944.0
2014-01-06,7.3,7.3,7.21,7.19,24889168.0,179594272.0
2014-01-03,7.39,7.4,7.3,7.25,30269536.0,220681408.0
2014-01-02,7.46,7.47,7.42,7.39,21246788.0,157556560.0
2013-12-31,7.4,7.56,7.51,7.36,31726772.0,237324960.0
2013-12-30,7.45,7.49,7.4,7.38,20405300.0,151757792.0
2013-12-27,7.29,7.48,7.42,7.27,23439718.0,173163968.0
2013-12-26,7.36,7.36,7.27,7.23,17789858.0,129577848.0
2013-12-25,7.35,7.38,7.36,7.29,9973080.0,73221760.0
2013-12-24,7.42,7.42,7.36,7.29,13173301.0,96973600.0
2013-12-23,7.32,7.41,7.35,7.28,16894012.0,123945176.0
2013-12-20,7.54,7.55,7.26,7.13,29961328.0,222434544.0
2013-12-19,7.64,7.67,7.53,7.51,23383764.0,176930528.0
2013-12-18,7.62,7.68,7.62,7.59,15993237.0,121848744.0
2013-12-17,7.67,7.71,7.61,7.6,17928594.0,137106768.0
2013-12-16,7.72,7.78,7.67,7.67,19667024.0,151828016.0
2013-12-13,7.72,7.78,7.73,7.66,26546934.0,204603936.0
2013-12-12,7.79,7.83,7.78,7.77,10797686.0,84127704.0
2013-12-11,7.9,7.93,7.81,7.79,19998768.0,156853664.0
2013-12-10,7.93,7.98,7.94,7.91,19135376.0,152039408.0
2013-12-09,7.97,7.99,7.91,7.9,15011296.0,119189888.0
2013-12-06,7.98,8.0,7.96,7.93,19135246.0,152192448.0
2013-12-05,8.02,8.04,7.99,7.98,23222040.0,185742880.0
2013-12-04,7.92,8.06,8.02,7.92,49702844.0,398382080.0
2013-12-03,7.95,8.01,7.95,7.91,35267304.0,280835200.0
2013-12-02,7.85,8.04,7.96,7.85,57065220.0,453938400.0
2013-11-29,7.89,7.92,7.87,7.84,17750664.0,139595168.0
2013-11-28,7.81,7.92,7.86,7.78,26267984.0,206510256.0
2013-11-27,7.75,7.84,7.8,7.73,20672600.0,160928192.0
2013-11-26,7.75,7.79,7.75,7.73,10212282.0,79200456.0
2013-11-25,7.75,7.84,7.74,7.72,18812464.0,146208128.0
2013-11-22,7.83,7.85,7.78,7.75,15447785.0,120541600.0
2013-11-21,7.88,7.88,7.82,7.74,21343240.0,166305856.0
2013-11-20,7.9,7.94,7.88,7.84,21807394.0,171776272.0
2013-11-19,7.88,7.93,7.84,7.82,37821796.0,297178272.0
2013-11-18,7.7,7.99,7.95,7.67,53418816.0,418037568.0
2013-11-15,7.58,7.77,7.66,7.57,29805666.0,229074160.0
2013-11-14,7.61,7.61,7.57,7.51,16250133.0,122825992.0
2013-11-13,7.72,7.74,7.59,7.57,28199380.0,215228592.0
2013-11-12,7.74,7.81,7.76,7.71,27776676.0,215601264.0
2013-11-11,7.77,7.79,7.72,7.71,19182460.0,148562432.0
2013-11-08,7.82,7.86,7.79,7.76,16731353.0,130554096.0
2013-11-07,7.8,7.84,7.84,7.77,15355267.0,119968200.0
2013-11-06,7.82,7.85,7.8,7.78,22237012.0,173673024.0
2013-11-05,7.95,7.95,7.87,7.78,40141392.0,314718784.0
2013-11-04,8.07,8.08,7.96,7.92,31874216.0,254651088.0
2013-11-01,8.01,8.06,8.04,7.97,28591780.0,229214800.0
2013-10-31,8.18,8.18,8.01,7.94,86181696.0,692091712.0
2013-10-30,8.3,8.4,8.36,8.22,31166760.0,258931888.0
2013-10-29,8.12,8.44,8.32,8.12,63960864.0,529755776.0
2013-10-28,8.1,8.12,8.09,8.01,20254008.0,163438832.0
2013-10-25,8.03,8.18,8.08,8.02,35459304.0,287261856.0
2013-10-24,8.03,8.14,8.03,7.97,25018556.0,201446352.0
2013-10-23,8.02,8.25,8.05,7.98,38666520.0,314075232.0
2013-10-22,8.03,8.05,7.97,7.95,18027226.0,143990624.0
2013-10-21,8.02,8.08,8.08,7.89,32911744.0,262663952.0
2013-10-18,8.02,8.11,8.02,7.99,16332614.0,131330864.0
2013-10-17,8.06,8.08,8.0,7.96,14462944.0,116108128.0
2013-10-16,8.03,8.06,8.02,7.96,20609336.0,165126752.0
2013-10-15,8.18,8.19,8.04,8.02,26346376.0,212961424.0
2013-10-14,8.25,8.26,8.17,8.13,23250480.0,190274144.0
2013-10-11,8.18,8.31,8.27,8.17,31144686.0,256841056.0
2013-10-10,8.19,8.23,8.14,8.08,19647918.0,160034704.0
2013-10-09,8.1,8.29,8.18,8.1,21343954.0,174858688.0
2013-10-08,8.06,8.21,8.16,7.97,20409864.0,165019536.0
2013-09-30,8.22,8.24,8.07,8.03,24306288.0,196787792.0
2013-09-27,8.11,8.19,8.15,8.06,17631488.0,143180016.0
2013-09-26,8.26,8.27,8.11,8.04,26123338.0,212213584.0
2013-09-25,8.28,8.36,8.26,8.22,20979996.0,173777360.0
2013-09-24,8.49,8.49,8.29,8.23,33128400.0,275444224.0
2013-09-23,8.64,8.67,8.52,8.4,40283896.0,341882592.0
2013-09-18,8.51,8.6,8.58,8.4,26284000.0,223647264.0
2013-09-17,8.76,8.78,8.51,8.47,30842128.0,266071344.0
2013-09-16,8.9,8.96,8.71,8.65,33845132.0,296678496.0
2013-09-13,8.83,9.05,8.81,8.76,41773172.0,370883936.0
2013-09-12,8.61,9.09,8.9,8.55,81120200.0,720116928.0
2013-09-11,8.72,8.87,8.63,8.61,43592136.0,381037856.0
2013-09-10,8.64,8.69,8.63,8.49,52212860.0,447289472.0
2013-09-09,8.14,8.8,8.64,8.13,91950320.0,784383104.0
2013-09-06,7.95,8.18,8.07,7.94,23000556.0,185334528.0
2013-09-05,8.02,8.05,7.99,7.98,14720753.0,117799120.0
2013-09-04,8.03,8.09,8.03,8.01,20173330.0,162342560.0
2013-09-03,7.94,8.08,8.06,7.9,34447920.0,276165632.0
2013-09-02,7.98,8.01,7.89,7.8,33274992.0,263515904.0
2013-08-30,7.77,7.99,7.92,7.74,42235084.0,332611520.0
2013-08-29,7.79,7.86,7.78,7.74,34078304.0,265802640.0
2013-08-28,7.68,7.77,7.68,7.58,22177812.0,170388256.0
2013-08-27,7.71,7.77,7.72,7.65,21272322.0,163705440.0
2013-08-26,7.58,7.75,7.72,7.56,23564612.0,180897536.0
2013-08-23,7.74,7.76,7.58,7.45,26192174.0,198901472.0
2013-08-22,7.7,7.84,7.69,7.67,19033344.0,147548400.0
2013-08-21,7.87,7.87,7.73,7.68,21193088.0,163888720.0
2013-08-20,7.67,7.91,7.82,7.65,50387576.0,393399936.0
2013-08-19,7.49,7.76,7.71,7.47,28623948.0,218135328.0
2013-08-16,7.53,8.33,7.57,7.43,70703936.0,546755456.0
2013-08-15,7.66,7.72,7.57,7.55,19370976.0,148345824.0
2013-08-14,7.71,7.83,7.66,7.62,28153960.0,217900784.0
2013-08-13,7.65,7.73,7.69,7.61,27719080.0,212531584.0
2013-08-12,7.48,7.66,7.65,7.44,36328216.0,274850784.0
2013-08-09,7.46,7.49,7.44,7.34,15007465.0,111325984.0
2013-08-08,7.4,7.49,7.4,7.38,12735465.0,94566368.0
2013-08-07,7.45,7.54,7.43,7.41,20965244.0,156586912.0
2013-08-06,7.44,7.51,7.46,7.37,18666592.0,138818896.0
2013-08-05,7.48,7.5,7.49,7.4,14030600.0,104564872.0
2013-08-02,7.51,7.55,7.46,7.4,15014336.0,112025488.0
2013-08-01,7.34,7.5,7.45,7.33,19633776.0,145830240.0
2013-07-31,7.35,7.42,7.34,7.25,12822816.0,93832816.0
2013-07-30,7.21,7.41,7.27,7.18,16989968.0,123587656.0
2013-07-29,7.28,7.28,7.18,7.09,24434250.0,175050464.0
2013-07-26,7.4,7.45,7.4,7.36,12775369.0,94602360.0
2013-07-25,7.43,7.46,7.4,7.32,14883742.0,110087768.0
2013-07-24,7.47,7.47,7.37,7.29,23051436.0,170276384.0
2013-07-23,7.43,7.65,7.53,7.34,25730672.0,193662144.0
2013-07-22,7.44,7.44,7.39,7.22,24792940.0,182131168.0
2013-07-19,8.07,8.17,7.91,7.91,28933616.0,232484688.0
2013-07-18,8.13,8.21,8.03,8.0,29833414.0,240878448.0
2013-07-17,8.18,8.27,8.14,8.05,24831760.0,203011152.0
2013-07-16,8.14,8.25,8.21,8.0,29675740.0,240329424.0
2013-07-15,8.16,8.3,8.13,8.05,42160712.0,343875392.0
2013-07-12,8.39,8.45,8.08,8.0,50911464.0,418453376.0
2013-07-11,7.71,8.48,8.47,7.69,88375592.0,730263040.0
2013-07-10,7.48,7.72,7.71,7.45,17815536.0,135019952.0
2013-07-09,7.45,7.5,7.47,7.44,10698897.0,79897552.0
2013-07-08,7.5,7.57,7.42,7.4,17036844.0,127167152.0
2013-07-05,7.68,7.72,7.64,7.62,12719032.0,97435688.0
2013-07-04,7.55,7.77,7.64,7.52,17662732.0,135164288.0
2013-07-03,7.72,7.73,7.6,7.54,24512476.0,186584320.0
2013-07-02,7.89,7.93,7.78,7.69,21256614.0,164956592.0
2013-07-01,7.92,7.95,7.89,7.77,17413730.0,136896192.0
2013-06-28,7.63,8.0,7.97,7.59,33819404.0,265373904.0
2013-06-27,7.53,7.7,7.67,7.5,35430064.0,269311680.0
2013-06-26,7.76,7.8,7.5,7.37,40193424.0,303442016.0
2013-06-25,7.3,7.57,7.53,7.05,51730368.0,378082432.0
2013-06-24,8.04,8.04,7.39,7.35,55383076.0,420157088.0
2013-06-21,8.01,8.15,8.05,7.97,19509274.0,157402448.0
2013-06-20,8.34,8.4,8.08,8.05,23079776.0,189613584.0
2013-06-19,8.45,8.45,8.39,8.27,15553825.0,129801888.0
2013-06-18,8.47,8.52,8.48,8.41,16716561.0,141737392.0
2013-06-17,8.5,8.51,8.42,8.39,18772232.0,158348304.0
2013-06-14,8.5,8.5,8.44,8.4,22199460.0,187435824.0
2013-06-13,8.58,8.58,8.46,8.29,37376584.0,313435616.0
2013-06-07,8.78,8.82,8.66,8.6,20380020.0,177507216.0
2013-06-06,8.88,8.9,8.76,8.76,27156808.0,239480832.0
2013-06-05,8.99,9.01,8.87,8.84,24110888.0,214755264.0
2013-06-04,9.05,9.07,9.0,8.94,24980366.0,224937184.0
2013-06-03,9.1,9.14,9.07,9.04,25109604.0,227996320.0
2013-05-31,9.14,9.18,9.1,9.08,25180858.0,229927520.0
2013-05-30,9.12,9.19,9.11,9.08,21387976.0,195318048.0
2013-05-29,9.2,9.25,9.16,9.14,30683116.0,282183616.0
2013-05-28,9.02,9.2,9.2,8.94,36847960.0,334998176.0
2013-05-27,9.08,9.1,8.99,8.98,22130340.0,199873920.0
2013-05-24,9.0,9.08,9.03,8.96,20237740.0,182686688.0
2013-05-23,9.1,9.14,8.95,8.91,27255138.0,246324272.0
2013-05-22,9.13,9.18,9.15,9.09,23097752.0,210864032.0
2013-05-21,9.14,9.16,9.13,9.06,27539716.0,250872592.0
2013-05-20,9.07,9.26,9.17,9.03,53053908.0,485261504.0
2013-05-17,8.95,9.09,9.05,8.83,52944696.0,474697280.0
2013-05-16,8.82,8.99,8.99,8.63,61383956.0,539828800.0
2013-05-15,8.81,8.85,8.83,8.78,16363549.0,144201808.0
2013-05-14,8.89,8.94,8.8,8.75,23380830.0,206134240.0
2013-05-13,9.01,9.01,8.91,8.88,19243484.0,171820112.0
2013-05-10,8.87,9.02,8.97,8.83,17706428.0,158514928.0
2013-05-09,8.98,9.08,8.89,8.79,22694888.0,202109200.0
2013-05-08,8.98,9.09,9.01,8.95,30844060.0,278155872.0
2013-05-07,8.98,9.04,8.91,8.9,30368564.0,271996896.0
2013-05-06,9.0,9.18,9.05,8.96,29388766.0,266745712.0
2013-05-03,8.85,9.11,8.99,8.83,44574556.0,400065504.0
2013-05-02,8.79,8.84,8.83,8.7,27475396.0,241250688.0
2013-04-26,8.66,8.89,8.79,8.66,43843656.0,385676640.0
2013-04-25,8.45,8.7,8.61,8.45,20991640.0,180029408.0
2013-04-24,8.46,8.7,8.59,8.43,18404404.0,157423232.0
2013-04-23,8.8,8.83,8.45,8.41,25473620.0,217349456.0
2013-04-22,8.73,8.82,8.75,8.7,25237768.0,221101200.0
2013-04-19,8.4,8.8,8.77,8.38,50905724.0,439323680.0
2013-04-18,8.34,8.49,8.38,8.27,35201828.0,293682336.0
2013-04-17,8.58,8.6,8.39,8.38,37851312.0,319378112.0
2013-04-16,8.55,8.6,8.58,8.45,26483750.0,225849744.0
2013-04-15,8.65,8.71,8.58,8.52,19477716.0,167023840.0
2013-04-12,8.61,8.66,8.64,8.56,17161660.0,147967824.0
2013-04-11,8.66,8.7,8.6,8.6,12487401.0,108065352.0
2013-04-10,8.61,8.66,8.6,8.56,12906054.0,110982400.0
2013-04-09,8.65,8.75,8.63,8.59,27496888.0,238059760.0
2013-04-08,8.6,8.67,8.64,8.53,26940132.0,231703488.0
2013-04-03,8.79,8.85,8.78,8.73,12519265.0,110063272.0
2013-04-02,8.72,8.84,8.73,8.66,17960668.0,156829712.0
2013-04-01,8.76,8.87,8.7,8.69,23336488.0,204322272.0
2013-03-29,8.82,8.88,8.82,8.74,22265116.0,196222880.0
2013-03-28,9.0,9.0,8.76,8.43,84988816.0,747784192.0
2013-03-27,9.34,9.53,9.36,9.29,28713254.0,270076736.0
2013-03-26,9.54,9.56,9.31,9.28,33010034.0,308402560.0
2013-03-25,9.63,9.76,9.56,9.55,32214020.0,311384832.0
2013-03-22,9.49,9.63,9.57,9.45,25488384.0,243669520.0
2013-03-21,9.54,9.61,9.49,9.46,35090088.0,335258816.0
2013-03-20,9.16,9.55,9.55,9.15,61258092.0,578406464.0
2013-03-19,9.12,9.19,9.16,9.03,21357948.0,194544304.0
2013-03-18,9.12,9.26,9.06,9.0,40566488.0,370493536.0
2013-03-15,9.21,9.52,9.26,9.09,146806176.0,1374641920.0
2013-03-14,9.09,9.23,9.16,9.04,31289560.0,287016576.0
2013-03-13,9.1,9.17,9.13,8.95,43669152.0,395501408.0
2013-03-12,9.19,9.31,9.13,9.03,30596924.0,280037632.0
2013-03-11,9.16,9.27,9.23,9.01,33650308.0,308207392.0
2013-03-08,9.23,9.33,9.22,9.07,62191716.0,571415040.0
2013-03-07,9.51,9.51,9.18,9.09,80674040.0,747103808.0
2013-03-06,9.56,9.7,9.52,9.44,77977688.0,747428160.0
2013-03-05,8.96,9.55,9.49,8.91,83189264.0,767177152.0
2013-03-04,9.4,9.4,8.94,8.85,75919712.0,691910912.0
2013-03-01,9.66,9.72,9.54,9.4,42078072.0,401715296.0
2013-02-28,9.4,9.69,9.66,9.27,55206336.0,525286624.0
2013-02-27,9.26,9.47,9.3,9.19,50727544.0,472829536.0
2013-02-26,9.23,9.54,9.23,9.17,63218648.0,593990720.0
2013-02-25,9.36,9.48,9.3,9.24,34429008.0,321130592.0
2013-02-22,9.23,9.43,9.35,9.18,39210564.0,365465408.0
2013-02-21,9.48,9.5,9.29,9.12,68339784.0,634668096.0
2013-02-20,9.8,9.81,9.63,9.39,57921716.0,554341312.0
2013-02-19,9.82,9.88,9.79,9.68,44147460.0,430793216.0
2013-02-18,9.84,9.95,9.84,9.78,46470540.0,458178336.0
2013-02-08,9.8,9.88,9.79,9.63,68574024.0,670296640.0
2013-02-07,10.17,10.18,9.8,9.61,98313936.0,967844416.0
2013-02-06,10.15,10.24,10.17,10.04,62301516.0,630577344.0
2013-02-05,10.24,10.35,10.2,10.03,60916376.0,620310528.0
2013-02-04,10.48,10.7,10.4,10.32,92601088.0,973009216.0
2013-02-01,10.17,10.49,10.45,10.02,78504088.0,811084352.0
2013-01-31,10.17,10.22,10.16,9.96,54190008.0,545986176.0
2013-01-30,10.35,10.36,10.14,10.08,71154976.0,723536000.0
2013-01-29,10.28,10.52,10.31,10.17,88456480.0,914608832.0
2013-01-28,9.87,10.32,10.27,9.87,111695592.0,1135728768.0
2013-01-25,9.66,9.94,9.82,9.65,45302288.0,443127232.0
2013-01-24,9.83,10.2,9.64,9.5,123700424.0,1226510208.0
2013-01-23,9.39,9.98,9.79,9.36,126142832.0,1228997120.0
2013-01-22,9.2,9.62,9.45,9.07,132992928.0,1257602304.0
2013-01-21,9.18,9.26,9.24,8.99,61519900.0,562050048.0
2013-01-18,9.09,9.21,9.17,9.0,38591268.0,352798112.0
2013-01-17,9.01,9.11,9.03,8.9,28768894.0,258609152.0
2013-01-16,9.32,9.32,9.1,8.85,53166052.0,483821024.0
2013-01-15,9.3,9.48,9.36,9.22,54443224.0,507514560.0
2013-01-14,8.71,9.36,9.35,8.7,78983832.0,718544000.0
2013-01-11,9.1,9.15,8.8,8.73,44066236.0,392194784.0
2013-01-10,9.07,9.19,9.1,9.03,41135512.0,374404736.0
2013-01-09,9.18,9.21,9.07,8.99,43332156.0,394051712.0
2013-01-08,9.43,9.56,9.19,9.06,45001804.0,415878272.0
2013-01-07,9.27,9.52,9.45,9.22,48447348.0,456681664.0
2013-01-04,9.41,9.54,9.3,9.18,48503276.0,453646944.0
2012-12-31,9.04,9.34,9.3,9.02,79815040.0,739438656.0
2012-12-28,8.9,9.13,9.01,8.83,61856728.0,557197184.0
2012-12-27,9.18,9.22,8.9,8.78,93476472.0,833454912.0
2012-12-26,9.21,9.28,9.16,9.01,58464792.0,533752640.0
2012-12-25,8.99,9.36,9.29,8.96,85860680.0,792162752.0
2012-12-24,8.95,9.13,9.0,8.9,51042620.0,461866560.0
2012-12-21,9.05,9.05,8.97,8.8,51846032.0,462372800.0
2012-12-20,8.99,9.08,9.01,8.81,45016496.0,402376608.0
2012-12-19,9.07,9.19,9.06,8.96,57020344.0,518136192.0
2012-12-18,8.85,9.24,9.14,8.82,72791680.0,661561216.0
2012-12-17,9.01,9.1,8.9,8.81,80378528.0,722656320.0
2012-12-14,8.14,8.95,8.86,8.14,98866488.0,845999616.0
2012-12-13,8.14,8.26,8.14,8.09,31808944.0,260356528.0
2012-12-12,8.1,8.34,8.2,8.07,48005172.0,394453760.0
2012-12-11,8.02,8.19,8.14,7.99,46862640.0,380493376.0
2012-12-10,8.05,8.18,8.05,8.0,71087472.0,575048256.0
2012-12-07,7.8,8.11,7.99,7.78,91154752.0,726569856.0
2012-12-06,7.5,7.88,7.84,7.49,101646760.0,786648960.0
2012-12-05,7.2,7.56,7.5,7.17,64938240.0,486016256.0
2012-12-04,7.08,7.24,7.21,7.05,22280264.0,159043552.0
2012-12-03,7.18,7.22,7.09,7.03,35980716.0,257126864.0
2012-11-30,7.17,7.23,7.2,7.14,14231938.0,102204304.0
2012-11-29,7.17,7.24,7.18,7.14,13272778.0,95348480.0
2012-11-28,7.21,7.27,7.21,7.18,12761254.0,92227296.0
2012-11-27,7.22,7.3,7.26,7.21,23055694.0,167626704.0
2012-11-26,7.26,7.31,7.25,7.2,13628623.0,98805952.0
2012-11-23,7.21,7.31,7.28,7.18,20199232.0,146820880.0
2012-11-22,7.2,7.23,7.2,7.13,14303541.0,102693088.0
2012-11-21,7.02,7.26,7.24,7.02,31955998.0,228056688.0
2012-11-20,7.04,7.1,7.01,6.98,14970292.0,105568088.0
2012-11-19,7.02,7.04,7.03,6.97,12980502.0,90914448.0
2012-11-16,7.06,7.09,7.03,6.94,17816164.0,124821672.0
2012-11-15,7.14,7.19,7.06,7.06,11685577.0,83368168.0
2012-11-14,7.18,7.21,7.18,7.14,17844348.0,128038656.0
2012-11-13,7.24,7.26,7.17,7.13,25792280.0,185202336.0
2012-11-12,7.1,7.25,7.24,7.1,25515820.0,183690640.0
2012-11-09,7.08,7.17,7.09,7.06,13027492.0,92562072.0
2012-11-08,7.18,7.21,7.1,7.1,12822309.0,91679160.0
2012-11-07,7.25,7.32,7.23,7.2,15675118.0,113649408.0
2012-11-06,7.26,7.28,7.27,7.13,22603334.0,163011120.0
2012-11-05,7.16,7.33,7.27,7.15,36218656.0,263422880.0
2012-11-02,7.0,7.17,7.16,7.0,42691420.0,303171808.0
2012-11-01,6.87,7.02,6.99,6.86,16949916.0,118028432.0
2012-10-31,6.85,6.88,6.86,6.83,7834800.0,53725932.0
2012-10-30,6.78,6.84,6.82,6.75,9911071.0,67449872.0
2012-10-29,6.83,6.83,6.78,6.76,8937624.0,60692028.0
2012-10-26,6.94,6.95,6.81,6.75,11611536.0,79475208.0
2012-10-25,6.97,6.99,6.93,6.91,10303564.0,71551784.0
2012-10-24,6.96,6.99,6.97,6.93,9861125.0,68674456.0
2012-10-23,7.04,7.06,6.96,6.94,12508320.0,87532432.0
2012-10-22,6.95,7.05,7.04,6.93,9639791.0,67402432.0
2012-10-19,7.0,7.02,6.98,6.97,7790513.0,54493240.0
2012-10-18,6.96,7.02,7.01,6.93,16243538.0,113621976.0
2012-10-17,6.94,6.97,6.94,6.88,12332059.0,85504832.0
2012-10-16,6.87,6.97,6.94,6.86,16849388.0,116537392.0
2012-10-15,6.96,6.96,6.87,6.85,10320297.0,71051744.0
2012-10-12,6.97,7.01,6.95,6.92,11532108.0,80367600.0
2012-10-11,6.92,6.96,6.93,6.9,8294122.0,57484616.0
2012-10-10,6.94,7.01,6.96,6.93,12737453.0,88666352.0
2012-10-09,6.83,6.97,6.95,6.83,16173347.0,112139744.0
2012-10-08,6.88,6.9,6.81,6.78,10472402.0,71739544.0
2012-09-28,6.74,6.9,6.87,6.7,21771480.0,148295888.0
2012-09-27,6.65,6.9,6.79,6.63,21528986.0,146031440.0
2012-09-26,6.7,6.74,6.65,6.6,11061896.0,73839696.0
2012-09-25,6.76,6.76,6.71,6.69,10927439.0,73437648.0
2012-09-24,6.81,6.83,6.79,6.69,15709742.0,106115384.0
2012-09-21,6.9,6.92,6.86,6.82,15688919.0,107716072.0
2012-09-20,7.04,7.04,6.91,6.89,14455277.0,100766136.0
2012-09-19,7.08,7.09,7.06,7.03,10312351.0,72764624.0
2012-09-18,7.15,7.16,7.07,7.05,12115603.0,86053016.0
2012-09-17,7.21,7.23,7.15,7.15,12236146.0,87854312.0
2012-09-14,7.22,7.28,7.23,7.17,16989080.0,122915616.0
2012-09-13,7.19,7.24,7.19,7.18,12659934.0,91308608.0
2012-09-12,7.28,7.3,7.2,7.16,17849704.0,128715968.0
2012-09-11,7.3,7.3,7.24,7.19,17873510.0,129272320.0
2012-09-10,7.34,7.37,7.33,7.27,21292948.0,155464064.0
2012-09-07,7.21,7.5,7.31,7.19,31990912.0,235302272.0
2012-09-06,7.15,7.2,7.18,7.13,8261540.0,59222388.0
2012-09-05,7.18,7.21,7.15,7.12,8662581.0,62003244.0
2012-09-04,7.26,7.29,7.2,7.17,11580670.0,83834992.0
2012-09-03,7.32,7.34,7.29,7.26,11232590.0,81955744.0
2012-08-31,7.3,7.4,7.34,7.3,11053867.0,81206064.0
2012-08-30,7.3,7.35,7.32,7.28,9211127.0,67450416.0
2012-08-29,7.3,7.36,7.31,7.26,9749624.0,71151792.0
2012-08-28,7.23,7.38,7.36,7.2,13284806.0,97060864.0
2012-08-27,7.22,7.24,7.23,7.17,9385306.0,67644336.0
2012-08-24,7.27,7.28,7.22,7.21,8790920.0,63709744.0
2012-08-23,7.3,7.33,7.29,7.25,9013244.0,65633032.0
2012-08-22,7.31,7.33,7.3,7.26,8090980.0,59042780.0
2012-08-21,7.32,7.36,7.31,7.28,10297606.0,75312680.0
2012-08-20,7.34,7.37,7.33,7.26,6442074.0,46998388.0
2012-08-17,7.36,7.39,7.38,7.32,8119895.0,59771268.0
2012-08-16,7.43,7.46,7.36,7.33,8491367.0,62622836.0
2012-08-15,7.54,7.58,7.44,7.42,7487052.0,55977484.0
2012-08-14,7.55,7.58,7.57,7.53,7364464.0,55652432.0
2012-08-13,7.57,7.6,7.54,7.52,10661978.0,80704528.0
2012-08-10,7.57,7.64,7.57,7.56,10641661.0,80783488.0
2012-08-09,7.56,7.58,7.56,7.5,8135668.0,61342496.0
2012-08-08,7.53,7.6,7.56,7.53,7860856.0,59473888.0
2012-08-07,7.55,7.58,7.53,7.5,13666894.0,103118272.0
2012-08-06,7.56,7.59,7.56,7.51,11475643.0,86724768.0
2012-08-03,7.58,7.6,7.57,7.53,6885970.0,52072056.0
2012-08-02,7.52,7.62,7.59,7.49,13302197.0,100544400.0
2012-08-01,7.53,7.6,7.54,7.46,13757968.0,103526072.0
2012-07-31,7.48,7.57,7.55,7.46,13155427.0,98974136.0
2012-07-30,7.43,7.55,7.48,7.42,14233090.0,106786312.0
2012-07-27,7.33,7.48,7.41,7.3,13629652.0,101135992.0
2012-07-26,7.28,7.38,7.32,7.27,7469654.0,54723428.0
2012-07-25,7.25,7.34,7.3,7.24,6811162.0,49718160.0
2012-07-24,7.22,7.3,7.25,7.2,7950124.0,57678480.0
2012-07-23,7.34,7.37,7.24,7.23,16125838.0,117496528.0
2012-07-20,7.46,7.5,7.36,7.35,13905863.0,103134768.0
2012-07-19,7.53,7.57,7.49,7.48,11231017.0,84509696.0
2012-07-18,7.49,7.55,7.52,7.41,9089143.0,68022376.0
2012-07-17,7.4,7.51,7.49,7.39,11252622.0,83969848.0
2012-07-16,7.48,7.49,7.4,7.3,12238640.0,90632472.0
2012-07-13,7.45,7.57,7.47,7.43,10439766.0,78165672.0
2012-07-12,7.56,7.6,7.45,7.34,32615572.0,242404720.0
2012-07-11,7.61,7.67,7.6,7.57,9573268.0,72860376.0
2012-07-10,9.46,9.53,9.36,9.32,15944097.0,149612304.0
2012-07-09,9.76,9.79,9.4,9.38,24105128.0,230421216.0
2012-07-06,9.65,9.85,9.79,9.6,22028448.0,213985040.0
2012-07-05,9.77,9.85,9.79,9.74,21415364.0,209672848.0
2012-07-04,9.75,9.89,9.78,9.72,18381986.0,180321056.0
2012-07-03,9.72,9.85,9.76,9.69,17584480.0,172088512.0
2012-07-02,9.77,9.78,9.76,9.64,13614684.0,131911616.0
2012-06-29,9.64,9.8,9.77,9.62,18732400.0,182459472.0
2012-06-28,9.59,9.67,9.65,9.58,18709992.0,180412704.0
2012-06-27,9.53,9.66,9.59,9.52,17329276.0,166476032.0
2012-06-26,9.47,9.6,9.57,9.45,15345020.0,146562944.0
2012-06-25,9.47,9.58,9.47,9.47,15083848.0,143904768.0
2012-06-21,9.6,9.6,9.51,9.45,11725140.0,111547552.0
2012-06-20,9.56,9.68,9.61,9.54,14193514.0,136431408.0
2012-06-19,9.53,9.62,9.54,9.51,12492705.0,119518296.0
2012-06-18,9.6,9.6,9.54,9.51,13523264.0,129092368.0
2012-06-15,9.36,9.66,9.6,9.35,31964904.0,303928960.0
2012-06-14,9.38,9.38,9.33,9.31,13151252.0,122839456.0
2012-06-13,9.38,9.46,9.43,9.29,19197056.0,179962592.0
2012-06-12,9.33,9.41,9.35,9.24,14883422.0,138605600.0
2012-06-11,9.36,9.39,9.37,9.27,17193368.0,160413264.0
2012-06-08,9.55,9.56,9.33,9.29,33932064.0,317352704.0
2012-06-07,9.67,9.7,9.53,9.51,14433657.0,138405424.0
2012-06-06,9.56,9.61,9.6,9.52,13272692.0,127047128.0
2012-06-05,9.58,9.6,9.55,9.5,16910186.0,161490208.0
2012-06-04,9.75,9.75,9.56,9.53,29889346.0,287697824.0
2012-06-01,9.88,9.96,9.85,9.82,15097254.0,149130432.0
2012-05-31,9.88,9.92,9.89,9.83,21301006.0,210251424.0
2012-05-29,9.94,10.05,10.03,9.83,31907400.0,317626816.0
2012-05-28,9.85,9.97,9.96,9.8,22661310.0,223998816.0
2012-05-25,9.81,9.91,9.85,9.79,17636494.0,173688240.0
2012-05-24,9.83,9.9,9.79,9.78,20603568.0,202834528.0
2012-05-23,9.85,9.9,9.83,9.79,22835160.0,224737648.0
2012-05-22,9.81,9.87,9.87,9.78,30253536.0,297268480.0
2012-05-21,9.82,9.84,9.77,9.71,31433990.0,307766048.0
2012-05-18,9.97,9.97,9.82,9.79,30964544.0,305374080.0
2012-05-17,9.94,10.06,10.04,9.89,17481528.0,174437936.0
2012-05-16,10.08,10.09,9.91,9.9,21275664.0,212186160.0
2012-05-15,10.05,10.11,10.07,10.02,17659848.0,177774144.0
2012-05-14,10.28,10.3,10.09,10.06,25699464.0,262414256.0
2012-05-11,10.26,10.35,10.19,10.18,18787156.0,192835488.0
2012-05-10,10.32,10.34,10.26,10.22,18827576.0,193716160.0
2012-05-09,10.44,10.45,10.3,10.29,21082300.0,218362080.0
2012-05-08,10.55,10.57,10.52,10.44,31301776.0,328838688.0
2012-05-07,10.48,10.59,10.58,10.45,34428512.0,362474432.0
2012-05-04,10.45,10.58,10.56,10.34,35924204.0,375966496.0
2012-05-03,10.55,10.6,10.44,10.42,29122852.0,305410528.0
2012-05-02,10.58,10.63,10.59,10.47,40592604.0,428641792.0
2012-04-27,10.39,10.47,10.42,10.37,21274016.0,221649904.0
2012-04-26,10.5,10.53,10.4,10.31,30350712.0,315748832.0
2012-04-25,10.31,10.5,10.41,10.3,47936276.0,499776448.0
2012-04-24,10.1,10.69,10.37,10.09,89234208.0,926453440.0
2012-04-23,10.08,10.15,10.0,9.98,21840676.0,219493760.0
2012-04-20,9.91,10.13,10.11,9.9,26391976.0,265012304.0
2012-04-19,9.9,9.97,9.93,9.88,10413887.0,103286720.0
2012-04-18,9.77,9.95,9.92,9.76,15963379.0,157860608.0
2012-04-17,9.83,9.87,9.76,9.75,10485446.0,102826080.0
2012-04-16,9.8,9.86,9.83,9.78,8430634.0,82822808.0
2012-04-13,9.85,9.89,9.83,9.8,19431384.0,191292544.0
2012-04-12,9.65,9.92,9.89,9.6,28050968.0,274514048.0
2012-04-11,9.62,9.71,9.62,9.58,11450088.0,110407720.0
2012-04-10,9.6,9.69,9.67,9.55,13670038.0,131533528.0
2012-04-09,9.71,9.73,9.61,9.61,12826131.0,124053160.0
2012-04-06,9.78,9.81,9.78,9.69,19639156.0,191278544.0
2012-04-05,9.74,9.83,9.82,9.67,23687822.0,230970032.0
2012-03-30,9.72,9.84,9.82,9.67,13513149.0,132143808.0
2012-03-29,9.74,9.77,9.66,9.63,13529059.0,131362064.0
2012-03-28,9.95,9.98,9.74,9.72,19389206.0,191324176.0
2012-03-27,10.09,10.11,9.95,9.89,21125632.0,211062096.0
2012-03-26,10.0,10.09,10.07,10.0,9307636.0,93520200.0
2012-03-23,10.02,10.08,10.0,9.97,11562542.0,115711600.0
2012-03-22,10.02,10.2,10.07,9.93,18256694.0,183711120.0
2012-03-21,10.08,10.11,10.02,9.97,12797251.0,128318096.0
2012-03-20,10.11,10.17,10.02,10.01,17138456.0,172343648.0
2012-03-19,10.08,10.21,10.14,10.04,18456172.0,186785888.0
2012-03-16,10.12,10.17,10.12,10.0,22481924.0,226464784.0
2012-03-15,10.17,10.25,10.08,10.07,28549760.0,290352544.0
2012-03-14,10.4,10.48,10.16,10.15,49717096.0,513483552.0
2012-03-13,10.21,10.34,10.32,10.17,26714382.0,274666240.0
2012-03-12,10.28,10.29,10.22,10.14,26387632.0,269452960.0
2012-03-09,10.26,10.32,10.28,10.21,24700708.0,253314752.0
2012-03-08,10.28,10.36,10.25,10.22,29320160.0,301583136.0
2012-03-07,10.37,10.42,10.22,10.21,52792848.0,545124928.0
2012-02-28,10.42,10.8,10.71,10.4,86285840.0,919534144.0
2012-02-27,10.45,10.62,10.42,10.41,51619496.0,542210304.0
2012-02-24,10.26,10.38,10.38,10.21,42093884.0,433423264.0
2012-02-23,10.24,10.28,10.27,10.19,25312350.0,259018960.0
2012-02-22,10.22,10.28,10.21,10.14,23007850.0,234821536.0
2012-02-21,10.13,10.22,10.21,10.09,15303304.0,155540400.0
2012-02-20,10.32,10.35,10.13,10.13,36681868.0,375180608.0
2012-02-17,10.19,10.22,10.18,10.08,19835804.0,201680752.0
2012-02-16,10.13,10.21,10.15,10.05,19223996.0,194591488.0
2012-02-15,10.06,10.18,10.13,10.05,17231176.0,174288544.0
2012-02-14,10.1,10.16,10.09,10.04,15186911.0,153136800.0
2012-02-13,10.13,10.25,10.14,10.08,17514408.0,177998752.0
2012-02-10,10.26,10.33,10.21,10.18,21531316.0,220602544.0
2012-02-09,10.26,10.34,10.27,10.25,21570712.0,221986528.0
2012-02-08,9.99,10.38,10.32,9.98,39876460.0,407555104.0
2012-02-07,10.11,10.12,9.99,9.93,22342174.0,223442352.0
2012-02-06,10.24,10.25,10.15,10.06,27518100.0,279429216.0
2012-02-03,10.14,10.3,10.22,10.09,38712680.0,395375808.0
2012-02-02,9.92,10.21,10.19,9.88,46948240.0,472407392.0
2012-02-01,9.98,10.04,9.87,9.85,21584154.0,214745168.0
2012-01-31,10.01,10.07,10.0,9.94,35809596.0,358172384.0
2012-01-30,10.06,10.07,9.95,9.92,24964792.0,249309328.0
2012-01-20,9.91,10.12,10.1,9.88,57538892.0,577320640.0
2012-01-19,9.7,9.92,9.88,9.7,34439204.0,338469920.0
2012-01-18,9.86,9.88,9.72,9.65,30384140.0,297157600.0
2012-01-17,9.65,9.95,9.92,9.44,52945208.0,513494848.0
2012-01-16,9.64,9.77,9.66,9.58,14352045.0,139211904.0
2012-01-13,9.73,9.82,9.71,9.59,24778028.0,240768016.0
2012-01-12,9.65,9.83,9.75,9.63,28788236.0,280893184.0
2012-01-11,9.74,9.77,9.65,9.61,19157484.0,185170592.0
2012-01-10,9.62,9.75,9.73,9.57,30611276.0,296021536.0
2012-01-09,9.38,9.65,9.61,9.3,32830476.0,312716832.0
2012-01-06,9.28,9.38,9.37,9.25,18149454.0,169094480.0
2012-01-05,9.15,9.53,9.25,9.15,36135756.0,338371328.0
2012-01-04,9.3,9.34,9.16,9.15,12161878.0,112743040.0
2011-12-30,9.2,9.32,9.28,9.19,12971313.0,120247448.0
2011-12-29,9.14,9.23,9.17,9.11,15138922.0,138673888.0
2011-12-28,9.2,9.27,9.18,9.0,17540474.0,159984784.0
2011-12-27,9.34,9.36,9.19,9.18,17975888.0,166422288.0
2011-12-26,9.41,9.45,9.34,9.33,11518479.0,108074744.0
2011-12-23,9.43,9.51,9.42,9.37,13635772.0,128681296.0
2011-12-21,9.6,9.64,9.38,9.36,16537484.0,157232048.0
2011-12-20,9.53,9.72,9.5,9.49,21473032.0,206458848.0
2011-12-19,9.59,9.64,9.58,9.36,17327048.0,164353872.0
2011-12-16,9.39,9.69,9.64,9.36,16161230.0,153543040.0
2011-12-15,9.48,9.52,9.38,9.36,12476251.0,117849440.0
2011-12-14,9.46,9.54,9.48,9.44,10425536.0,98825112.0
2011-12-13,9.7,9.73,9.47,9.46,18795878.0,181080064.0
2011-12-12,9.66,9.72,9.7,9.57,11488616.0,111090080.0
2011-12-09,9.7,9.77,9.65,9.62,8725992.0,84517944.0
2011-12-08,9.79,9.88,9.76,9.69,14212955.0,138778656.0
2011-12-07,9.67,9.81,9.79,9.63,15982899.0,155725680.0
2011-12-06,9.69,9.76,9.68,9.65,11920948.0,115493992.0
2011-12-05,9.63,9.78,9.68,9.6,21691516.0,210712640.0
2011-12-02,9.6,9.72,9.67,9.57,15970343.0,154179552.0
2011-12-01,9.67,9.91,9.7,9.59,45599268.0,444396640.0
2011-11-30,9.6,9.63,9.4,9.35,17341864.0,163639040.0
2011-11-29,9.58,9.65,9.64,9.53,14709068.0,141232752.0
2011-11-28,9.5,9.6,9.51,9.46,9247966.0,88097384.0
2011-11-25,9.5,9.54,9.47,9.44,8229209.0,78050752.0
2011-11-24,9.4,9.61,9.55,9.4,10896809.0,103802512.0
2011-11-23,9.69,9.7,9.5,9.46,15259851.0,145629936.0
2011-11-22,9.56,9.7,9.68,9.54,10115420.0,97488008.0
2011-11-21,9.64,9.66,9.66,9.55,8847165.0,84859664.0
2011-11-18,9.67,9.77,9.6,9.56,18944980.0,183100944.0
2011-11-17,9.75,9.81,9.72,9.71,12954457.0,126416120.0
2011-11-16,9.99,10.0,9.76,9.69,28321836.0,278004032.0
2011-11-15,10.1,10.11,9.98,9.93,21449282.0,214330656.0
2011-11-14,10.08,10.21,10.1,10.03,23175184.0,234481648.0
2011-11-11,9.98,10.07,9.99,9.96,11381442.0,113891976.0
2011-11-10,10.11,10.16,9.96,9.95,27216720.0,273481440.0
2011-11-09,10.18,10.24,10.22,10.1,13501414.0,137246912.0
2011-11-08,10.15,10.21,10.12,10.1,14026181.0,142286752.0
2011-11-07,10.2,10.2,10.09,10.06,20433354.0,206822448.0
2011-11-04,10.35,10.35,10.25,10.21,20659338.0,212230656.0
2011-11-03,10.4,10.42,10.23,10.22,31020496.0,320430272.0
2011-11-02,10.05,10.42,10.39,10.03,26567328.0,271594208.0
2011-11-01,10.05,10.33,10.16,10.04,21769466.0,222330592.0
2011-10-31,10.27,10.28,10.15,10.1,20874684.0,212358640.0
2011-10-28,10.3,10.4,10.25,10.2,42991540.0,442244288.0
2011-10-27,10.18,10.21,10.16,10.07,26367856.0,267087952.0
2011-10-26,10.05,10.24,10.16,10.03,39628264.0,403412704.0
2011-10-25,10.1,10.24,10.14,9.96,42848128.0,433219936.0
2011-10-24,9.84,10.23,10.11,9.75,53555636.0,537818624.0
2011-10-21,9.61,9.91,9.82,9.61,30949616.0,303681472.0
2011-10-20,9.75,9.76,9.64,9.54,20457112.0,197454464.0
2011-10-19,9.67,9.92,9.79,9.66,25690680.0,251758304.0
2011-10-18,9.77,9.85,9.64,9.61,19097696.0,185284224.0
2011-10-17,9.78,9.95,9.85,9.73,21047596.0,207619520.0
2011-10-14,9.68,9.8,9.77,9.59,19692432.0,190924368.0
2011-10-13,9.66,9.72,9.7,9.6,20194028.0,195285360.0
2011-10-12,9.28,9.74,9.7,9.27,35295344.0,339747168.0
2011-10-11,9.51,9.6,9.32,9.28,23447128.0,221260320.0
2011-10-10,9.24,9.27,9.16,9.1,10416087.0,95392648.0
2011-09-30,9.25,9.36,9.23,9.17,15624739.0,144619824.0
2011-09-29,9.2,9.38,9.24,9.1,16037233.0,148376304.0
2011-09-28,9.48,9.5,9.24,9.2,13215221.0,123611936.0
2011-09-27,9.41,9.49,9.44,9.34,13959068.0,131537488.0
2011-09-26,9.61,9.65,9.31,9.28,22294536.0,210704624.0
2011-09-23,9.53,9.73,9.66,9.45,20653462.0,197626896.0
2011-09-22,9.74,9.92,9.64,9.6,35815000.0,350406144.0
2011-09-21,9.53,9.82,9.77,9.48,23657604.0,229959552.0
2011-09-20,9.42,9.58,9.55,9.4,11024708.0,104687672.0
2011-09-19,9.6,9.6,9.44,9.41,16650210.0,157949536.0
2011-09-16,9.7,9.79,9.66,9.64,15052657.0,146209280.0
2011-09-15,9.74,9.76,9.6,9.59,19521120.0,188831344.0
2011-09-14,9.78,9.83,9.73,9.51,22272056.0,215508864.0
2011-09-13,9.61,9.78,9.77,9.61,17751340.0,172225520.0
2011-09-09,9.67,9.86,9.79,9.63,22408760.0,218661312.0
2011-09-08,9.77,9.78,9.63,9.62,18942016.0,183691472.0
2011-09-07,9.58,9.8,9.75,9.51,23956160.0,231661968.0
2011-09-06,9.46,9.55,9.52,9.4,22190606.0,210302816.0
2011-09-05,9.61,9.63,9.52,9.5,20318904.0,194182144.0
2011-09-02,9.83,9.89,9.71,9.67,20963346.0,204806160.0
2011-09-01,9.84,10.0,9.86,9.77,44198176.0,437131200.0
2011-08-31,9.73,9.88,9.78,9.63,30090652.0,293474656.0
2011-08-30,9.74,9.92,9.73,9.66,43586576.0,428454304.0
2011-08-29,9.77,9.77,9.63,9.51,30621564.0,295320224.0
2011-08-26,9.75,9.92,9.92,9.72,35169576.0,345911136.0
2011-08-25,9.42,9.87,9.81,9.37,70467008.0,684268416.0
2011-08-24,9.29,9.54,9.37,9.26,37208832.0,350435872.0
2011-08-23,9.08,9.27,9.25,9.05,15624935.0,143507424.0
2011-08-22,9.11,9.19,9.06,9.01,10344090.0,93978656.0
2011-08-19,9.05,9.16,9.09,9.01,15520195.0,140976688.0
2011-08-18,9.39,9.39,9.2,9.17,14167056.0,131564632.0
2011-08-17,9.33,9.42,9.36,9.32,15859972.0,148737104.0
2011-08-16,9.39,9.51,9.34,9.31,24140008.0,227004992.0
2011-08-15,9.16,9.45,9.42,9.13,29998684.0,279486976.0
2011-08-12,9.24,9.28,9.17,9.13,20085488.0,184659392.0
2011-08-11,8.95,9.24,9.19,8.9,27004194.0,246377808.0
2011-08-10,9.12,9.2,9.07,9.05,27709062.0,252993312.0
2011-08-09,8.85,9.07,9.04,8.74,36390704.0,324550656.0
2011-08-08,9.32,9.43,9.02,8.95,33783412.0,308642208.0
2011-08-05,9.33,9.45,9.38,9.3,17013936.0,159505968.0
2011-08-04,9.6,9.64,9.57,9.54,7957266.0,76274008.0
2011-08-03,9.46,9.63,9.56,9.44,10898626.0,103881840.0
2011-08-02,9.57,9.58,9.55,9.46,12111658.0,115177408.0
2011-08-01,9.67,9.72,9.63,9.59,16739778.0,161463920.0
2011-07-29,9.49,9.96,9.74,9.45,35336528.0,343057184.0
2011-07-28,9.54,9.54,9.47,9.43,15987649.0,151494128.0
2011-07-27,9.51,9.58,9.57,9.49,17252816.0,164808960.0
2011-07-26,9.52,9.57,9.54,9.49,14814473.0,141244384.0
2011-07-25,9.78,9.79,9.51,9.5,29282528.0,282469760.0
2011-07-22,9.86,9.89,9.82,9.8,21860538.0,215087088.0
2011-07-21,9.96,9.96,9.84,9.82,20957620.0,206500560.0
2011-07-20,9.99,10.0,9.92,9.87,12528087.0,124437072.0
2011-07-19,10.02,10.02,9.93,9.91,18709968.0,186063680.0
2011-07-18,10.1,10.13,10.07,10.03,21883250.0,220667056.0
2011-07-15,10.01,10.09,10.09,9.97,22499758.0,226047760.0
2011-07-14,10.0,10.05,10.04,9.95,22339090.0,223267088.0
2011-07-13,9.89,10.04,10.01,9.88,23726000.0,236600448.0
2011-07-12,10.01,10.01,9.86,9.85,23680602.0,234945024.0
2011-07-11,10.1,10.12,10.06,10.02,21408436.0,215521392.0
2011-07-08,10.09,10.23,10.15,10.05,27783120.0,281888704.0
2011-07-07,10.19,10.25,10.07,10.05,36639932.0,371710848.0
2011-07-06,10.19,10.19,10.11,10.02,21538976.0,217253984.0
2011-07-05,10.23,10.33,10.22,10.14,31131700.0,317947968.0
2011-07-04,9.99,10.24,10.22,9.97,47221760.0,478248160.0
2011-07-01,10.01,10.05,9.94,9.9,32792058.0,326509536.0
2011-06-30,9.91,10.06,9.97,9.89,30816446.0,307908288.0
2011-06-29,10.0,10.03,9.89,9.89,20071984.0,199470608.0
2011-06-28,10.1,10.11,9.98,9.9,24513952.0,244664960.0
2011-06-27,10.1,10.17,10.07,10.01,29442884.0,296752768.0
2011-06-24,9.8,10.22,10.13,9.79,49275944.0,494578400.0
2011-06-23,9.63,9.9,9.85,9.6,25594330.0,249765264.0
2011-06-22,9.72,9.72,9.69,9.6,26926032.0,260681072.0
2011-06-21,9.64,9.72,9.7,9.62,25552476.0,247014096.0
2011-06-20,9.6,9.69,9.6,9.56,26948020.0,258912864.0
2011-06-17,9.68,9.88,9.59,9.52,49759756.0,480179136.0
2011-06-16,9.8,9.8,9.66,9.64,32894336.0,319106368.0
2011-06-15,10.01,10.04,9.85,9.84,38495928.0,381904960.0
2011-06-14,9.96,10.14,10.05,9.96,29217600.0,293973792.0
2011-06-13,10.13,10.13,10.0,9.9,25636314.0,256247424.0
2011-06-10,10.3,10.42,10.4,10.25,22675424.0,233991984.0
2011-06-09,10.37,10.39,10.28,10.27,17218420.0,177971408.0
2011-06-08,10.47,10.48,10.38,10.31,23617696.0,244499088.0
2011-06-07,10.45,10.48,10.47,10.39,12133312.0,126690824.0
2011-06-03,10.45,10.54,10.47,10.41,21478968.0,224734496.0
2011-06-02,10.84,10.84,10.45,10.35,41446048.0,437853632.0
2011-06-01,10.99,11.02,10.91,10.87,24429720.0,266546720.0
2011-05-31,10.99,11.04,11.03,10.93,15439232.0,169667056.0
2011-05-30,10.9,11.02,10.95,10.83,16039551.0,175466368.0
2011-05-27,10.93,11.04,10.94,10.89,20695948.0,226756656.0
2011-05-26,11.04,11.04,10.92,10.9,16205820.0,177915568.0
2011-05-25,11.08,11.11,10.96,10.94,14835907.0,163855312.0
2011-05-24,11.06,11.13,11.09,11.04,20429976.0,226578528.0
2011-05-23,11.36,11.36,11.09,11.08,23038160.0,257375632.0
2011-05-20,11.28,11.41,11.36,11.28,12917673.0,146775536.0
2011-05-19,11.4,11.42,11.3,11.28,13059693.0,148186000.0
2011-05-18,11.25,11.44,11.37,11.25,18849764.0,213975376.0
2011-05-17,11.18,11.34,11.28,11.17,17930156.0,201945856.0
2011-05-16,11.26,11.33,11.2,11.18,16627661.0,186878416.0
2011-05-13,11.29,11.36,11.34,11.14,25605928.0,287760576.0
2011-05-12,11.43,11.43,11.26,11.24,29054300.0,329775744.0
2011-05-11,11.5,11.55,11.46,11.43,21094500.0,242329728.0
2011-05-10,11.42,11.52,11.49,11.4,18035284.0,206838528.0
2011-05-09,11.45,11.48,11.42,11.37,17847772.0,203777424.0
2011-05-06,11.39,11.49,11.41,11.36,22882596.0,261481456.0
2011-05-05,11.4,11.52,11.44,11.37,27253844.0,312313856.0
2011-05-04,11.78,11.78,11.42,11.35,56485392.0,651992704.0
2011-05-03,11.94,11.96,11.83,11.73,47500312.0,559860352.0
2011-04-28,11.96,12.28,12.06,11.96,62827176.0,763724928.0
2011-04-27,11.98,12.03,11.93,11.87,22087120.0,264025968.0
2011-04-26,11.92,12.07,11.92,11.88,27500852.0,328835392.0
2011-04-25,11.94,12.02,11.94,11.85,23275660.0,277817728.0
2011-04-22,12.18,12.19,11.99,11.97,27094024.0,326706880.0
2011-04-21,12.18,12.27,12.2,12.12,22676462.0,276400000.0
2011-04-20,12.21,12.25,12.11,12.06,22122658.0,268488960.0
2011-04-19,12.27,12.3,12.12,12.1,29293104.0,356428000.0
2011-04-18,12.33,12.55,12.37,12.26,40883824.0,506861024.0
2011-04-15,12.2,12.47,12.39,12.18,42425680.0,524310720.0
2011-04-14,12.33,12.52,12.27,12.22,57142528.0,706828544.0
2011-04-13,12.07,12.3,12.29,12.03,58088232.0,705750528.0
2011-04-12,12.15,12.22,12.14,12.07,42353128.0,514461152.0
2011-04-11,12.38,12.46,12.2,12.14,101212840.0,1242012928.0
2011-04-06,12.34,12.73,12.62,12.34,98272024.0,1237279360.0
2011-04-01,11.99,12.3,12.29,11.98,36389868.0,444032256.0
2011-03-31,12.22,12.23,11.97,11.96,26761398.0,323415168.0
2011-03-30,12.17,12.38,12.21,12.12,51772372.0,635284032.0
2011-03-29,12.06,12.38,12.17,12.01,62989088.0,769508992.0
2011-03-28,12.14,12.21,12.06,12.02,38076508.0,461291040.0
2011-03-25,11.86,12.1,12.03,11.83,40107624.0,482263488.0
2011-03-24,11.9,11.92,11.82,11.8,18171128.0,215259296.0
2011-03-23,11.77,11.93,11.89,11.7,28890024.0,342027840.0
2011-03-22,11.68,11.81,11.78,11.6,31000366.0,363902400.0
2011-03-21,11.7,11.75,11.63,11.6,19695500.0,229619456.0
2011-03-18,11.7,11.88,11.77,11.58,24746064.0,288437024.0
2011-03-17,11.69,11.69,11.6,11.55,25189672.0,292601824.0
2011-03-16,11.65,11.81,11.79,11.61,22515222.0,263528992.0
2011-03-15,11.85,11.85,11.65,11.52,38156952.0,443825952.0
2011-03-14,11.9,11.98,11.88,11.82,18233000.0,216504160.0
2011-03-11,11.94,12.02,11.86,11.83,22336300.0,266536848.0
2011-03-10,12.23,12.24,11.96,11.95,38283520.0,460920800.0
2011-03-09,12.25,12.46,12.26,12.23,56639800.0,699461056.0
2011-03-08,12.23,12.31,12.19,12.13,35832676.0,437688352.0
2011-03-07,12.17,12.35,12.21,12.13,69171264.0,845068928.0
2011-03-04,12.01,12.18,12.14,11.95,48139192.0,581105600.0
2011-03-03,11.94,12.3,12.07,11.85,102316296.0,1240996736.0
2011-03-02,11.71,12.06,11.9,11.66,67471856.0,803563136.0
2011-03-01,11.67,11.89,11.78,11.63,35213280.0,414085824.0
2011-02-28,11.62,11.67,11.66,11.53,20533644.0,238512384.0
2011-02-25,11.56,11.72,11.61,11.45,30626472.0,354298272.0
2011-02-24,11.53,11.59,11.56,11.45,21832204.0,251465696.0
2011-02-23,11.53,11.6,11.55,11.49,22625332.0,260944160.0
2011-02-22,11.93,11.94,11.55,11.5,50212668.0,585551808.0
2011-02-21,11.89,11.95,11.95,11.8,35638504.0,423074016.0
2011-02-18,12.08,12.15,11.98,11.97,27073248.0,325688608.0
2011-02-17,12.02,12.4,12.1,11.96,47307208.0,574734912.0
2011-02-16,11.87,12.0,11.98,11.83,28010280.0,333605888.0
2011-02-15,12.0,12.07,11.89,11.88,43741832.0,524422208.0
2011-02-14,11.62,12.06,11.99,11.61,53966480.0,640956992.0
2011-02-11,11.64,11.66,11.62,11.55,28961396.0,336151168.0
2011-02-10,11.5,11.69,11.67,11.46,20551272.0,237636480.0
2011-02-09,11.7,11.86,11.5,11.47,25115724.0,292515200.0
2011-02-01,11.61,11.85,11.77,11.6,20764696.0,243387008.0
2011-01-31,11.59,11.69,11.62,11.55,16526347.0,191885568.0
2011-01-28,11.75,11.81,11.6,11.52,24472256.0,284097376.0
2011-01-27,11.59,11.84,11.8,11.47,27626068.0,322217280.0
2011-01-26,11.62,11.7,11.7,11.57,12892736.0,150202976.0
2011-01-25,11.5,11.71,11.61,11.48,18323812.0,212975840.0
2011-01-24,11.5,11.6,11.51,11.42,14047247.0,161633216.0
2011-01-21,11.31,11.83,11.52,11.29,27404640.0,316338208.0
2011-01-20,11.57,11.57,11.32,11.3,24029232.0,273803008.0
2011-01-19,11.48,11.62,11.59,11.37,20474404.0,235539040.0
2011-01-18,11.42,11.59,11.48,11.33,18594300.0,213169136.0
2011-01-17,11.84,11.9,11.47,11.4,29447036.0,343155744.0
2011-01-14,12.09,12.09,11.92,11.86,20895776.0,249759184.0
2011-01-13,12.25,12.27,12.15,12.06,25448748.0,308975680.0
2011-01-12,11.96,12.25,12.22,11.89,51709920.0,625442752.0
2011-01-11,11.69,11.99,11.96,11.65,31414298.0,372077824.0
2011-01-10,11.93,12.1,11.73,11.72,51143336.0,607204928.0
2011-01-07,11.66,12.29,12.05,11.6,110213776.0,1325557120.0
2011-01-06,11.6,11.74,11.64,11.57,26344328.0,306608928.0
2011-01-05,11.58,11.69,11.64,11.5,35019408.0,407133920.0
2011-01-04,11.5,11.75,11.63,11.31,45704508.0,528558848.0
