date,open,high,close,low,volume,amount
2015-12-31,17.19,17.26,17.07,16.9,96048517.0,1644999070.0
2015-12-30,17.23,17.33,17.24,17.11,97355406.0,1675060664.0
2015-12-29,16.93,17.45,17.29,16.93,102061043.0,1753984666.0
2015-12-28,17.47,17.55,16.96,16.93,172373681.0,2972790845.0
2015-12-25,17.27,17.53,17.44,17.22,80822731.0,1406290548.0
2015-12-24,17.3,17.38,17.27,17.02,126962104.0,2184029952.0
2015-12-23,17.21,17.63,17.23,17.04,211671184.0,3662505472.0
2015-12-22,16.86,17.35,17.18,16.82,224835598.0,3844108366.0
2015-12-21,16.3,17.14,16.86,16.27,210730448.0,3537125888.0
2015-12-18,16.14,16.88,16.39,16.12,171044048.0,2823074304.0
2015-12-17,16.12,16.3,16.18,16.07,101074376.0,1636952192.0
2015-12-16,16.13,16.15,16.1,16.03,59741160.0,959995840.0
2015-12-15,16.25,16.3,16.08,16.02,72284480.0,1164983680.0
2015-12-14,15.85,16.31,16.24,15.8,106531376.0,1714349952.0
2015-12-11,16.03,16.09,15.95,15.9,95478208.0,1526883072.0
2015-12-10,16.14,16.37,16.09,16.08,91151256.0,1476971520.0
2015-12-09,16.13,16.34,16.2,16.11,96799954.0,1572079213.0
2015-12-08,16.1,16.32,16.13,15.9,104599944.0,1684486528.0
2015-12-07,16.15,16.2,16.17,16.02,64895249.0,1045606254.0
2015-12-04,16.42,16.48,16.07,16.04,121050232.0,1962110080.0
2015-12-03,16.61,16.85,16.59,16.41,212367008.0,3527712847.0
2015-12-02,15.67,16.88,16.73,15.63,245955392.0,4028326144.0
2015-12-01,15.71,15.78,15.7,15.44,80528032.0,1256129445.0
2015-11-30,15.48,15.78,15.65,15.39,105057888.0,1636696320.0
2015-11-27,16.01,16.04,15.49,15.4,125489096.0,1974236288.0
2015-11-26,16.2,16.35,16.08,16.07,78496728.0,1273455104.0
2015-11-25,16.07,16.23,16.17,15.91,99936816.0,1604826752.0
2015-11-24,16.31,16.38,16.13,15.95,123260360.0,1984430080.0
2015-11-23,16.43,16.63,16.41,16.3,95643800.0,1574518656.0
2015-11-20,16.39,16.63,16.43,16.25,111204464.0,1832464384.0
2015-11-19,16.16,16.35,16.32,16.1,74562608.0,1210211328.0
2015-11-18,16.15,16.46,16.14,15.94,112197608.0,1816028288.0
2015-11-17,16.1,16.44,16.06,16.02,141433152.0,2295655680.0
2015-11-16,15.8,16.05,16.0,15.8,64993160.0,1034861376.0
2015-11-13,16.1,16.22,16.02,15.99,93687512.0,1505784320.0
2015-11-12,16.48,16.54,16.21,16.14,100233720.0,1635166464.0
2015-11-11,16.66,16.68,16.41,16.22,149808400.0,2460995072.0
2015-11-10,16.65,16.96,16.66,16.5,160438976.0,2680161792.0
2015-11-09,16.36,17.26,16.8,16.36,360557568.0,6114313728.0
2015-11-06,16.03,16.3,16.22,15.89,193398544.0,3116097792.0
2015-11-05,15.54,16.59,16.1,15.5,391005824.0,6343006720.0
2015-11-04,15.12,15.74,15.65,15.07,207445488.0,3196849664.0
2015-11-03,15.1,15.2,15.06,15.02,60653928.0,917874624.0
2015-11-02,15.2,15.27,15.11,15.09,79009328.0,1200257280.0
2015-10-30,15.1,15.42,15.27,15.1,141991104.0,2168882944.0
2015-10-29,15.06,15.17,15.07,15.03,61146032.0,922468544.0
2015-10-28,15.17,15.25,15.09,15.07,99747832.0,1513893120.0
2015-10-27,15.11,15.19,15.14,15.0,78215384.0,1180658560.0
2015-10-26,15.2,15.33,15.15,15.12,126576800.0,1926695040.0
2015-10-23,15.09,15.15,15.1,15.02,87881232.0,1325229184.0
2015-10-22,15.08,15.14,15.02,14.99,114301104.0,1719539200.0
2015-10-21,15.11,15.47,15.23,14.79,249528144.0,3780855296.0
2015-10-20,15.12,15.19,15.14,15.01,79458416.0,1199089792.0
2015-10-19,15.26,15.33,15.13,15.09,101703912.0,1546587392.0
2015-10-16,15.25,15.37,15.21,15.15,115075648.0,1755069568.0
2015-10-15,15.0,15.24,15.19,14.95,73613920.0,1113703808.0
2015-10-14,15.01,15.13,15.04,14.94,71702680.0,1077255168.0
2015-10-13,15.11,15.21,15.08,15.02,74163032.0,1119985408.0
2015-10-12,15.03,15.35,15.21,14.97,200507728.0,3037620736.0
2015-10-09,14.92,15.1,14.97,14.82,69819736.0,1048041088.0
2015-10-08,14.97,15.06,14.81,14.78,115613872.0,1727700736.0
2015-09-30,14.25,14.7,14.56,14.22,96909264.0,1405526656.0
2015-09-29,14.22,14.29,14.19,14.1,54833372.0,778198592.0
2015-09-28,14.26,14.35,14.35,14.2,40592436.0,580162880.0
2015-09-25,14.2,14.36,14.31,14.06,96841648.0,1376270976.0
2015-09-24,14.29,14.32,14.24,14.17,70178560.0,999297536.0
2015-09-23,14.39,14.42,14.23,14.19,70922416.0,1013756032.0
2015-09-22,14.39,14.67,14.52,14.33,82755888.0,1200076672.0
2015-09-21,14.43,14.47,14.38,14.24,88778048.0,1273015040.0
2015-09-18,14.66,14.77,14.51,14.46,66762984.0,974543360.0
2015-09-17,14.85,14.94,14.63,14.62,76974128.0,1141536128.0
2015-09-16,14.6,15.26,14.91,14.4,111685576.0,1644612224.0
2015-09-15,14.62,14.76,14.67,14.43,159329824.0,2331797760.0
2015-09-14,14.59,14.87,14.84,14.06,272588928.0,3968049152.0
2015-09-11,14.43,14.75,14.59,14.42,100362144.0,1465728000.0
2015-09-10,14.27,14.59,14.52,14.24,124923712.0,1805231232.0
2015-09-09,14.26,14.53,14.39,14.21,126144312.0,1811138048.0
2015-09-08,13.85,14.36,14.26,13.76,142879264.0,2010921984.0
2015-09-07,14.55,14.61,13.85,13.76,221432368.0,3151371008.0
2015-09-02,14.5,14.86,14.72,14.4,432500736.0,6327296512.0
2015-09-01,14.28,14.89,14.85,14.01,402867712.0,5867758080.0
2015-08-31,14.0,14.63,14.58,13.51,326049760.0,4567660032.0
2015-08-28,14.11,14.25,14.12,13.77,256555760.0,3606407424.0
2015-08-27,13.15,14.05,13.97,12.89,269785216.0,3601983232.0
2015-08-26,12.49,13.42,12.93,12.26,361260128.0,4657678848.0
2015-08-25,12.67,13.11,12.2,11.9,364235456.0,4611750912.0
2015-08-24,13.9,13.9,12.96,12.84,479461408.0,6322833408.0
2015-08-21,14.64,14.74,14.27,14.24,178199520.0,2588139008.0
2015-08-20,15.14,15.14,14.71,14.69,136882624.0,2042643200.0
2015-08-19,14.99,15.12,15.09,14.78,188660752.0,2817548032.0
2015-08-18,15.48,15.66,15.04,14.96,186460512.0,2862089216.0
2015-08-17,15.57,15.58,15.44,15.33,124365512.0,1917564288.0
2015-08-14,15.7,15.76,15.66,15.61,104679232.0,1640404608.0
2015-08-13,15.7,15.79,15.66,15.5,109840184.0,1715133696.0
2015-08-12,15.76,15.87,15.66,15.65,140226912.0,2210900736.0
2015-08-11,16.24,16.24,15.96,15.91,178364256.0,2861680128.0
2015-08-10,15.89,16.4,16.29,15.67,205793968.0,3297830144.0
2015-08-07,15.88,16.05,15.88,15.77,105738368.0,1685162496.0
2015-08-06,15.59,15.96,15.78,15.57,103040800.0,1629658496.0
2015-08-05,16.03,16.12,15.73,15.72,108657368.0,1725883520.0
2015-08-04,15.86,16.12,16.05,15.75,117091920.0,1869143936.0
2015-08-03,15.44,16.03,15.96,15.33,234771312.0,3698748416.0
2015-07-31,15.26,15.57,15.54,15.15,197853120.0,3046267904.0
2015-07-30,15.61,15.74,15.3,15.27,153838240.0,2391916800.0
2015-07-29,15.43,15.63,15.61,15.32,178388656.0,2754992640.0
2015-07-28,14.95,15.67,15.45,14.95,300719072.0,4621078016.0
2015-07-27,16.45,16.47,15.26,15.22,378434048.0,6028352000.0
2015-07-24,16.84,16.95,16.57,16.56,177036448.0,2968664320.0
2015-07-23,16.51,16.91,16.82,16.45,207561824.0,3480344320.0
2015-07-22,16.62,16.71,16.51,16.5,195391360.0,3238408192.0
2015-07-21,17.0,17.17,16.73,16.71,247709088.0,4168969216.0
2015-07-20,17.25,17.26,17.07,17.01,249615296.0,4271567616.0
2015-07-17,17.22,17.47,17.31,17.04,276379328.0,4768031744.0
2015-07-16,17.22,17.25,17.07,16.91,216797360.0,3703685120.0
2015-07-15,17.04,17.42,17.29,16.8,424030336.0,7251939840.0
2015-07-14,17.45,17.59,17.17,16.8,410589888.0,7070650368.0
2015-07-13,17.47,18.15,17.58,17.11,538519296.0,9477019648.0
2015-07-10,17.0,18.56,17.68,16.8,716928576.0,12814490624.0
2015-07-09,15.53,17.08,17.08,14.8,1130488448.0,18428565504.0
2015-07-08,15.51,16.99,15.53,15.48,1181838336.0,18917588992.0
2015-07-07,16.6,17.47,17.2,15.89,1026111424.0,17342998528.0
2015-07-06,17.0,17.0,16.95,16.18,834133760.0,13904933888.0
2015-07-03,16.5,16.56,15.75,15.36,469796480.0,7547556352.0
2015-07-02,16.75,16.98,16.45,15.94,500338016.0,8281983488.0
2015-07-01,16.95,17.15,16.6,16.51,374377952.0,6339900928.0
2015-06-30,16.28,17.26,17.25,16.02,606091264.0,10123138048.0
2015-06-29,16.64,16.85,16.15,15.2,591766976.0,9630254080.0
2015-06-26,17.02,17.65,16.33,15.8,559716352.0,9392325632.0
2015-06-25,18.45,18.45,17.44,17.3,500795040.0,9026168832.0
2015-06-24,17.77,17.9,17.82,17.26,380782912.0,6702576128.0
2015-06-23,17.22,17.8,17.73,16.7,383988352.0,6666914816.0
2015-06-19,17.8,17.99,17.22,16.9,460591264.0,8081039872.0
2015-06-18,18.7,18.7,18.01,17.98,402083264.0,7352950272.0
2015-06-17,19.18,19.37,18.9,18.68,368816256.0,6997925376.0
2015-06-16,18.95,19.38,18.79,18.66,377070912.0,7172512256.0
2015-06-15,19.95,19.95,19.12,19.01,512620384.0,9985489920.0
2015-06-12,19.87,20.76,20.04,19.38,646405504.0,12927446016.0
2015-06-11,19.93,20.2,19.7,19.52,366522944.0,7232106496.0
2015-06-10,19.93,20.26,19.92,19.7,421811776.0,8420945408.0
2015-06-09,20.4,20.82,20.12,19.87,683389632.0,13867392000.0
2015-06-08,19.41,20.76,20.68,19.21,914563008.0,18389358592.0
2015-06-05,20.0,20.18,19.3,18.9,567450368.0,11057355776.0
2015-06-04,18.8,19.89,19.52,18.57,780796800.0,15064231936.0
2015-06-03,18.52,18.74,18.56,18.16,443390304.0,8136066048.0
2015-06-02,18.79,18.8,18.57,18.3,348678848.0,6466827776.0
2015-06-01,18.0,18.94,18.71,17.8,445470432.0,8182157824.0
2015-05-29,18.16,18.35,17.99,17.39,429614880.0,7718717952.0
2015-05-28,19.11,19.31,18.04,17.89,517836352.0,9712736256.0
2015-05-27,19.7,19.74,19.18,19.05,425269760.0,8250581504.0
2015-05-26,20.26,20.36,20.08,19.8,431107808.0,8611324928.0
2015-05-25,19.8,20.36,20.16,19.8,510073728.0,10222963712.0
2015-05-22,18.83,19.65,19.54,18.75,573875776.0,11078125568.0
2015-05-21,18.65,18.77,18.64,18.45,316305024.0,5883688960.0
2015-05-20,18.57,18.96,18.6,18.35,494746560.0,9217405952.0
2015-05-19,17.72,18.75,18.57,17.66,562454720.0,10335518720.0
2015-05-18,17.92,18.1,17.75,17.72,278313504.0,4980179968.0
2015-05-15,18.05,18.24,17.9,17.65,367050496.0,6588357120.0
2015-05-14,18.1,18.33,18.05,17.93,560439488.0,10143954944.0
2015-05-13,18.9,18.92,18.37,18.18,317125440.0,5900944384.0
2015-05-12,18.7,18.95,18.8,18.34,352509440.0,6571748864.0
2015-05-11,18.12,18.74,18.69,17.8,451658944.0,8207298048.0
2015-05-08,18.36,18.4,18.12,17.8,271962368.0,4912780288.0
2015-05-07,18.1,18.24,18.08,17.89,225147936.0,4076939776.0
2015-05-06,18.25,18.7,18.07,17.8,403993504.0,7372563456.0
2015-05-05,19.13,19.13,18.09,17.97,433880768.0,8056945152.0
2015-05-04,19.31,19.31,19.12,18.91,263733632.0,5031704576.0
2015-04-30,19.77,20.04,19.41,19.37,310290688.0,6094665728.0
2015-04-29,19.71,20.0,19.76,19.48,283794368.0,5606765568.0
2015-04-28,19.75,20.96,19.93,19.66,708692160.0,14309977088.0
2015-04-27,19.55,19.78,19.63,19.33,408751680.0,7987253760.0
2015-04-24,19.8,19.85,19.34,18.89,597700352.0,11582932992.0
2015-04-23,20.78,20.9,20.15,20.0,436127360.0,8839030784.0
2015-04-22,19.88,20.75,20.7,19.6,483232704.0,9761509376.0
2015-04-21,19.38,19.81,19.75,19.17,368978272.0,7197688320.0
2015-04-20,20.9,21.0,19.46,19.25,604540544.0,12198171648.0
2015-04-17,21.0,21.3,20.56,20.52,405475936.0,8437645824.0
2015-04-16,19.86,20.56,20.54,19.7,345838272.0,6960153600.0
2015-04-15,20.0,20.5,20.05,19.69,355187200.0,7166526464.0
2015-04-14,20.59,20.63,20.17,20.0,297974656.0,6044706816.0
2015-04-13,21.15,21.42,20.69,20.48,404516480.0,8485709824.0
2015-04-10,19.83,20.56,20.39,19.74,368250368.0,7402638848.0
2015-04-09,20.43,21.29,19.83,19.62,493283104.0,10021728256.0
2015-04-08,19.75,20.5,20.47,19.54,499378496.0,9951654912.0
2015-04-07,19.18,20.15,19.79,19.09,528003296.0,10370100224.0
2015-04-03,18.1,18.68,18.65,18.0,387794368.0,7140867584.0
2015-04-02,18.46,18.47,18.12,17.73,391094016.0,7067408896.0
2015-04-01,18.2,18.76,18.39,18.01,312604512.0,5738064896.0
2015-03-31,18.94,19.48,18.36,18.03,504674816.0,9453716480.0
2015-03-30,17.51,18.7,18.5,17.3,636651968.0,11493986304.0
2015-03-27,17.0,17.28,17.0,16.66,335500448.0,5702163968.0
2015-03-26,16.59,17.36,17.03,16.26,418324928.0,7084348416.0
2015-03-25,17.14,17.49,16.72,16.64,432691648.0,7363719168.0
2015-03-24,17.5,17.62,17.3,17.04,421602656.0,7310855680.0
2015-03-23,17.2,17.88,17.63,17.2,580508544.0,10160348160.0
2015-03-20,17.15,17.51,17.05,16.61,582164608.0,9896084480.0
2015-03-19,17.28,17.61,17.15,17.02,514910464.0,8897887232.0
2015-03-18,17.09,17.15,17.12,16.8,459722912.0,7804528128.0
2015-03-17,17.1,17.3,17.05,16.68,536223200.0,9077621760.0
2015-03-16,16.6,17.09,17.06,16.21,655065792.0,10963715072.0
2015-03-13,15.96,17.21,16.49,15.85,1043204352.0,17202737152.0
2015-03-12,15.5,16.03,15.97,15.2,1357222144.0,21407023104.0
2015-03-11,14.35,14.86,14.57,14.35,505577824.0,7409068032.0
2015-03-10,14.51,14.56,14.25,14.21,542043008.0,7793615872.0
2015-03-09,13.56,14.88,14.71,13.38,825676928.0,11820402688.0
2015-03-06,13.46,13.62,13.53,13.46,144379200.0,1956779392.0
2015-03-05,13.77,13.78,13.46,13.38,271145024.0,3667168768.0
2015-03-04,13.9,13.97,13.81,13.76,185037120.0,2557832960.0
2015-03-03,14.23,14.23,13.89,13.88,262881712.0,3686378496.0
2015-03-02,14.31,14.36,14.27,14.13,267754784.0,3804422656.0
2015-02-27,14.26,14.43,14.24,14.21,220534992.0,3154798592.0
2015-02-26,13.94,14.29,14.27,13.86,243724560.0,3440838400.0
2015-02-25,14.14,14.15,13.96,13.91,188111072.0,2635908608.0
2015-02-17,14.08,14.22,14.11,14.08,196241696.0,2774583296.0
2015-02-16,14.16,14.17,14.07,13.98,220291360.0,3092596480.0
2015-02-13,14.13,14.34,14.12,14.03,326660512.0,4629041152.0
2015-02-12,14.05,14.17,14.05,13.84,355296320.0,4970081280.0
2015-02-11,14.28,14.49,14.31,14.23,153988720.0,2204282880.0
2015-02-10,14.11,14.44,14.37,14.04,199006560.0,2843564800.0
2015-02-09,14.05,14.31,14.12,13.77,228843808.0,3212522752.0
2015-02-06,14.03,14.25,14.05,13.93,200138848.0,2825415424.0
2015-02-05,14.86,14.86,14.13,14.11,379612800.0,5524626432.0
2015-02-04,14.42,14.56,14.11,14.1,177766336.0,2551662336.0
2015-02-03,14.25,14.45,14.4,13.99,212059904.0,3011732992.0
2015-02-02,14.1,14.28,14.04,14.03,187119216.0,2645502976.0
2015-01-30,14.59,14.72,14.47,14.32,200223840.0,2911409152.0
2015-01-29,14.52,14.66,14.44,14.35,234858096.0,3400315136.0
2015-01-28,14.77,15.02,14.77,14.6,220425360.0,3251768320.0
2015-01-27,15.32,15.37,14.9,14.65,296580960.0,4431866368.0
2015-01-26,15.41,15.58,15.28,15.1,235953632.0,3594619648.0
2015-01-23,15.51,15.85,15.45,15.36,264996416.0,4128864768.0
2015-01-22,15.56,15.6,15.42,15.23,241513648.0,3727422976.0
2015-01-21,14.96,15.71,15.61,14.84,389344000.0,5943740928.0
2015-01-20,15.01,15.29,14.87,14.5,443613504.0,6606519808.0
2015-01-19,15.2,15.79,15.11,15.11,417799808.0,6439026176.0
2015-01-16,16.6,17.1,16.79,16.51,508128800.0,8558651904.0
2015-01-15,16.16,16.88,16.85,16.0,311691168.0,5119479808.0
2015-01-14,15.95,16.4,16.17,15.94,263964816.0,4268179456.0
2015-01-13,15.95,16.15,15.89,15.75,203126736.0,3229481216.0
2015-01-12,16.16,16.47,16.03,15.65,310327136.0,4977831936.0
2015-01-09,15.85,17.18,16.18,15.63,496950496.0,8145768960.0
2015-01-08,16.61,16.66,15.91,15.84,324858304.0,5218959360.0
2015-01-07,16.78,17.03,16.61,16.2,379315744.0,6294276096.0
2015-01-06,16.6,17.49,16.99,16.49,479260992.0,8130182656.0
2015-01-05,16.83,17.08,16.87,16.32,528403808.0,8847190016.0
2014-12-31,16.3,16.61,16.5,15.9,510708320.0,8355868160.0
2014-12-30,15.67,16.3,16.26,15.55,696047296.0,11133888512.0
2014-12-29,16.1,16.56,15.55,15.21,822935040.0,13197895680.0
2014-12-26,14.63,15.11,15.05,14.5,520194464.0,7715836928.0
2014-12-25,14.01,14.63,14.49,13.8,443368544.0,6320759296.0
2014-12-24,14.35,14.46,13.78,13.47,418551296.0,5810787840.0
2014-12-23,14.79,15.2,14.35,14.31,400909952.0,5896056320.0
2014-12-22,14.57,15.58,14.99,14.57,657529472.0,9928352768.0
2014-12-19,14.27,14.6,14.49,13.91,435238432.0,6235831296.0
2014-12-18,14.39,14.6,14.27,13.96,564942336.0,8100940800.0
2014-12-17,13.47,14.57,14.28,13.3,814727616.0,11362135040.0
2014-12-16,12.8,13.39,13.37,12.76,369016064.0,4841012736.0
2014-12-15,13.0,13.0,12.84,12.58,294409632.0,3752158208.0
2014-12-12,13.2,13.54,13.11,13.0,351460448.0,4655982080.0
2014-12-11,13.06,13.79,13.25,12.9,455299296.0,6099904000.0
2014-12-10,13.05,13.5,13.32,12.36,566505024.0,7330250752.0
2014-12-09,13.74,14.27,12.8,12.65,772245376.0,10595530752.0
2014-12-08,13.4,14.15,13.92,13.2,698200960.0,9584290816.0
2014-12-05,13.43,14.05,13.6,12.87,922080384.0,12404157440.0
2014-12-04,12.43,13.37,13.29,12.28,726388032.0,9324282880.0
2014-12-03,12.62,13.0,12.38,12.22,727334144.0,9187549184.0
2014-12-02,11.82,12.9,12.59,11.75,668287104.0,8204710912.0
2014-12-01,12.21,12.63,11.92,11.9,660717824.0,8032628224.0
2014-11-28,11.21,12.2,12.14,11.13,837004480.0,9792449536.0
2014-11-27,11.09,11.3,11.18,11.01,396644512.0,4424940032.0
2014-11-26,10.88,11.16,11.04,10.82,385568992.0,4232333312.0
2014-11-25,10.68,10.86,10.83,10.65,252907664.0,2718600448.0
2014-11-24,10.54,10.88,10.71,10.35,407059168.0,4319984128.0
2014-11-21,10.53,10.72,10.7,10.45,170928160.0,1809775616.0
2014-11-20,10.52,10.6,10.55,10.47,100026040.0,1054196288.0
2014-11-19,10.53,10.59,10.52,10.47,91650224.0,964287424.0
2014-11-18,10.7,10.7,10.55,10.5,154817504.0,1637200384.0
2014-11-17,10.95,10.98,10.7,10.69,164310192.0,1778397184.0
2014-11-14,10.89,10.98,10.86,10.73,184986848.0,2002280192.0
2014-11-13,11.08,11.23,10.94,10.89,242835184.0,2678714624.0
2014-11-12,10.89,11.03,11.02,10.83,201705408.0,2204953856.0
2014-11-11,10.84,11.35,11.04,10.84,576248000.0,6389123584.0
2014-11-10,10.79,10.91,10.82,10.63,257378320.0,2769456640.0
2014-11-07,10.48,10.9,10.59,10.43,316085856.0,3364186624.0
2014-11-06,10.54,10.56,10.48,10.4,139605584.0,1462111360.0
2014-11-05,10.62,10.68,10.49,10.45,198023824.0,2083775872.0
2014-11-04,10.81,10.82,10.65,10.61,143671056.0,1532091520.0
2014-11-03,11.03,11.09,10.76,10.72,207461776.0,2249511168.0
2014-10-31,10.49,11.15,10.86,10.49,447859904.0,4829410304.0
2014-10-30,10.29,10.49,10.45,10.22,214601408.0,2223069696.0
2014-10-29,10.17,10.34,10.28,10.13,146500080.0,1500670208.0
2014-10-28,10.06,10.15,10.15,10.02,73970672.0,745633088.0
2014-10-27,10.15,10.18,10.01,9.99,104498112.0,1051699904.0
2014-10-24,10.25,10.32,10.24,10.21,79633240.0,817262272.0
2014-10-23,10.18,10.33,10.23,10.18,144009264.0,1479233664.0
2014-10-22,10.14,10.29,10.17,10.13,94089840.0,960357440.0
2014-10-21,10.22,10.25,10.13,10.11,80028992.0,814205888.0
2014-10-20,10.19,10.29,10.24,10.13,86402344.0,881255168.0
2014-10-17,10.17,10.22,10.14,10.11,82546840.0,838310720.0
2014-10-16,10.12,10.35,10.17,10.09,139710352.0,1430423936.0
2014-10-15,10.13,10.21,10.17,10.08,69530592.0,706102208.0
2014-10-14,10.14,10.23,10.14,10.1,66737896.0,677666624.0
2014-10-13,10.22,10.25,10.15,10.09,85581200.0,869181504.0
2014-10-10,10.29,10.31,10.27,10.22,81946016.0,840536192.0
2014-10-09,10.35,10.39,10.33,10.28,94404456.0,975326528.0
2014-10-08,10.27,10.35,10.34,10.2,108498312.0,1115448832.0
2014-09-30,10.26,10.27,10.22,10.18,78255976.0,799546944.0
2014-09-29,10.25,10.29,10.24,10.21,84306168.0,864021184.0
2014-09-26,10.2,10.25,10.2,10.16,62060272.0,633152832.0
2014-09-25,10.34,10.37,10.25,10.2,103903136.0,1070116992.0
2014-09-24,10.11,10.35,10.33,10.06,146917008.0,1501252736.0
2014-09-23,10.09,10.16,10.12,10.07,62945680.0,636574528.0
2014-09-22,10.32,10.32,10.09,10.07,127652768.0,1297851904.0
2014-09-19,10.29,10.4,10.34,10.28,149013792.0,1543490944.0
2014-09-18,10.25,10.39,10.29,10.19,132536264.0,1364670208.0
2014-09-17,10.27,10.31,10.25,10.21,91644368.0,939232192.0
2014-09-16,10.31,10.39,10.23,10.22,157469472.0,1621606656.0
2014-09-15,10.32,10.32,10.31,10.25,86667056.0,891526528.0
2014-09-12,10.34,10.37,10.37,10.28,96793624.0,998255040.0
2014-09-11,10.36,10.54,10.36,10.32,124389848.0,1293883264.0
2014-09-10,10.46,10.46,10.37,10.34,97669632.0,1014198912.0
2014-09-09,10.62,10.64,10.49,10.47,97158520.0,1022496000.0
2014-09-05,10.62,10.68,10.62,10.55,105601952.0,1120375168.0
2014-09-04,10.57,10.64,10.59,10.49,91825816.0,969490752.0
2014-09-03,10.52,10.63,10.55,10.47,116054520.0,1225652224.0
2014-09-02,10.34,10.48,10.46,10.26,131512800.0,1364128512.0
2014-09-01,10.31,10.32,10.31,10.24,85601296.0,879702528.0
2014-08-29,10.21,10.32,10.32,10.18,50089704.0,513977184.0
2014-08-28,10.25,10.28,10.16,10.16,58756632.0,600462272.0
2014-08-27,10.26,10.32,10.27,10.2,55740944.0,571519872.0
2014-08-26,10.24,10.31,10.26,10.21,63313960.0,649449280.0
2014-08-25,10.36,10.38,10.24,10.21,63281788.0,649438144.0
2014-08-22,10.3,10.42,10.36,10.28,71209840.0,737915456.0
2014-08-21,10.42,10.44,10.31,10.23,91505320.0,944212544.0
2014-08-20,10.5,10.51,10.41,10.41,71690272.0,749057792.0
2014-08-19,10.54,10.55,10.52,10.45,105220040.0,1104544640.0
2014-08-18,10.52,10.6,10.52,10.46,91177800.0,959636544.0
2014-08-15,10.48,10.54,10.52,10.36,121244432.0,1269002752.0
2014-08-14,10.58,10.6,10.49,10.48,86563712.0,911691648.0
2014-08-13,10.58,10.67,10.58,10.48,102006016.0,1075530240.0
2014-08-12,10.68,10.69,10.6,10.5,111180600.0,1174188544.0
2014-08-11,10.61,10.75,10.71,10.6,106769752.0,1142143616.0
2014-08-08,10.53,10.64,10.56,10.5,85283064.0,901059072.0
2014-08-07,10.65,10.71,10.54,10.52,93196472.0,987337472.0
2014-08-06,10.81,10.81,10.66,10.5,183858208.0,1954400000.0
2014-08-05,11.11,11.16,10.87,10.81,160637488.0,1755365632.0
2014-08-04,10.95,11.18,11.1,10.84,175787344.0,1933035392.0
2014-08-01,11.05,11.23,10.92,10.91,155797392.0,1725677312.0
2014-07-31,10.89,11.08,11.07,10.81,105598016.0,1153926144.0
2014-07-30,11.07,11.22,10.92,10.85,149717072.0,1649030400.0
2014-07-29,10.97,11.07,10.95,10.85,179011280.0,1961139072.0
2014-07-28,10.38,11.0,10.91,10.38,288438336.0,3107927040.0
2014-07-25,10.27,10.4,10.33,10.17,136834640.0,1407350784.0
2014-07-24,9.75,10.34,10.24,9.75,286461632.0,2896746752.0
2014-07-23,9.69,9.82,9.71,9.66,81650488.0,796145280.0
2014-07-22,9.46,9.79,9.67,9.44,129920568.0,1255050240.0
2014-07-21,9.52,9.54,9.48,9.45,40228812.0,381305632.0
2014-07-18,9.43,9.56,9.51,9.43,87789264.0,835307392.0
2014-07-17,9.91,9.92,9.87,9.83,48496880.0,478533216.0
2014-07-16,9.9,9.94,9.91,9.87,73518032.0,727893312.0
2014-07-15,9.85,9.97,9.93,9.83,69888440.0,692407168.0
2014-07-14,9.86,9.87,9.85,9.8,58002328.0,570220736.0
2014-07-11,9.79,9.87,9.83,9.79,41389976.0,407309888.0
2014-07-10,9.82,9.85,9.8,9.77,42992424.0,421209056.0
2014-07-09,9.96,9.97,9.82,9.79,69143160.0,682160704.0
2014-07-08,10.01,10.02,9.98,9.92,47264188.0,470702784.0
2014-07-07,10.01,10.06,10.03,9.97,34660992.0,347033696.0
2014-07-04,10.04,10.06,10.02,9.99,37162200.0,372292288.0
2014-07-03,10.06,10.08,10.05,10.0,49805004.0,500240832.0
2014-07-02,10.01,10.08,10.06,9.98,30401068.0,304882592.0
2014-07-01,10.09,10.11,10.01,9.98,29642506.0,296949504.0
2014-06-30,9.97,10.08,10.03,9.93,43663376.0,437384160.0
2014-06-27,9.93,9.97,9.94,9.91,36957768.0,367120896.0
2014-06-26,9.87,9.95,9.93,9.87,31118620.0,308659008.0
2014-06-25,9.94,9.94,9.86,9.82,46465440.0,458029760.0
2014-06-24,9.92,9.98,9.93,9.87,39205136.0,389658432.0
2014-06-23,9.97,10.0,9.9,9.88,45831440.0,455301056.0
2014-06-20,9.87,9.98,9.97,9.85,42764100.0,424187968.0
2014-06-19,10.06,10.09,9.87,9.83,64090028.0,637828416.0
2014-06-18,10.12,10.13,10.04,10.01,49897340.0,501937824.0
2014-06-17,10.22,10.23,10.12,10.08,70997056.0,720208512.0
2014-06-16,10.09,10.34,10.27,10.06,166084288.0,1695806592.0
2014-06-13,10.02,10.21,10.11,9.92,153630208.0,1548020608.0
2014-06-12,9.91,9.96,9.88,9.88,53441080.0,530086784.0
2014-06-11,9.9,9.95,9.9,9.85,42929040.0,424671232.0
2014-06-10,9.84,9.95,9.94,9.82,64114152.0,634474496.0
2014-06-09,9.7,9.92,9.79,9.66,51377720.0,504388448.0
2014-06-06,9.86,9.86,9.73,9.68,41183192.0,401390144.0
2014-06-05,9.71,9.86,9.85,9.69,30709188.0,300181088.0
2014-06-04,9.81,9.83,9.72,9.67,44376304.0,430812000.0
2014-06-03,9.84,9.94,9.8,9.79,41737072.0,411059936.0
2014-05-30,9.88,9.9,9.83,9.81,44148764.0,434585984.0
2014-05-29,9.93,10.03,9.86,9.86,50497288.0,502929536.0
2014-05-28,9.8,9.96,9.94,9.78,51831752.0,511631616.0
2014-05-27,9.88,9.9,9.82,9.78,36066412.0,355256512.0
2014-05-26,9.97,9.98,9.89,9.82,39424156.0,390745152.0
2014-05-23,9.79,9.88,9.88,9.76,40657920.0,399423808.0
2014-05-22,9.75,9.97,9.79,9.72,61185640.0,603106752.0
2014-05-21,9.65,9.8,9.78,9.58,43261380.0,419811936.0
2014-05-20,9.74,9.77,9.67,9.61,46415072.0,449324736.0
2014-05-19,9.91,9.91,9.69,9.63,108901640.0,1057564288.0
2014-05-16,9.96,10.06,9.97,9.94,53629652.0,536205120.0
2014-05-15,10.0,10.06,9.97,9.96,47056328.0,471269920.0
2014-05-14,10.01,10.1,10.01,9.95,42604280.0,427414048.0
2014-05-13,10.02,10.04,9.98,9.94,42630968.0,425968480.0
2014-05-12,9.95,10.09,10.02,9.86,88635040.0,886139328.0
2014-05-09,9.86,9.92,9.87,9.82,47527840.0,469113760.0
2014-05-08,9.81,10.02,9.83,9.78,63086252.0,623527104.0
2014-05-07,9.96,9.97,9.81,9.8,66763712.0,659808320.0
2014-05-06,10.0,10.09,9.96,9.93,46358336.0,463431456.0
2014-05-05,10.15,10.16,10.02,9.91,82299240.0,823073984.0
2014-04-30,10.15,10.27,10.17,10.12,62112312.0,633638656.0
2014-04-29,10.03,10.19,10.13,10.01,76059152.0,767889408.0
2014-04-28,10.2,10.28,9.97,9.93,100447944.0,1005642496.0
2014-04-25,10.24,10.45,10.22,10.17,84649824.0,871377792.0
2014-04-24,10.28,10.44,10.22,10.21,77904760.0,803201536.0
2014-04-23,10.18,10.46,10.26,10.14,156705696.0,1617679872.0
2014-04-22,9.89,10.26,10.23,9.86,136756352.0,1379237632.0
2014-04-21,10.02,10.21,9.9,9.9,89519328.0,902960704.0
2014-04-18,9.95,10.09,10.08,9.86,71340496.0,713040192.0
2014-04-17,10.15,10.19,10.02,9.98,80813064.0,813849280.0
2014-04-16,9.94,10.12,10.03,9.89,91479456.0,914532032.0
2014-04-15,10.23,10.25,9.98,9.97,143295184.0,1440213248.0
2014-04-14,10.38,10.44,10.29,10.2,87386792.0,899101952.0
2014-04-11,10.24,10.49,10.41,10.17,169345888.0,1755166336.0
2014-04-10,10.3,10.54,10.32,10.13,219530080.0,2261431552.0
2014-04-09,10.3,10.36,10.29,10.2,174643808.0,1794205696.0
2014-04-08,9.66,10.5,10.35,9.66,436417248.0,4430930432.0
2014-04-04,9.31,9.59,9.58,9.3,89127264.0,845676544.0
2014-04-03,9.55,9.58,9.38,9.32,80428480.0,761104640.0
2014-04-02,9.38,9.57,9.49,9.34,83313600.0,788107200.0
2014-04-01,9.34,9.45,9.38,9.28,111118616.0,1037965696.0
2014-03-31,9.6,9.66,9.52,9.38,85561568.0,813201600.0
2014-03-28,9.44,9.71,9.58,9.41,115018808.0,1102764544.0
2014-03-27,9.36,9.67,9.47,9.3,117855728.0,1118390016.0
2014-03-26,9.41,9.48,9.37,9.32,51386068.0,482223232.0
2014-03-25,9.56,9.62,9.39,9.34,120525912.0,1140180480.0
2014-03-24,9.53,9.74,9.58,9.41,190922352.0,1831916288.0
2014-03-21,8.88,9.58,9.48,8.85,247149392.0,2295523072.0
2014-03-20,8.82,9.08,8.89,8.79,100697584.0,903533120.0
2014-03-19,8.86,8.87,8.83,8.72,55908168.0,490414720.0
2014-03-18,9.0,9.01,8.9,8.88,42484192.0,379704128.0
2014-03-17,9.05,9.08,8.98,8.92,45101036.0,404523040.0
2014-03-14,8.91,8.98,8.93,8.81,65629096.0,582444096.0
2014-03-13,8.96,9.14,8.96,8.9,99381664.0,895298368.0
2014-03-12,8.65,8.94,8.87,8.63,97332032.0,855289792.0
2014-03-11,8.66,8.78,8.65,8.6,68571392.0,594880640.0
2014-03-10,8.98,8.98,8.65,8.61,130034056.0,1144560000.0
2014-03-07,9.08,9.18,9.03,9.02,76364712.0,694886016.0
2014-03-06,9.03,9.17,9.11,8.99,72154128.0,655246464.0
2014-03-05,9.14,9.18,9.05,9.03,46201040.0,419937280.0
2014-03-04,9.04,9.2,9.16,8.99,74130360.0,671502400.0
2014-03-03,9.11,9.11,9.07,9.03,60057156.0,544307456.0
2014-02-28,9.12,9.18,9.12,9.02,63035312.0,573885696.0
2014-02-27,9.12,9.24,9.17,8.99,99810856.0,911521920.0
2014-02-26,9.0,9.14,9.08,8.97,69679792.0,629633984.0
2014-02-25,9.13,9.22,9.0,8.96,92604984.0,842851072.0
2014-02-24,9.37,9.38,9.12,9.09,144446592.0,1322797056.0
2014-02-21,9.55,9.59,9.47,9.4,76178784.0,722487104.0
2014-02-20,9.72,9.88,9.55,9.53,116384464.0,1127998208.0
2014-02-19,9.48,9.83,9.77,9.45,160991920.0,1554641664.0
2014-02-18,9.75,9.76,9.49,9.46,107602768.0,1030333888.0
2014-02-17,9.93,9.98,9.78,9.68,110363536.0,1076784896.0
2014-02-14,9.91,9.96,9.88,9.81,74267408.0,732588480.0
2014-02-13,9.67,10.12,9.96,9.65,179768064.0,1783235328.0
2014-02-12,9.74,9.91,9.72,9.7,84295648.0,823377088.0
2014-02-11,9.48,9.94,9.77,9.41,148629184.0,1447173504.0
2014-02-10,9.39,9.53,9.48,9.38,64325232.0,609886784.0
2014-02-07,9.32,9.35,9.35,9.25,42620972.0,395806784.0
2014-01-30,9.47,9.47,9.35,9.33,43287412.0,407086144.0
2014-01-29,9.45,9.56,9.5,9.4,59249276.0,562421632.0
2014-01-28,9.26,9.43,9.42,9.24,52755732.0,492895520.0
2014-01-27,9.32,9.36,9.22,9.2,69871640.0,648081088.0
2014-01-24,9.37,9.48,9.39,9.32,70026280.0,658676864.0
2014-01-23,9.54,9.55,9.41,9.38,55814380.0,526755744.0
2014-01-22,9.32,9.63,9.56,9.29,75891856.0,720136064.0
2014-01-21,9.22,9.37,9.29,9.22,39795624.0,370236384.0
2014-01-20,9.28,9.36,9.21,9.13,54767092.0,506024576.0
2014-01-17,9.49,9.5,9.31,9.3,63774252.0,598016128.0
2014-01-16,9.65,9.65,9.51,9.5,89681208.0,856869568.0
2014-01-15,9.76,9.77,9.63,9.58,47500672.0,458767040.0
2014-01-14,9.71,9.82,9.76,9.68,46028968.0,447747680.0
2014-01-13,9.76,9.8,9.72,9.69,42658276.0,415166624.0
2014-01-10,9.73,9.82,9.75,9.64,51809992.0,504198272.0
2014-01-09,9.69,9.88,9.73,9.65,63526500.0,620524992.0
2014-01-08,9.64,9.77,9.69,9.6,52183116.0,504730560.0
2014-01-07,9.61,9.71,9.62,9.53,43191296.0,415153216.0
2014-01-06,9.76,9.79,9.66,9.53,88880976.0,856262592.0
2014-01-03,9.92,9.94,9.73,9.71,77898480.0,761067904.0
2014-01-02,10.08,10.09,9.98,9.93,72789232.0,726735296.0
2013-12-31,9.88,10.25,10.14,9.85,96270096.0,971231232.0
2013-12-30,9.99,10.03,9.88,9.86,65897604.0,653019328.0
2013-12-27,9.7,9.98,9.93,9.68,73207656.0,720076480.0
2013-12-26,9.82,9.82,9.67,9.64,51406744.0,499555072.0
2013-12-25,9.81,9.89,9.82,9.73,58485196.0,572759168.0
2013-12-24,9.83,9.94,9.79,9.7,60661628.0,596751104.0
2013-12-23,9.82,9.92,9.78,9.73,63521464.0,624223936.0
2013-12-20,10.13,10.16,9.79,9.72,106760064.0,1061688384.0
2013-12-19,10.36,10.4,10.12,10.1,71859368.0,734662784.0
2013-12-18,10.22,10.38,10.31,10.21,45110772.0,464398464.0
2013-12-17,10.34,10.34,10.21,10.2,59008648.0,605712768.0
2013-12-16,10.39,10.47,10.3,10.26,71509328.0,740493824.0
2013-12-13,10.31,10.45,10.39,10.29,53512428.0,554470656.0
2013-12-12,10.4,10.49,10.4,10.38,54228316.0,565519360.0
2013-12-11,10.69,10.7,10.46,10.43,100706744.0,1060826240.0
2013-12-10,10.76,10.79,10.73,10.69,47614184.0,511051264.0
2013-12-09,10.8,10.85,10.71,10.67,78630408.0,843783296.0
2013-12-06,10.86,10.86,10.79,10.72,63600964.0,685480704.0
2013-12-05,10.95,10.99,10.87,10.83,81400832.0,886375040.0
2013-12-04,10.81,11.03,10.96,10.72,165835072.0,1810831488.0
2013-12-03,10.78,10.86,10.79,10.66,105269720.0,1130746368.0
2013-12-02,10.75,10.97,10.85,10.62,156705504.0,1695150976.0
2013-11-29,10.95,10.98,10.7,10.68,114516424.0,1235865216.0
2013-11-28,10.79,11.0,10.84,10.75,103222824.0,1123517568.0
2013-11-27,10.65,10.9,10.76,10.62,92206624.0,991527872.0
2013-11-26,10.75,10.84,10.72,10.66,52240224.0,560338624.0
2013-11-25,10.77,10.95,10.73,10.64,71328632.0,768156992.0
2013-11-22,11.01,11.04,10.81,10.77,107306304.0,1164864768.0
2013-11-21,11.08,11.09,11.01,10.77,129132936.0,1408267136.0
2013-11-20,11.34,11.39,11.17,11.08,101820016.0,1138509312.0
2013-11-19,11.43,11.45,11.21,11.16,103669464.0,1168347776.0
2013-11-18,10.93,11.45,11.43,10.8,175149024.0,1951342592.0
2013-11-15,10.66,11.03,10.91,10.66,98237200.0,1071104320.0
2013-11-14,10.87,10.97,10.64,10.51,118360832.0,1263529856.0
2013-11-13,11.14,11.18,10.91,10.9,95889432.0,1056766976.0
2013-11-12,11.14,11.33,11.29,11.08,83894696.0,943957824.0
2013-11-11,11.1,11.17,11.07,11.03,59553268.0,661222144.0
2013-11-08,11.13,11.24,11.09,11.04,66449080.0,739652032.0
2013-11-07,11.2,11.31,11.21,11.14,68775712.0,770260416.0
2013-11-06,11.26,11.33,11.19,11.09,129508624.0,1451688704.0
2013-11-05,11.62,11.62,11.49,11.22,123332080.0,1406552704.0
2013-11-04,11.98,12.08,11.72,11.69,70342016.0,833465600.0
2013-11-01,11.77,11.97,11.92,11.61,83146840.0,982663872.0
2013-10-31,12.0,12.11,11.76,11.67,120137504.0,1422903424.0
2013-10-30,12.0,12.17,12.15,11.83,162551232.0,1956649600.0
2013-10-29,11.65,12.32,12.09,11.62,252598000.0,3029804800.0
2013-10-28,11.71,11.74,11.54,11.42,71948912.0,831462080.0
2013-10-25,11.38,11.79,11.65,11.38,140558416.0,1635218688.0
2013-10-24,11.38,11.65,11.36,11.18,100813000.0,1154692736.0
2013-10-23,11.27,11.8,11.4,11.21,141875616.0,1635822080.0
2013-10-22,11.3,11.31,11.2,11.15,51036456.0,571825728.0
2013-10-21,11.18,11.38,11.34,11.03,69750632.0,782908032.0
2013-10-18,11.08,11.34,11.17,11.05,50290476.0,564285504.0
2013-10-17,11.22,11.27,11.07,11.02,50598072.0,561111680.0
2013-10-16,11.2,11.2,11.1,10.97,87065320.0,963238720.0
2013-10-15,11.45,11.47,11.21,11.15,71989056.0,809238912.0
2013-10-14,11.61,11.61,11.44,11.37,65295672.0,747643712.0
2013-10-11,11.33,11.74,11.61,11.28,115427448.0,1331328128.0
2013-10-10,11.65,11.68,11.21,11.16,91944200.0,1045991488.0
2013-10-09,11.26,11.89,11.58,11.2,111808440.0,1293466496.0
2013-10-08,11.13,11.35,11.25,10.82,92326384.0,1028576512.0
2013-09-30,11.29,11.38,11.17,11.12,57467500.0,644110208.0
2013-09-27,11.12,11.24,11.19,11.04,65696032.0,732310976.0
2013-09-26,11.3,11.31,11.13,11.01,122429664.0,1356306816.0
2013-09-25,11.43,11.64,11.31,11.27,88081008.0,1005846272.0
2013-09-24,11.85,11.86,11.45,11.26,159768224.0,1828857856.0
2013-09-23,11.9,12.0,11.87,11.6,118013920.0,1392454400.0
2013-09-18,11.86,12.08,11.81,11.7,106251312.0,1260960896.0
2013-09-17,12.18,12.37,11.87,11.85,131484400.0,1589240960.0
2013-09-16,12.45,12.56,12.18,11.97,179110320.0,2185192448.0
2013-09-13,12.59,12.72,12.29,12.15,150163984.0,1867780480.0
2013-09-12,12.22,13.26,12.69,12.05,313811328.0,3970493440.0
2013-09-11,12.42,12.73,12.31,12.23,190722176.0,2380798720.0
2013-09-10,12.6,12.64,12.41,12.1,285523904.0,3526052608.0
2013-09-09,11.56,12.55,12.55,11.56,354041504.0,4340513792.0
2013-09-06,11.16,11.54,11.41,11.12,90693216.0,1028437952.0
2013-09-05,11.23,11.32,11.2,11.15,56588148.0,635285632.0
2013-09-04,11.25,11.53,11.25,11.23,143085120.0,1628939520.0
2013-09-03,10.82,11.25,11.24,10.74,195601616.0,2164413440.0
2013-09-02,10.7,10.82,10.72,10.57,87166816.0,934257280.0
2013-08-30,10.64,10.78,10.62,10.48,78530440.0,834517952.0
2013-08-29,10.75,10.9,10.64,10.57,76618048.0,819818432.0
2013-08-28,10.57,10.72,10.6,10.49,96943416.0,1027286144.0
2013-08-27,10.66,10.84,10.71,10.54,83306248.0,890913984.0
2013-08-26,10.41,10.74,10.67,10.35,110434992.0,1170556544.0
2013-08-23,10.68,10.76,10.39,10.16,124619024.0,1301077248.0
2013-08-22,10.55,10.89,10.6,10.48,100567104.0,1077080704.0
2013-08-21,10.8,10.89,10.59,10.34,138236352.0,1462161920.0
2013-08-20,10.47,11.05,10.74,10.45,217908320.0,2350768896.0
2013-08-19,10.02,10.65,10.56,10.02,186120704.0,1929573120.0
2013-08-16,9.98,11.07,10.21,9.91,305088608.0,3182198272.0
2013-08-15,10.16,10.31,10.06,10.02,98406424.0,1000467392.0
2013-08-14,10.33,10.56,10.23,10.17,184000752.0,1910221952.0
2013-08-13,9.92,10.38,10.32,9.9,269349216.0,2720636672.0
2013-08-12,9.36,9.98,9.88,9.34,226460032.0,2201153536.0
2013-08-09,9.36,9.4,9.3,9.18,75252040.0,699637376.0
2013-08-08,9.31,9.4,9.27,9.22,65582380.0,609810112.0
2013-08-07,9.32,9.5,9.33,9.32,72324528.0,679786304.0
2013-08-06,9.31,9.43,9.34,9.21,72886032.0,678524864.0
2013-08-05,9.25,9.39,9.38,9.18,65820664.0,611346304.0
2013-08-02,9.37,9.43,9.23,9.2,77234216.0,720646336.0
2013-08-01,9.13,9.31,9.27,9.07,80188096.0,738608704.0
2013-07-31,9.26,9.45,9.06,9.05,74869120.0,687814656.0
2013-07-30,9.1,9.43,9.17,9.07,83916560.0,775021632.0
2013-07-29,9.18,9.19,9.13,8.94,112495224.0,1018038144.0
2013-07-26,9.32,9.41,9.34,9.25,48087400.0,449149984.0
2013-07-25,9.45,9.55,9.38,9.31,69381584.0,654650304.0
2013-07-24,9.5,9.58,9.39,9.25,108360592.0,1017064512.0
2013-07-23,9.38,9.88,9.64,9.25,125970384.0,1212601472.0
2013-07-22,9.18,9.39,9.3,9.08,118050616.0,1089241984.0
2013-07-19,9.67,9.76,9.37,9.35,114368920.0,1093518208.0
2013-07-18,10.08,10.12,9.69,9.65,138495696.0,1360224256.0
2013-07-17,10.2,10.3,10.1,10.04,83856552.0,853004032.0
2013-07-16,10.18,10.32,10.27,10.04,89531992.0,908633088.0
2013-07-15,10.11,10.51,10.26,10.02,127122016.0,1305059456.0
2013-07-12,10.4,10.47,10.07,10.01,226272544.0,2328675584.0
2013-07-11,9.8,10.4,10.4,9.72,365933024.0,3729231104.0
2013-07-10,9.17,9.48,9.45,9.16,81554352.0,760009600.0
2013-07-09,9.15,9.23,9.13,9.1,58974856.0,540583168.0
2013-07-08,9.13,9.35,9.09,9.03,76304352.0,700922496.0
2013-07-05,9.19,9.45,9.3,9.18,80791528.0,753318080.0
2013-07-04,8.96,9.35,9.13,8.76,113315064.0,1032661632.0
2013-07-03,9.1,9.18,9.02,8.87,81409648.0,734214016.0
2013-07-02,14.61,14.67,14.28,14.02,90398568.0,1286888448.0
2013-07-01,14.69,14.86,14.61,14.3,62833320.0,917622784.0
2013-06-28,14.08,14.89,14.77,13.99,104153560.0,1518553216.0
2013-06-27,14.0,14.26,14.13,13.95,101519584.0,1431323264.0
2013-06-26,14.13,14.16,13.91,13.69,123876576.0,1721986944.0
2013-06-25,13.56,13.98,13.93,12.81,200476608.0,2687083008.0
2013-06-24,15.31,15.31,13.89,13.89,230190896.0,3266633984.0
2013-06-21,15.34,15.63,15.43,15.1,92962456.0,1431851904.0
2013-06-20,16.1,16.11,15.61,15.5,108146568.0,1712602496.0
2013-06-19,16.5,16.5,16.22,16.16,84271176.0,1370388864.0
2013-06-18,16.44,16.74,16.64,16.44,62582028.0,1040059520.0
2013-06-17,16.58,16.62,16.33,16.25,54573836.0,895033408.0
2013-06-14,16.5,16.56,16.48,16.39,66040680.0,1088019584.0
2013-06-13,16.77,16.77,16.45,16.36,98643736.0,1623141760.0
2013-06-07,17.34,17.46,17.04,16.94,75305384.0,1291115136.0
2013-06-06,17.73,17.73,17.34,17.3,93373144.0,1628875776.0
2013-06-05,18.33,18.38,17.88,17.7,91285928.0,1641966464.0
2013-06-04,18.42,18.57,18.36,18.32,46205668.0,850127168.0
2013-06-03,18.58,18.64,18.41,18.32,45671792.0,844382080.0
2013-05-31,18.73,18.89,18.54,18.49,57716288.0,1078967040.0
2013-05-30,18.62,18.83,18.67,18.53,59357632.0,1109455872.0
2013-05-29,18.8,19.06,18.73,18.7,98728280.0,1861276032.0
2013-05-28,18.29,18.87,18.74,18.19,99408096.0,1841293184.0
2013-05-27,18.4,18.52,18.3,18.25,57200832.0,1049283328.0
2013-05-24,18.36,18.65,18.43,18.27,51315244.0,947820096.0
2013-05-23,18.6,18.8,18.34,18.3,70431000.0,1307737984.0
2013-05-22,18.47,18.78,18.73,18.4,70853000.0,1316019200.0
2013-05-21,18.5,18.66,18.47,18.26,63483384.0,1170566144.0
2013-05-20,18.08,18.83,18.57,18.08,120764672.0,2236171264.0
2013-05-17,18.0,18.16,18.02,17.72,110888200.0,1996266496.0
2013-05-16,17.86,18.25,18.11,17.25,149950048.0,2660964096.0
2013-05-15,17.95,18.06,17.86,17.75,52897176.0,946749120.0
2013-05-14,17.96,18.03,17.89,17.72,66992616.0,1198724480.0
2013-05-13,18.25,18.35,17.95,17.91,81302904.0,1466307328.0
2013-05-10,18.18,18.38,18.26,18.06,59999416.0,1092392704.0
2013-05-09,18.42,18.46,18.22,18.02,67250936.0,1225504256.0
2013-05-08,18.64,18.89,18.42,18.27,86846920.0,1611382528.0
2013-05-07,18.66,18.69,18.5,18.29,67798392.0,1251681792.0
2013-05-06,18.73,19.03,18.76,18.54,65602536.0,1234432896.0
2013-05-03,18.3,19.1,18.62,18.27,104656624.0,1961306368.0
2013-05-02,17.98,18.23,18.21,17.83,54075920.0,976367168.0
2013-04-26,18.41,18.65,18.16,18.09,71264376.0,1309559936.0
2013-04-25,18.48,18.62,18.23,18.0,78849248.0,1441000448.0
2013-04-24,18.29,18.98,18.6,17.8,135222800.0,2489790720.0
2013-04-23,19.0,19.0,18.22,18.17,147011200.0,2717467392.0
2013-04-22,18.11,18.6,18.57,18.11,98478384.0,1808010752.0
2013-04-19,17.2,18.4,18.19,17.17,148872192.0,2661323008.0
2013-04-18,16.52,17.33,17.21,16.3,103824664.0,1742879488.0
2013-04-17,17.1,17.2,16.99,16.77,68945192.0,1170325248.0
2013-04-16,17.45,17.48,17.29,16.71,116775152.0,1993546752.0
2013-04-15,17.6,17.79,17.58,17.3,45511856.0,798083456.0
2013-04-12,17.55,17.95,17.68,17.52,78594592.0,1397916416.0
2013-04-11,17.44,17.7,17.65,17.44,99347920.0,1749516160.0
2013-04-10,17.38,17.46,17.26,17.06,55599932.0,958306752.0
2013-04-09,17.29,17.75,17.37,17.2,74993568.0,1309935488.0
2013-04-08,16.8,17.27,17.26,16.68,79410440.0,1348364160.0
2013-04-03,16.94,17.29,17.15,16.92,99152208.0,1695990272.0
2013-04-02,17.3,17.44,16.85,16.67,110497168.0,1881364480.0
2013-04-01,17.23,17.5,17.2,17.19,79009896.0,1369439232.0
2013-03-29,17.6,17.69,17.3,17.05,198040000.0,3421679360.0
2013-03-28,17.89,18.36,17.87,17.87,365744992.0,6575040512.0
2013-03-27,19.62,20.08,19.86,19.48,77895936.0,1543550592.0
2013-03-26,19.85,19.92,19.57,19.38,96212512.0,1883530752.0
2013-03-25,20.4,20.65,20.05,19.93,72206024.0,1460861824.0
2013-03-22,20.05,20.55,20.23,20.01,69860424.0,1416917376.0
2013-03-21,20.12,20.39,20.07,19.91,107572720.0,2165312000.0
2013-03-20,18.92,20.11,20.08,18.91,193662208.0,3812480768.0
2013-03-19,18.54,19.01,18.88,18.36,91608112.0,1714017152.0
2013-03-18,18.71,19.2,18.5,18.45,108577280.0,2042337536.0
2013-03-15,18.55,19.81,18.71,18.39,172709472.0,3291284480.0
2013-03-14,18.52,18.85,18.54,18.23,61343064.0,1140901376.0
2013-03-13,18.54,18.88,18.53,18.41,77121552.0,1432794624.0
2013-03-12,19.09,19.27,18.55,18.3,101649576.0,1897958528.0
2013-03-11,19.71,19.71,19.09,18.81,77582896.0,1489587968.0
2013-03-08,19.96,20.22,19.71,19.61,93210440.0,1850956160.0
2013-03-07,20.29,20.54,19.93,19.53,141132224.0,2834575872.0
2013-03-06,20.33,20.73,20.56,20.02,140656080.0,2873901056.0
2013-03-05,18.34,20.17,20.16,18.34,176221664.0,3400344320.0
2013-03-04,19.53,19.54,18.34,18.14,207091536.0,3894780160.0
2013-03-01,19.95,20.29,20.16,19.51,167518272.0,3349220864.0
2013-02-28,19.27,19.91,19.87,18.92,176403600.0,3426628608.0
2013-02-27,18.31,19.18,18.92,18.31,116197192.0,2191095808.0
2013-02-26,17.9,19.08,18.27,17.83,167368480.0,3112250112.0
2013-02-25,17.75,18.28,18.05,17.75,78469672.0,1419353856.0
2013-02-22,18.0,18.18,17.63,17.5,90576080.0,1619710592.0
2013-02-21,18.8,18.8,18.03,17.7,180058848.0,3277494272.0
2013-02-20,19.6,19.61,19.12,18.52,110382976.0,2091698304.0
2013-02-19,19.66,19.95,19.56,19.42,59455424.0,1167947392.0
2013-02-18,19.73,20.09,19.7,19.46,81899624.0,1628060672.0
2013-02-08,19.68,19.87,19.6,19.09,109392192.0,2135251328.0
2013-02-07,20.52,20.54,19.8,19.3,167489008.0,3319824896.0
2013-02-06,20.32,20.9,20.63,20.15,79303576.0,1629690496.0
2013-02-05,20.32,20.66,20.33,19.93,95056000.0,1927748224.0
2013-02-04,20.88,21.48,20.64,20.42,120252400.0,2514083584.0
2013-02-01,19.94,20.75,20.65,19.69,113874552.0,2315697152.0
2013-01-31,19.9,20.15,19.92,19.65,72755912.0,1440695680.0
2013-01-30,19.97,20.1,19.9,19.67,113941128.0,2265638912.0
2013-01-29,19.78,20.21,20.07,19.42,132316328.0,2620975104.0
2013-01-28,18.68,19.79,19.73,18.6,157971312.0,3040898048.0
2013-01-25,18.41,18.64,18.33,18.04,68433136.0,1252506752.0
2013-01-24,18.35,19.25,18.39,18.08,146212496.0,2739725312.0
2013-01-23,17.95,18.39,18.35,17.91,61294808.0,1113150080.0
2013-01-22,17.96,18.64,18.08,17.78,123958296.0,2258965760.0
2013-01-21,17.41,18.19,18.04,17.2,134810000.0,2392954112.0
2013-01-18,17.1,17.58,17.31,16.89,112496064.0,1937351424.0
2013-01-17,16.88,17.15,17.04,16.62,94651000.0,1595496832.0
2013-01-16,17.3,17.36,16.98,16.7,100445688.0,1704523392.0
2013-01-15,17.29,17.5,17.3,17.2,79347792.0,1376045696.0
2013-01-14,16.25,17.41,17.27,16.25,148221184.0,2509223680.0
2013-01-11,16.8,16.85,16.28,16.11,114170384.0,1879810432.0
2013-01-10,16.96,17.07,16.73,16.64,90211072.0,1518584320.0
2013-01-09,16.95,17.07,16.79,16.6,88960832.0,1498709632.0
2013-01-08,17.36,17.44,17.02,16.8,106055944.0,1805135104.0
2013-01-07,16.78,17.6,17.36,16.55,122506488.0,2112016768.0
2013-01-04,17.01,17.28,16.79,16.55,118790528.0,2006566016.0
2012-12-31,16.4,16.84,16.69,16.39,87142720.0,1449758464.0
2012-12-28,16.06,16.48,16.35,16.03,77648680.0,1265665664.0
2012-12-27,16.36,16.48,16.06,15.99,84449408.0,1364738304.0
2012-12-26,16.29,16.39,16.31,16.15,77624008.0,1262112256.0
2012-12-25,15.37,16.43,16.36,15.32,124936136.0,2001189632.0
2012-12-24,15.2,15.78,15.45,15.18,81032480.0,1257335296.0
2012-12-21,15.25,15.39,15.24,15.01,73989232.0,1122825728.0
2012-12-20,15.2,15.32,15.24,14.95,93277744.0,1414730240.0
2012-12-19,15.3,15.57,15.35,15.21,73247336.0,1125955456.0
2012-12-18,15.27,15.68,15.33,15.16,113038008.0,1745852800.0
2012-12-17,15.46,15.52,15.3,15.15,125736744.0,1930287232.0
2012-12-14,13.92,15.32,15.2,13.92,170600784.0,2504201984.0
2012-12-13,14.09,14.18,13.93,13.91,56706712.0,797227648.0
2012-12-12,14.1,14.34,14.16,14.02,71919952.0,1019705856.0
2012-12-11,14.1,14.23,14.04,14.01,63178688.0,891578496.0
2012-12-10,14.18,14.26,14.18,14.04,146303200.0,2072786304.0
2012-12-07,13.67,14.1,14.08,13.59,173243264.0,2413262848.0
2012-12-06,13.41,13.84,13.61,13.41,125209352.0,1709429504.0
2012-12-05,12.75,13.53,13.48,12.75,190074832.0,2527162624.0
2012-12-04,12.41,12.74,12.7,12.4,48761272.0,612943232.0
2012-12-03,12.64,12.68,12.47,12.45,53977024.0,677015296.0
2012-11-30,12.46,12.67,12.66,12.41,39047368.0,490453216.0
2012-11-29,12.58,12.7,12.56,12.54,27299900.0,344214624.0
2012-11-28,12.56,12.72,12.58,12.52,38509984.0,486210688.0
2012-11-27,12.5,12.71,12.58,12.49,42544828.0,537079488.0
2012-11-26,12.56,12.59,12.56,12.48,24316030.0,304852576.0
2012-11-23,12.46,12.65,12.56,12.42,34348068.0,431756800.0
2012-11-22,12.42,12.46,12.4,12.34,20426358.0,253270320.0
2012-11-21,12.27,12.5,12.5,12.23,31847204.0,394083520.0
2012-11-20,12.44,12.5,12.3,12.26,29525402.0,364952640.0
2012-11-19,12.33,12.4,12.38,12.27,29521192.0,363759744.0
2012-11-16,12.43,12.48,12.33,12.29,24894512.0,307553344.0
2012-11-15,12.55,12.58,12.45,12.43,20853272.0,260813536.0
2012-11-14,12.55,12.65,12.61,12.52,20583598.0,259008832.0
2012-11-13,12.78,12.79,12.53,12.51,33701608.0,425001216.0
2012-11-12,12.64,12.88,12.79,12.62,60076520.0,766810240.0
2012-11-09,12.53,12.61,12.58,12.48,21126176.0,265238048.0
2012-11-08,12.6,12.68,12.51,12.49,28342746.0,356745344.0
2012-11-07,12.7,12.78,12.69,12.64,28457300.0,361452832.0
2012-11-06,12.82,12.82,12.71,12.58,44384968.0,562176064.0
2012-11-05,12.73,12.88,12.81,12.72,59736116.0,765479488.0
2012-11-02,12.68,12.76,12.73,12.61,36838456.0,467312544.0
2012-11-01,12.43,12.78,12.65,12.41,63292956.0,800233088.0
2012-10-31,12.35,12.46,12.4,12.28,53080816.0,657828992.0
2012-10-30,12.19,12.27,12.24,12.05,25378324.0,308775616.0
2012-10-29,12.13,12.3,12.19,12.07,22872148.0,278154208.0
2012-10-26,12.34,12.37,12.19,12.13,29298296.0,357883968.0
2012-10-25,12.4,12.47,12.32,12.3,16604923.0,205481600.0
2012-10-24,12.35,12.47,12.38,12.32,19193288.0,238274224.0
2012-10-23,12.56,12.61,12.39,12.38,27632830.0,344748544.0
2012-10-22,12.39,12.64,12.58,12.36,32233876.0,403364672.0
2012-10-19,12.45,12.5,12.43,12.41,20237070.0,251765344.0
2012-10-18,12.38,12.5,12.46,12.34,36196948.0,450285856.0
2012-10-17,12.32,12.41,12.34,12.27,27213504.0,335747456.0
2012-10-16,12.2,12.35,12.29,12.18,33680544.0,413881440.0
2012-10-15,12.23,12.25,12.18,12.09,17687368.0,215350112.0
2012-10-12,12.13,12.33,12.21,12.13,44323552.0,542935808.0
2012-10-11,12.07,12.17,12.11,12.01,26102692.0,315911360.0
2012-10-10,12.11,12.14,12.11,12.05,20690416.0,250104592.0
2012-10-09,11.98,12.21,12.12,11.96,36782792.0,445888128.0
2012-10-08,12.01,12.08,11.92,11.87,19819964.0,237083360.0
2012-09-28,11.86,12.05,12.01,11.82,38397516.0,457807936.0
2012-09-27,11.65,12.15,11.9,11.65,39791284.0,473981984.0
2012-09-26,11.66,11.73,11.65,11.6,17832574.0,207850960.0
2012-09-25,11.72,11.77,11.66,11.64,15528786.0,181455504.0
2012-09-24,11.72,11.81,11.71,11.59,28415520.0,331828992.0
2012-09-21,11.77,11.84,11.74,11.72,25872652.0,304537792.0
2012-09-20,11.91,11.95,11.79,11.76,34559080.0,410030880.0
2012-09-19,11.93,12.01,11.97,11.89,23631880.0,282131456.0
2012-09-18,12.0,12.03,11.95,11.89,25396388.0,303867040.0
2012-09-17,12.2,12.21,12.03,11.99,32524776.0,393943104.0
2012-09-14,12.18,12.3,12.24,12.12,41111140.0,502327840.0
2012-09-13,12.23,12.23,12.13,12.11,20168530.0,245388400.0
2012-09-12,12.26,12.33,12.22,12.11,25650100.0,313435168.0
2012-09-11,12.23,12.24,12.2,12.11,32624416.0,397011744.0
2012-09-10,12.31,12.38,12.26,12.21,47037720.0,577369408.0
2012-09-07,12.07,12.56,12.35,12.01,92037048.0,1133919232.0
2012-09-06,11.94,12.03,12.0,11.85,38804296.0,463161600.0
2012-09-05,12.09,12.11,11.94,11.84,48702520.0,579991872.0
2012-09-04,12.31,12.32,12.12,12.05,37663304.0,457878496.0
2012-09-03,12.31,12.35,12.29,12.25,34231484.0,420789536.0
2012-08-31,12.38,12.46,12.31,12.3,16229812.0,200906224.0
2012-08-30,12.14,12.41,12.39,12.14,28902520.0,356757856.0
2012-08-29,12.22,12.33,12.26,12.17,18402056.0,225392096.0
2012-08-28,12.05,12.34,12.28,12.05,29393552.0,358383776.0
2012-08-27,12.21,12.21,12.05,12.03,30994838.0,375110496.0
2012-08-24,12.27,12.3,12.22,12.2,28580908.0,349640736.0
2012-08-23,12.3,12.37,12.3,12.2,31974220.0,393076096.0
2012-08-22,12.45,12.48,12.32,12.23,39891356.0,490531936.0
2012-08-21,12.48,12.54,12.46,12.39,25347214.0,315906624.0
2012-08-20,12.5,12.55,12.48,12.37,19716964.0,245214144.0
2012-08-17,12.45,12.6,12.56,12.42,21434344.0,268448672.0
2012-08-16,12.51,12.55,12.45,12.41,24519000.0,305337280.0
2012-08-15,12.79,12.8,12.53,12.52,30657970.0,386600736.0
2012-08-14,12.66,12.8,12.8,12.62,28690296.0,365002944.0
2012-08-13,12.72,12.83,12.68,12.67,39493540.0,503386848.0
2012-08-10,12.85,12.94,12.72,12.71,55246492.0,710238208.0
2012-08-09,12.65,12.72,12.7,12.55,24427646.0,308722528.0
2012-08-08,12.49,12.68,12.65,12.48,32264492.0,406990688.0
2012-08-07,12.5,12.53,12.49,12.44,21011236.0,262199184.0
2012-08-06,12.51,12.55,12.52,12.42,34020668.0,424973344.0
2012-08-03,12.5,12.52,12.51,12.4,21868720.0,272340160.0
2012-08-02,12.45,12.59,12.5,12.37,35982220.0,449195456.0
2012-08-01,12.49,12.55,12.47,12.39,33955564.0,422312672.0
2012-07-31,12.36,12.57,12.48,12.35,43019368.0,536925504.0
2012-07-30,12.24,12.5,12.34,12.2,54175592.0,670854528.0
2012-07-27,11.96,12.32,12.18,11.95,68048968.0,829684544.0
2012-07-26,11.96,12.05,11.9,11.89,19812950.0,237405536.0
2012-07-25,11.92,12.07,11.94,11.9,20847132.0,249856656.0
2012-07-24,11.9,12.04,11.94,11.85,26785000.0,319888384.0
2012-07-23,12.12,12.12,11.96,11.85,36711268.0,439656544.0
2012-07-20,12.25,12.25,12.18,12.14,36609308.0,445908576.0
2012-07-19,12.26,12.35,12.31,12.18,41030944.0,503927968.0
2012-07-18,12.31,12.31,12.26,12.11,33000368.0,402920192.0
2012-07-17,12.27,12.36,12.32,12.27,23964096.0,294945344.0
2012-07-16,12.42,12.43,12.26,12.23,30274296.0,372149696.0
2012-07-13,12.33,12.56,12.4,12.31,35437936.0,440184768.0
2012-07-12,12.5,12.5,12.41,12.13,87724024.0,1075819264.0
2012-07-11,12.43,12.52,12.46,12.41,25228728.0,314819040.0
2012-07-10,12.47,12.6,12.44,12.39,27884052.0,347915712.0
2012-07-09,12.83,12.89,12.47,12.45,44707096.0,565177600.0
2012-07-06,12.75,12.95,12.9,12.69,51941080.0,666522624.0
2012-07-05,13.07,13.12,13.01,12.87,34470408.0,447407136.0
2012-07-04,13.1,13.29,13.14,13.02,30968352.0,407155488.0
2012-07-03,12.96,13.15,13.07,12.93,32754712.0,427878112.0
2012-07-02,13.02,13.03,12.97,12.87,25516444.0,330262976.0
2012-06-29,12.61,13.05,12.98,12.61,39400408.0,508689920.0
2012-06-28,12.76,12.81,12.65,12.61,20242952.0,258016832.0
2012-06-27,12.79,12.88,12.75,12.71,20999996.0,268460608.0
2012-06-26,12.76,12.92,12.81,12.7,27079872.0,347200032.0
2012-06-25,12.74,12.92,12.8,12.68,40772708.0,523719200.0
2012-06-21,12.92,12.97,12.77,12.73,26401432.0,338387136.0
2012-06-20,12.93,13.1,12.97,12.89,36722008.0,477131296.0
2012-06-19,12.88,13.03,12.91,12.78,47694720.0,614351680.0
2012-06-18,12.92,12.97,12.91,12.84,40032296.0,516427456.0
2012-06-15,12.49,13.05,12.95,12.48,110094568.0,1408330880.0
2012-06-14,12.54,12.62,12.44,12.41,37795672.0,473851488.0
2012-06-13,12.59,12.7,12.61,12.39,53617740.0,673090304.0
2012-06-12,12.5,12.78,12.53,12.29,89052256.0,1113213056.0
2012-06-11,12.63,12.69,12.58,12.5,47924892.0,603949248.0
2012-06-08,12.99,13.0,12.61,12.58,92348976.0,1172880896.0
2012-06-07,13.25,13.28,13.06,13.02,28659992.0,376720576.0
2012-06-06,13.11,13.21,13.17,13.05,32458992.0,426093120.0
2012-06-05,13.08,13.14,13.09,12.98,32226294.0,420764352.0
2012-06-04,13.24,13.24,13.06,13.04,52211280.0,686608704.0
2012-06-01,13.37,13.45,13.36,13.27,42348924.0,565430272.0
2012-05-31,13.33,13.41,13.33,13.3,34624108.0,462310848.0
2012-05-30,13.54,13.6,13.45,13.32,65543344.0,879209216.0
2012-05-29,13.35,13.63,13.62,13.27,64706072.0,870003392.0
2012-05-28,13.25,13.41,13.4,13.23,38924040.0,518718752.0
2012-05-25,13.34,13.43,13.29,13.23,28401486.0,378368416.0
2012-05-24,13.49,13.53,13.31,13.26,46660112.0,624519552.0
2012-05-23,13.65,13.68,13.49,13.42,32296740.0,436953888.0
2012-05-22,13.54,13.71,13.67,13.5,32601360.0,444126784.0
2012-05-21,13.44,13.57,13.48,13.4,26813156.0,361497440.0
2012-05-18,13.48,13.51,13.42,13.35,36846164.0,493926496.0
2012-05-17,13.45,13.66,13.59,13.39,38431640.0,520402304.0
2012-05-16,13.69,13.7,13.4,13.39,46029164.0,621613312.0
2012-05-15,13.71,13.74,13.7,13.56,40764900.0,556678720.0
2012-05-14,14.01,14.03,13.79,13.77,51269032.0,713098368.0
2012-05-11,13.97,14.07,13.91,13.86,36085248.0,503574848.0
2012-05-10,14.01,14.12,13.95,13.88,39725344.0,555412992.0
2012-05-09,14.23,14.29,14.0,13.98,55035752.0,775953600.0
2012-05-08,14.28,14.35,14.35,14.18,55618332.0,793743872.0
2012-05-07,14.23,14.32,14.3,14.16,66059136.0,941408064.0
2012-05-04,14.38,14.66,14.64,14.34,73713016.0,1070734272.0
2012-05-03,14.52,14.58,14.4,14.34,64621448.0,932458048.0
2012-05-02,14.53,14.68,14.52,14.44,102204328.0,1488341504.0
2012-04-27,14.26,14.42,14.31,14.26,47696856.0,683421568.0
2012-04-26,14.5,14.58,14.24,14.12,87479024.0,1252957056.0
2012-04-25,14.05,14.32,14.26,14.03,69661176.0,990005376.0
2012-04-24,13.85,14.56,14.12,13.85,125912864.0,1794553856.0
2012-04-23,13.91,14.12,13.91,13.76,57990184.0,808735104.0
2012-04-20,13.58,13.98,13.93,13.57,74220528.0,1026620736.0
2012-04-19,13.4,13.64,13.57,13.36,58824040.0,794091520.0
2012-04-18,13.2,13.48,13.44,13.18,35313468.0,471901760.0
2012-04-17,13.29,13.33,13.17,13.15,26372854.0,348420896.0
2012-04-16,13.35,13.39,13.29,13.26,25108638.0,334034336.0
2012-04-13,13.47,13.54,13.42,13.35,38269936.0,513798016.0
2012-04-12,13.16,13.5,13.48,13.1,57477752.0,765251968.0
2012-04-11,13.08,13.26,13.16,13.04,29239550.0,384859232.0
2012-04-10,13.09,13.23,13.21,12.95,47846120.0,625332544.0
2012-04-06,13.27,13.3,13.24,13.12,56238192.0,743031232.0
2012-04-05,13.29,13.33,13.27,13.06,55913928.0,739041408.0
2012-03-30,13.18,13.34,13.32,13.16,28867304.0,382610048.0
2012-03-29,13.25,13.35,13.12,13.1,49130736.0,649343168.0
2012-03-28,13.71,13.73,13.37,13.29,39291432.0,532534976.0
2012-03-27,13.78,13.79,13.73,13.63,22995576.0,315227328.0
2012-03-26,13.63,13.78,13.74,13.55,33541000.0,459025088.0
2012-03-23,13.58,13.71,13.59,13.54,34138684.0,464493568.0
2012-03-22,13.49,13.76,13.62,13.41,35168664.0,478130048.0
2012-03-21,13.55,13.59,13.45,13.41,32819612.0,442911968.0
2012-03-20,13.63,13.63,13.44,13.43,33025400.0,446032000.0
2012-03-19,13.63,13.7,13.64,13.51,34155476.0,464924000.0
2012-03-16,13.62,13.72,13.71,13.52,36895828.0,502932064.0
2012-03-15,13.62,13.82,13.61,13.6,42052764.0,576063808.0
2012-03-14,13.98,14.05,13.61,13.55,78672712.0,1090587008.0
2012-03-13,13.62,13.89,13.84,13.62,50300196.0,693873792.0
2012-03-12,13.8,13.81,13.62,13.52,71380272.0,973223680.0
2012-03-09,13.91,13.94,13.82,13.74,52411272.0,723746304.0
2012-03-08,13.76,13.93,13.87,13.76,40306032.0,558132928.0
2012-03-07,13.73,13.95,13.74,13.72,49992208.0,692048192.0
2012-03-06,14.0,14.15,13.88,13.71,138121440.0,1927344512.0
2012-02-27,14.43,14.46,14.31,14.27,99420336.0,1427614848.0
2012-02-24,14.14,14.38,14.36,14.1,85624960.0,1218914560.0
2012-02-23,14.1,14.18,14.12,14.05,49942380.0,704285632.0
2012-02-22,14.1,14.19,14.13,13.95,68784272.0,966387968.0
2012-02-21,14.05,14.14,14.1,13.94,31832494.0,446860000.0
2012-02-20,14.39,14.39,14.04,14.01,63675272.0,903146304.0
2012-02-17,14.18,14.23,14.12,13.98,33292960.0,470428928.0
2012-02-16,14.1,14.21,14.07,13.95,44286100.0,623521152.0
2012-02-15,14.03,14.25,14.1,13.92,65343552.0,920194624.0
2012-02-14,14.04,14.14,14.08,13.99,36047104.0,506154624.0
2012-02-13,14.1,14.26,14.13,13.94,52164848.0,735327296.0
2012-02-10,14.38,14.53,14.24,14.15,47773356.0,685576512.0
2012-02-09,14.42,14.56,14.42,14.35,51921552.0,750352256.0
2012-02-08,14.07,14.47,14.43,14.03,70191504.0,1002734144.0
2012-02-07,14.07,14.1,14.02,13.96,47809056.0,670600704.0
2012-02-06,14.2,14.36,14.17,14.03,49953304.0,708252032.0
2012-02-03,14.11,14.39,14.18,14.05,74336648.0,1056510784.0
2012-02-02,13.6,14.17,14.15,13.53,81882448.0,1138729856.0
2012-02-01,13.81,13.93,13.56,13.55,38790932.0,531671840.0
2012-01-31,13.84,13.94,13.86,13.74,29655404.0,409706464.0
2012-01-30,14.05,14.05,13.83,13.81,59952828.0,835855616.0
2012-01-20,13.79,14.12,14.05,13.7,79116464.0,1100644352.0
2012-01-19,13.49,13.78,13.78,13.47,83951960.0,1146262912.0
2012-01-18,13.63,13.64,13.43,13.37,47632220.0,641927744.0
2012-01-17,13.36,13.64,13.6,13.11,94865632.0,1276200832.0
2012-01-16,13.21,13.57,13.32,13.18,52900036.0,710374848.0
2012-01-13,13.31,13.4,13.28,13.16,57388568.0,762642048.0
2012-01-12,13.15,13.43,13.3,13.15,94476384.0,1259441536.0
2012-01-11,13.17,13.18,13.02,12.98,65305524.0,852010752.0
2012-01-10,13.06,13.23,13.15,13.0,80289624.0,1052076288.0
2012-01-09,12.77,13.15,13.04,12.73,89679312.0,1164720640.0
2012-01-06,12.67,12.82,12.79,12.6,50166028.0,638925504.0
2012-01-05,12.51,12.92,12.71,12.5,91364288.0,1166513152.0
2012-01-04,12.65,12.68,12.5,12.48,40528548.0,510576576.0
2011-12-30,12.41,12.53,12.52,12.38,41362972.0,515305664.0
2011-12-29,12.28,12.41,12.34,12.22,26425640.0,326300288.0
2011-12-28,12.34,12.37,12.3,12.16,32877974.0,403608384.0
2011-12-27,12.35,12.51,12.34,12.31,31195086.0,386606944.0
2011-12-26,12.45,12.56,12.39,12.38,22843506.0,284657696.0
2011-12-23,12.52,12.61,12.52,12.41,32733468.0,409898272.0
2011-12-22,12.32,12.57,12.55,12.28,50972584.0,633101184.0
2011-12-21,12.56,12.65,12.39,12.36,35924552.0,450784736.0
2011-12-20,12.29,12.63,12.45,12.29,52173056.0,652274240.0
2011-12-19,12.2,12.35,12.34,12.09,44275460.0,539475200.0
2011-12-16,12.05,12.32,12.29,12.0,41420640.0,503438624.0
2011-12-15,12.2,12.28,12.06,12.03,43033752.0,521442720.0
2011-12-14,12.25,12.32,12.26,12.17,21251564.0,260642400.0
2011-12-13,12.46,12.54,12.24,12.2,41112488.0,508989152.0
2011-12-12,12.52,12.56,12.49,12.46,16437774.0,205813936.0
2011-12-09,12.57,12.71,12.53,12.47,30827028.0,387111072.0
2011-12-08,12.63,12.7,12.65,12.5,27060094.0,341406208.0
2011-12-07,12.59,12.71,12.64,12.47,28835992.0,363290272.0
2011-12-06,12.6,12.72,12.57,12.55,32735664.0,413834784.0
2011-12-05,12.6,12.85,12.62,12.51,48988140.0,621999488.0
2011-12-02,12.52,12.66,12.59,12.45,34765348.0,436330240.0
2011-12-01,12.57,12.81,12.56,12.54,95950368.0,1215902848.0
2011-11-30,12.45,12.49,12.19,12.14,38121084.0,467949792.0
2011-11-29,12.47,12.55,12.53,12.38,27445100.0,342321984.0
2011-11-28,12.44,12.46,12.38,12.33,22431694.0,277864288.0
2011-11-25,12.5,12.51,12.38,12.34,26221676.0,325318592.0
2011-11-24,12.34,12.62,12.51,12.33,29780916.0,372553472.0
2011-11-23,12.58,12.59,12.46,12.37,34124252.0,425734400.0
2011-11-22,12.44,12.62,12.59,12.41,25216772.0,316315456.0
2011-11-21,12.53,12.55,12.55,12.35,28906064.0,359796160.0
2011-11-18,12.52,12.69,12.54,12.49,31554264.0,395981344.0
2011-11-17,12.67,12.72,12.63,12.6,26172704.0,331234496.0
2011-11-16,13.07,13.09,12.65,12.54,70414688.0,899125696.0
2011-11-15,13.16,13.17,13.07,13.03,30470670.0,398699456.0
2011-11-14,13.1,13.23,13.18,13.0,54647516.0,718718720.0
2011-11-11,13.04,13.08,12.94,12.91,27284632.0,354568576.0
2011-11-10,13.15,13.2,12.97,12.95,70219152.0,917324480.0
2011-11-09,13.2,13.3,13.28,13.1,38269956.0,505264864.0
2011-11-08,13.17,13.25,13.15,13.09,37989216.0,499579040.0
2011-11-07,13.3,13.35,13.14,13.07,66257068.0,872363904.0
2011-11-04,13.5,13.52,13.4,13.32,49418644.0,662953984.0
2011-11-03,13.56,13.56,13.37,13.31,95381800.0,1281572864.0
2011-11-02,13.09,13.57,13.56,13.04,69018720.0,915920768.0
2011-11-01,13.2,13.52,13.3,13.16,44831936.0,598935104.0
2011-10-31,13.45,13.52,13.3,13.25,48594520.0,648841024.0
2011-10-28,13.47,13.64,13.51,13.4,79161728.0,1069000640.0
2011-10-27,13.2,13.3,13.26,13.14,40975408.0,541965504.0
2011-10-26,13.05,13.39,13.15,13.02,86314936.0,1142911616.0
2011-10-25,12.95,13.24,13.12,12.89,82729672.0,1082100608.0
2011-10-24,12.55,13.08,12.93,12.45,65667216.0,842746304.0
2011-10-21,12.29,12.65,12.52,12.29,47211764.0,591098432.0
2011-10-20,12.53,12.56,12.32,12.17,40974944.0,505404000.0
2011-10-19,12.63,12.74,12.6,12.57,28498306.0,359971680.0
2011-10-18,12.76,12.8,12.57,12.54,33021412.0,417963360.0
2011-10-17,12.75,13.01,12.86,12.74,33982784.0,438180736.0
2011-10-14,12.77,12.83,12.76,12.6,26163812.0,332914240.0
2011-10-13,12.73,12.85,12.8,12.7,43055824.0,550050496.0
2011-10-12,12.27,12.89,12.77,12.2,68960816.0,873415360.0
2011-10-11,12.55,12.64,12.3,12.19,57814416.0,718362240.0
2011-10-10,12.4,12.44,12.14,12.11,30005346.0,367200224.0
2011-09-30,12.37,12.56,12.39,12.33,38242792.0,475827488.0
2011-09-29,12.23,12.47,12.34,12.18,29748576.0,366982688.0
2011-09-28,12.51,12.6,12.33,12.28,23146276.0,287615552.0
2011-09-27,12.47,12.51,12.43,12.3,27434384.0,340760064.0
2011-09-26,12.55,12.74,12.31,12.22,51753944.0,643833216.0
2011-09-23,12.67,12.8,12.73,12.5,38723404.0,489029696.0
2011-09-22,13.05,13.15,12.81,12.78,46330696.0,599444416.0
2011-09-21,12.83,13.27,13.19,12.73,57290556.0,751081280.0
2011-09-20,12.69,12.91,12.84,12.6,20365718.0,259877120.0
2011-09-19,12.87,12.93,12.7,12.69,29973304.0,383970976.0
2011-09-16,13.09,13.17,13.04,12.98,29624940.0,387471424.0
2011-09-15,13.1,13.16,13.0,12.98,26451892.0,345720064.0
2011-09-14,13.12,13.18,13.11,12.85,30376082.0,395314848.0
2011-09-13,12.98,13.16,13.1,12.9,26783016.0,349391232.0
2011-09-09,13.25,13.42,13.22,13.12,35730528.0,474375168.0
2011-09-08,13.33,13.36,13.19,13.17,23870654.0,316179680.0
2011-09-07,13.07,13.35,13.29,12.99,45842000.0,605193472.0
2011-09-06,12.88,13.02,12.99,12.85,28690112.0,371128544.0
2011-09-05,13.07,13.13,13.0,12.9,37035476.0,480960832.0
2011-09-02,13.34,13.37,13.18,13.1,34873516.0,460350208.0
2011-09-01,13.29,13.47,13.39,13.25,47950600.0,641904512.0
2011-08-31,13.13,13.38,13.33,13.08,55385384.0,734276544.0
2011-08-30,13.25,13.46,13.15,13.1,78319672.0,1040383616.0
2011-08-29,13.43,13.49,13.14,13.1,114029272.0,1507269248.0
2011-08-26,13.65,13.75,13.69,13.51,71429248.0,972721408.0
2011-08-25,13.08,13.79,13.77,13.03,162857472.0,2204777472.0
2011-08-24,13.21,13.36,13.0,12.95,69183072.0,912112320.0
2011-08-23,12.76,13.1,13.07,12.61,52096872.0,674369408.0
2011-08-22,12.87,13.04,12.68,12.5,29026990.0,371473536.0
2011-08-19,12.8,12.95,12.87,12.73,38878984.0,498145440.0
2011-08-18,13.28,13.3,13.01,12.93,44192792.0,577791680.0
2011-08-17,13.35,13.42,13.26,13.21,31172108.0,414617280.0
2011-08-16,13.33,13.57,13.34,13.25,79244728.0,1064139264.0
2011-08-15,12.86,13.45,13.32,12.82,103244160.0,1355083264.0
2011-08-12,12.98,12.98,12.84,12.78,47085492.0,606442624.0
2011-08-11,12.37,13.05,12.92,12.37,70442488.0,904379456.0
2011-08-10,12.72,12.85,12.6,12.54,51469552.0,652595968.0
2011-08-09,12.1,12.56,12.48,12.01,66342532.0,817055424.0
2011-08-08,12.75,12.92,12.39,12.29,67011720.0,841499008.0
2011-08-05,12.86,12.94,12.86,12.76,47579828.0,611754944.0
2011-08-04,13.2,13.32,13.14,13.1,33010740.0,435476000.0
2011-08-03,13.08,13.22,13.17,13.05,34031800.0,447405792.0
2011-08-02,13.17,13.24,13.19,13.01,34945036.0,457749952.0
2011-08-01,13.3,13.42,13.22,13.15,43927972.0,583487488.0
2011-07-29,13.0,13.7,13.36,12.95,102922656.0,1371819264.0
2011-07-28,13.11,13.14,12.97,12.92,59173428.0,769334848.0
2011-07-27,13.2,13.26,13.25,13.1,49859680.0,657177344.0
2011-07-26,13.19,13.46,13.27,13.15,39638260.0,527919616.0
2011-07-25,13.53,13.53,13.19,13.15,64654824.0,860767360.0
2011-07-22,13.73,13.78,13.63,13.58,43192096.0,589933824.0
2011-07-21,13.81,13.86,13.77,13.5,62862472.0,856344832.0
2011-07-20,13.93,13.96,13.85,13.67,42222996.0,582191680.0
2011-07-19,13.95,14.02,13.8,13.77,45830776.0,635292032.0
2011-07-18,14.2,14.25,14.07,14.0,47349176.0,666904512.0
2011-07-15,14.11,14.35,14.25,13.97,50262108.0,712047488.0
2011-07-14,14.3,14.3,14.24,14.05,50011144.0,708488320.0
2011-07-13,14.0,14.45,14.3,14.0,56045344.0,798071168.0
2011-07-12,14.16,14.22,13.97,13.95,63809984.0,897399168.0
2011-07-11,14.18,14.45,14.31,14.12,71527360.0,1024894144.0
2011-07-08,13.86,14.4,14.29,13.86,115632512.0,1641551488.0
2011-07-07,14.13,14.13,13.83,13.81,83161056.0,1161141888.0
2011-07-06,13.87,13.91,13.85,13.66,50906996.0,700472384.0
2011-07-05,14.0,14.12,13.93,13.85,61514904.0,859965824.0
2011-07-04,13.41,14.0,14.0,13.4,100036776.0,1377096576.0
2011-07-01,13.55,13.56,13.32,13.05,57235392.0,767248704.0
2011-06-30,13.36,13.63,13.48,13.33,45073580.0,608404096.0
2011-06-29,13.69,13.69,13.36,13.33,64028704.0,862639552.0
2011-06-28,13.79,13.88,13.7,13.56,44042036.0,601357312.0
2011-06-27,13.83,14.04,13.84,13.63,60668268.0,839460608.0
2011-06-24,13.37,13.99,13.84,13.31,80348192.0,1101741952.0
2011-06-23,13.2,13.48,13.44,13.15,40433080.0,538570816.0
2011-06-22,13.24,13.36,13.25,13.1,38676768.0,511954176.0
2011-06-21,13.15,13.22,13.21,13.04,44041384.0,578610368.0
2011-06-20,13.0,13.12,13.1,12.94,34143012.0,444555008.0
2011-06-17,13.02,13.23,13.01,13.01,27611302.0,361602816.0
2011-06-16,13.05,13.18,13.05,13.0,31636080.0,413778464.0
2011-06-15,13.36,13.38,13.16,13.15,40782000.0,541238400.0
2011-06-14,13.17,13.67,13.44,13.13,78908192.0,1064435264.0
2011-06-13,13.14,13.22,13.2,12.99,40623536.0,531898272.0
2011-06-10,13.12,13.25,13.23,13.1,40533232.0,533780000.0
2011-06-09,13.34,13.39,13.11,13.1,50859128.0,672575104.0
2011-06-08,13.52,13.52,13.38,13.2,54715048.0,728293184.0
2011-06-07,13.38,13.55,13.51,13.34,35806880.0,481812256.0
2011-06-03,13.46,13.51,13.5,13.27,60435148.0,809788736.0
2011-06-02,13.81,13.9,13.46,13.25,90465552.0,1222422528.0
2011-06-01,14.13,14.16,14.04,14.0,37210136.0,522947872.0
2011-05-31,14.0,14.2,14.19,13.97,41131344.0,579733696.0
2011-05-30,13.9,14.14,13.97,13.84,40881384.0,571068864.0
2011-05-27,13.87,14.07,13.98,13.81,44180096.0,618199104.0
2011-05-26,14.08,14.09,13.86,13.85,33333464.0,465710688.0
2011-05-25,14.36,14.38,13.94,13.91,59051992.0,832234880.0
2011-05-24,14.42,14.55,14.38,14.36,49172140.0,709587072.0
2011-05-23,14.96,14.96,14.49,14.36,74878400.0,1089117312.0
2011-05-20,14.83,15.11,14.98,14.81,52359660.0,785056640.0
2011-05-19,14.87,15.08,14.85,14.78,65076220.0,971224448.0
2011-05-18,14.56,14.85,14.81,14.52,67427904.0,993448320.0
2011-05-17,14.51,14.78,14.61,14.39,66049016.0,963322048.0
2011-05-16,14.65,14.85,14.49,14.48,46154040.0,675993664.0
2011-05-13,14.79,14.85,14.78,14.42,63953900.0,934681792.0
2011-05-12,14.92,14.98,14.74,14.7,42974188.0,638307584.0
2011-05-11,15.06,15.17,15.0,14.97,40550552.0,610007232.0
2011-05-10,14.91,15.18,15.12,14.72,57856728.0,867564224.0
2011-05-09,15.03,15.21,14.91,14.75,71423648.0,1068319232.0
2011-05-06,15.04,15.62,15.13,15.04,49793880.0,762141504.0
2011-05-05,28.11,28.57,28.13,27.91,48325828.0,1363134848.0
2011-05-04,28.86,29.11,28.37,28.12,61620132.0,1755168000.0
2011-05-03,29.01,29.19,29.12,28.8,34432288.0,998897600.0
2011-04-29,29.39,29.61,29.21,28.62,88849512.0,2574544896.0
2011-04-28,29.76,31.01,30.22,29.76,81777368.0,2483483136.0
2011-04-27,30.09,30.24,29.41,29.12,46688492.0,1392641920.0
2011-04-26,29.61,30.14,29.99,29.6,50724516.0,1517404544.0
2011-04-25,29.42,30.05,29.71,29.39,43613316.0,1295476352.0
2011-04-22,29.76,29.98,29.45,29.28,40154768.0,1185204608.0
2011-04-21,30.11,30.28,29.88,29.69,39068992.0,1169071360.0
2011-04-20,30.41,30.66,29.98,29.75,68917616.0,2076912000.0
2011-04-18,30.89,31.25,31.0,30.67,46123920.0,1427471488.0
2011-04-15,30.76,31.29,31.17,30.65,48042232.0,1486419712.0
2011-04-14,31.01,31.3,30.84,30.72,54111572.0,1675364864.0
2011-04-13,30.32,31.26,31.2,29.96,70799552.0,2155377664.0
2011-04-12,30.35,30.76,30.49,30.15,45007280.0,1369595392.0
2011-04-11,30.99,31.34,30.43,30.41,74056248.0,2285874176.0
2011-04-08,30.99,31.16,30.98,30.57,47161168.0,1453145344.0
2011-04-07,30.97,31.33,31.06,30.59,57595684.0,1783264896.0
2011-04-06,30.51,31.49,30.97,30.49,116067968.0,3607533056.0
2011-04-01,28.73,30.37,30.31,28.72,81860016.0,2426652160.0
2011-03-31,29.39,29.46,28.72,28.52,43947368.0,1270505088.0
2011-03-30,29.22,29.82,29.33,29.04,70266664.0,2068208128.0
2011-03-29,29.2,30.0,29.4,28.72,130687296.0,3842491648.0
2011-03-28,29.0,29.31,28.64,28.49,77341808.0,2236942848.0
2011-03-25,27.79,28.79,28.55,27.77,86977224.0,2477096448.0
2011-03-24,27.81,28.0,27.68,27.63,35615352.0,989428480.0
2011-03-23,27.32,27.97,27.78,27.28,48148504.0,1333726464.0
2011-03-22,26.92,27.69,27.44,26.7,54768216.0,1496218624.0
2011-03-21,26.85,26.96,26.84,26.48,25274184.0,676112512.0
2011-03-18,27.01,27.17,26.76,26.71,62069684.0,1668886656.0
2011-03-17,26.9,27.04,26.75,26.64,25554752.0,685494208.0
2011-03-16,26.91,27.27,27.19,26.87,28235956.0,764632000.0
2011-03-15,26.91,27.08,26.9,26.42,52384376.0,1399500928.0
2011-03-14,26.89,27.24,27.09,26.79,27544336.0,744643328.0
2011-03-11,26.89,27.25,26.89,26.84,33242746.0,896708992.0
2011-03-10,27.61,27.61,27.09,26.89,56460048.0,1534555392.0
2011-03-09,28.01,28.21,27.79,27.62,45573012.0,1272737792.0
2011-03-08,27.71,28.21,27.86,27.63,52887408.0,1477319296.0
2011-03-07,27.52,28.18,27.74,27.52,83906344.0,2336515328.0
2011-03-04,27.12,27.51,27.35,26.93,53015280.0,1440492032.0
2011-03-03,27.01,27.88,27.15,26.88,124406280.0,3407525632.0
2011-03-02,26.3,27.09,26.88,26.21,99028328.0,2655417856.0
2011-03-01,26.13,26.86,26.48,26.13,59061648.0,1563055872.0
2011-02-28,25.93,26.3,26.11,25.62,34821508.0,903408384.0
2011-02-25,25.73,26.34,25.96,25.61,45720124.0,1186361728.0
2011-02-24,25.51,25.8,25.74,25.37,40490416.0,1033816640.0
2011-02-23,25.61,25.8,25.65,25.45,46949748.0,1201323904.0
2011-02-22,26.71,26.71,25.65,25.63,85892560.0,2230785024.0
2011-02-21,26.7,26.89,26.79,26.47,51446144.0,1370553600.0
2011-02-18,27.11,27.19,26.87,26.71,34500732.0,927889472.0
2011-02-17,27.09,27.63,27.14,26.82,66766608.0,1815940608.0
2011-02-16,26.98,27.09,26.99,26.64,62582916.0,1680724736.0
2011-02-15,27.27,27.53,27.11,26.95,84053536.0,2287665408.0
2011-02-14,26.32,27.38,27.19,26.32,91671048.0,2476143360.0
2011-02-11,25.99,26.38,26.27,25.74,49313152.0,1288436096.0
2011-02-10,25.58,26.16,26.14,25.47,42744068.0,1104412928.0
2011-02-09,26.03,26.31,25.51,25.49,51855488.0,1340869120.0
2011-02-01,26.02,26.4,26.29,25.82,38896776.0,1015998528.0
2011-01-31,26.01,26.33,26.01,25.62,48494552.0,1258462592.0
2011-01-28,26.47,26.69,26.09,25.91,57628452.0,1505607168.0
2011-01-27,26.27,26.8,26.58,25.88,64525764.0,1697606912.0
2011-01-26,26.73,26.91,26.73,26.46,41897036.0,1117571456.0
2011-01-25,26.34,26.89,26.76,26.11,52742856.0,1400698368.0
2011-01-24,26.25,26.96,26.35,26.11,56231952.0,1490320640.0
2011-01-21,25.28,27.41,26.3,25.27,76606792.0,2016346880.0
2011-01-20,25.91,25.98,25.27,25.24,42885396.0,1095813376.0
2011-01-19,25.57,26.11,26.09,25.19,42696544.0,1096853248.0
2011-01-18,25.32,25.78,25.56,25.17,51006680.0,1299535872.0
2011-01-17,25.96,26.09,25.1,24.82,61565360.0,1565359744.0
2011-01-14,26.63,26.63,26.1,26.07,43734372.0,1152696576.0
2011-01-13,27.11,27.2,26.81,26.61,64209264.0,1725084160.0
2011-01-12,26.22,27.16,27.08,25.94,92816688.0,2463796736.0
2011-01-11,25.44,26.46,26.23,25.44,75274712.0,1954804352.0
2011-01-10,26.16,26.63,25.62,25.55,90606640.0,2359471616.0
2011-01-07,24.75,27.26,26.53,24.66,188929536.0,4976323584.0
2011-01-06,24.66,24.98,24.78,24.53,37563916.0,929432256.0
2011-01-05,24.49,24.96,24.6,24.44,59315272.0,1467267712.0
2011-01-04,24.21,24.84,24.7,23.86,77327624.0,1890785792.0
