date,open,high,close,low,volume,amount
2015-12-31,6.44,6.47,6.44,6.41,81563098.0,525513511.0
2015-12-30,6.49,6.49,6.46,6.41,81941308.0,527396376.0
2015-12-29,6.47,6.51,6.49,6.41,72203810.0,466395605.0
2015-12-28,6.66,6.67,6.47,6.45,130048616.0,852982104.0
2015-12-25,6.69,6.7,6.65,6.62,107692819.0,717201541.0
2015-12-24,6.66,6.72,6.7,6.61,125589216.0,838443776.0
2015-12-23,6.63,6.75,6.65,6.6,155399104.0,1036628160.0
2015-12-22,6.67,6.69,6.63,6.6,96636242.0,641133312.0
2015-12-21,6.58,6.76,6.69,6.55,177484720.0,1183113984.0
2015-12-18,6.55,6.77,6.61,6.55,138584896.0,921470720.0
2015-12-17,6.55,6.62,6.57,6.51,88488984.0,581516288.0
2015-12-16,6.55,6.58,6.51,6.49,50517992.0,330110464.0
2015-12-15,6.65,6.66,6.56,6.52,57855504.0,380220864.0
2015-12-14,6.42,6.67,6.65,6.39,140850496.0,927018752.0
2015-12-11,6.43,6.5,6.44,6.4,74397176.0,479409312.0
2015-12-10,6.46,6.6,6.45,6.42,79185536.0,514760256.0
2015-12-09,6.43,6.52,6.47,6.4,66993079.0,433095608.0
2015-12-08,6.52,6.55,6.44,6.41,79294880.0,512900576.0
2015-12-07,6.62,6.67,6.55,6.51,74451780.0,489072612.0
2015-12-04,6.74,6.77,6.61,6.57,158160864.0,1055136960.0
2015-12-03,6.58,6.89,6.85,6.57,387920045.0,2629908221.0
2015-12-02,6.31,6.7,6.64,6.3,259434528.0,1696990592.0
2015-12-01,6.41,6.43,6.33,6.26,92093765.0,582315506.0
2015-11-30,6.24,6.44,6.39,6.21,160823264.0,1022228352.0
2015-11-27,6.5,6.52,6.22,6.18,143023360.0,909106368.0
2015-11-26,6.57,6.59,6.52,6.51,93063448.0,609933760.0
2015-11-25,6.54,6.58,6.56,6.48,87862296.0,573514112.0
2015-11-24,6.59,6.61,6.55,6.48,87809440.0,573453120.0
2015-11-23,6.66,6.7,6.62,6.6,86718304.0,575616512.0
2015-11-20,6.71,6.77,6.68,6.65,104079088.0,697078784.0
2015-11-19,6.67,6.76,6.74,6.63,100868568.0,672910528.0
2015-11-18,6.63,6.8,6.67,6.58,152060192.0,1016496896.0
2015-11-17,6.67,6.83,6.63,6.6,167813760.0,1127198080.0
2015-11-16,6.54,6.72,6.66,6.53,109033552.0,722637888.0
2015-11-13,6.66,6.8,6.64,6.62,132003040.0,883919040.0
2015-11-12,6.92,6.96,6.74,6.72,167088704.0,1138784384.0
2015-11-11,6.91,6.92,6.9,6.78,192324560.0,1315743360.0
2015-11-10,6.8,7.07,6.92,6.71,303340128.0,2090405760.0
2015-11-09,6.66,7.15,6.91,6.66,482613952.0,3362038272.0
2015-11-06,6.5,6.64,6.6,6.44,236424944.0,1544644096.0
2015-11-05,6.37,6.7,6.55,6.34,378459872.0,2490268928.0
2015-11-04,6.18,6.4,6.37,6.17,145615856.0,917724736.0
2015-11-03,6.24,6.27,6.17,6.16,65049760.0,403678176.0
2015-11-02,6.3,6.35,6.23,6.22,74311104.0,468729376.0
2015-10-30,6.36,6.39,6.35,6.33,75543864.0,480559136.0
2015-10-29,6.4,6.41,6.36,6.35,70608704.0,450021408.0
2015-10-28,6.44,6.47,6.41,6.4,83293344.0,535793056.0
2015-10-27,6.47,6.48,6.47,6.38,98886744.0,635223744.0
2015-10-26,6.52,6.56,6.48,6.46,118782400.0,772774464.0
2015-10-23,6.5,6.52,6.49,6.44,131715096.0,853192576.0
2015-10-22,6.49,6.64,6.53,6.44,175190832.0,1143218688.0
2015-10-21,6.39,6.77,6.67,6.33,347346400.0,2249127424.0
2015-10-20,6.39,6.4,6.38,6.29,113590848.0,720213952.0
2015-10-19,6.38,6.49,6.4,6.33,159388928.0,1022166400.0
2015-10-16,6.31,6.38,6.35,6.3,120432072.0,762806336.0
2015-10-15,6.25,6.3,6.3,6.21,84572064.0,530225952.0
2015-10-14,6.25,6.31,6.21,6.21,66894948.0,418503232.0
2015-10-13,6.34,6.34,6.28,6.26,86197480.0,542373056.0
2015-10-12,6.25,6.44,6.34,6.22,150850800.0,954981056.0
2015-10-09,6.21,6.27,6.22,6.18,77078608.0,480136768.0
2015-10-08,6.2,6.25,6.18,6.15,93370360.0,577656192.0
2015-09-30,6.11,6.17,6.08,6.07,59838876.0,365863680.0
2015-09-29,6.12,6.14,6.1,6.06,58834960.0,358771520.0
2015-09-28,6.2,6.21,6.17,6.14,51314300.0,316781920.0
2015-09-25,6.1,6.3,6.27,6.1,125241600.0,773747840.0
2015-09-24,6.2,6.2,6.13,6.09,62995312.0,386474752.0
2015-09-23,6.21,6.26,6.15,6.14,78035520.0,482411168.0
2015-09-22,6.19,6.32,6.26,6.18,98878592.0,618604608.0
2015-09-21,6.15,6.2,6.19,6.13,86394768.0,534022464.0
2015-09-18,6.26,6.29,6.19,6.17,94411344.0,588068416.0
2015-09-17,6.32,6.38,6.24,6.22,146684128.0,926539072.0
2015-09-16,6.36,6.59,6.4,6.16,251732624.0,1589476608.0
2015-09-15,6.25,6.49,6.42,6.23,307175200.0,1968697216.0
2015-09-14,6.29,6.51,6.33,6.09,236874432.0,1499792384.0
2015-09-11,6.34,6.38,6.27,6.26,91349752.0,578135424.0
2015-09-10,6.26,6.45,6.36,6.22,154211968.0,980362560.0
2015-09-09,6.26,6.39,6.33,6.19,205369280.0,1292485760.0
2015-09-08,6.15,6.45,6.29,6.03,235395536.0,1467630464.0
2015-09-07,6.73,6.73,6.26,6.26,365172448.0,2372624896.0
2015-09-02,6.48,7.0,6.96,6.35,993646016.0,6734183424.0
2015-09-01,6.1,6.78,6.76,6.02,977743488.0,6351123968.0
2015-08-31,5.72,6.4,6.37,5.58,495155968.0,2925852416.0
2015-08-28,5.71,5.89,5.82,5.62,416725600.0,2396423936.0
2015-08-27,5.4,5.72,5.66,5.17,412299744.0,2224021248.0
2015-08-26,5.12,5.45,5.26,5.03,478274848.0,2499504384.0
2015-08-25,5.35,5.62,5.05,5.04,464029184.0,2459853824.0
2015-08-24,5.99,5.99,5.6,5.52,517248576.0,2936717056.0
2015-08-21,6.2,6.3,6.13,6.11,269581568.0,1667946624.0
2015-08-20,6.35,6.4,6.26,6.24,205230112.0,1297397248.0
2015-08-19,6.39,6.47,6.37,6.16,339273952.0,2142083840.0
2015-08-18,6.7,6.82,6.43,6.39,320755264.0,2131764224.0
2015-08-17,6.78,6.78,6.72,6.68,187328560.0,1257448576.0
2015-08-14,6.82,6.82,6.78,6.76,183543024.0,1245427584.0
2015-08-13,6.81,6.85,6.8,6.72,188624128.0,1279404160.0
2015-08-12,6.8,6.87,6.8,6.78,193306160.0,1317530880.0
2015-08-11,6.99,6.99,6.9,6.87,296683008.0,2050991616.0
2015-08-10,6.78,7.05,7.02,6.76,334488288.0,2315180032.0
2015-08-07,6.8,6.86,6.8,6.75,177884800.0,1211407104.0
2015-08-06,6.77,6.85,6.76,6.74,130097568.0,883312896.0
2015-08-05,6.96,6.96,6.82,6.82,167858736.0,1155154560.0
2015-08-04,6.97,7.0,6.98,6.81,239515120.0,1658571904.0
2015-08-03,6.75,7.0,6.98,6.72,351086048.0,2414161152.0
2015-07-31,6.76,6.88,6.84,6.68,279906752.0,1896605184.0
2015-07-30,7.01,7.01,6.8,6.78,320465728.0,2207552256.0
2015-07-29,6.92,7.02,7.0,6.82,359856096.0,2487508480.0
2015-07-28,6.73,7.22,7.0,6.73,584137216.0,4090780672.0
2015-07-27,7.5,7.57,6.87,6.87,551750272.0,3993307136.0
2015-07-24,7.78,7.8,7.63,7.62,409364544.0,3165009152.0
2015-07-23,7.68,7.82,7.78,7.63,416092128.0,3226159360.0
2015-07-22,7.75,7.78,7.68,7.67,339257792.0,2617408256.0
2015-07-21,7.84,7.91,7.76,7.73,386277568.0,3007752960.0
2015-07-20,7.98,8.0,7.89,7.86,410832992.0,3248487936.0
2015-07-17,8.02,8.05,8.0,7.85,471203904.0,3751953408.0
2015-07-16,8.13,8.25,7.98,7.84,511637184.0,4114520064.0
2015-07-15,7.86,8.17,8.13,7.8,821527616.0,6601648128.0
2015-07-14,8.01,8.2,8.01,7.7,844775616.0,6664130560.0
2015-07-13,8.25,8.48,8.17,8.01,974826880.0,7975764992.0
2015-07-10,8.13,8.99,8.5,7.91,1357404032.0,11675114496.0
2015-07-09,8.01,8.7,8.37,7.5,1353413504.0,11019539456.0
2015-07-08,8.25,9.08,8.01,8.01,1551347584.0,12881930240.0
2015-07-07,8.49,9.18,8.9,8.41,1368620800.0,12175280128.0
2015-07-06,8.7,8.71,8.69,8.25,1578604160.0,13463941120.0
2015-07-03,8.43,8.51,7.92,7.63,978438656.0,7957442560.0
2015-07-02,8.33,8.74,8.48,8.08,1294881792.0,10960492544.0
2015-07-01,8.11,8.79,8.27,7.98,1325024000.0,11024047104.0
2015-06-30,7.66,8.24,8.24,7.6,1237057280.0,9802141696.0
2015-06-29,7.65,7.73,7.49,6.9,927371840.0,6938337792.0
2015-06-26,7.7,8.04,7.39,7.09,853230272.0,6491867648.0
2015-06-25,8.32,8.39,7.84,7.75,786433216.0,6409875456.0
2015-06-24,8.0,8.1,8.08,7.76,693610496.0,5482478592.0
2015-06-23,7.58,7.98,7.93,7.38,661746432.0,5127750144.0
2015-06-19,8.0,8.08,7.58,7.55,730622144.0,5714176512.0
2015-06-18,8.7,8.73,8.12,8.1,1158978944.0,9729729536.0
2015-06-17,9.19,9.58,8.99,8.98,1667875840.0,15508198400.0
2015-06-16,8.66,9.05,8.92,8.61,973644736.0,8665802752.0
2015-06-15,8.83,9.06,8.75,8.68,942071040.0,8354452480.0
2015-06-12,8.95,8.99,8.89,8.52,916068928.0,8003425792.0
2015-06-11,9.13,9.16,8.86,8.76,964047360.0,8604601344.0
2015-06-10,9.1,9.35,9.17,9.01,949596800.0,8715258880.0
2015-06-09,9.3,9.7,9.4,9.03,1782219904.0,16695907328.0
2015-06-08,8.29,8.94,8.94,8.14,979146560.0,8523202048.0
2015-06-05,8.29,8.48,8.13,7.91,1422465024.0,11651559424.0
2015-06-04,7.57,8.12,8.12,7.53,1759388672.0,14002726912.0
2015-06-03,7.29,7.42,7.38,7.12,807772224.0,5859481088.0
2015-06-02,7.4,7.48,7.46,7.3,932495936.0,6895516672.0
2015-06-01,6.83,7.5,7.5,6.76,1323365248.0,9608605696.0
2015-05-29,6.73,6.93,6.82,6.65,537952768.0,3658933248.0
2015-05-28,7.03,7.05,6.67,6.65,518613664.0,3582882560.0
2015-05-27,7.06,7.11,7.02,6.97,373887552.0,2628441088.0
2015-05-26,7.05,7.07,7.05,6.95,404542880.0,2835519488.0
2015-05-25,6.92,7.04,7.03,6.9,490002208.0,3426675200.0
2015-05-22,6.76,6.9,6.89,6.72,484789088.0,3313878784.0
2015-05-21,6.71,6.74,6.72,6.65,281508672.0,1884145152.0
2015-05-20,6.77,6.82,6.71,6.66,394184288.0,2657561856.0
2015-05-19,6.52,6.74,6.71,6.5,345559776.0,2302965760.0
2015-05-18,6.57,6.65,6.53,6.51,247991152.0,1630577152.0
2015-05-15,6.72,6.77,6.62,6.58,295460736.0,1967232640.0
2015-05-14,6.82,6.83,6.75,6.73,300139008.0,2035586176.0
2015-05-13,6.79,6.82,6.78,6.73,388297152.0,2630069504.0
2015-05-12,6.73,6.81,6.76,6.69,449632672.0,3032102144.0
2015-05-11,6.63,6.77,6.75,6.56,464398848.0,3091716608.0
2015-05-08,6.66,6.69,6.65,6.52,268968896.0,1777999104.0
2015-05-07,6.63,6.72,6.59,6.57,324998144.0,2155085312.0
2015-05-06,6.75,6.86,6.65,6.6,372839520.0,2512759808.0
2015-05-05,6.99,7.02,6.69,6.68,487149952.0,3322153728.0
2015-05-04,6.94,7.12,7.02,6.86,375728512.0,2635440384.0
2015-04-30,7.05,7.1,6.92,6.91,375552096.0,2628203008.0
2015-04-29,7.1,7.1,7.04,6.95,412360064.0,2901660672.0
2015-04-28,7.03,7.41,7.14,6.99,1084861440.0,7785564160.0
2015-04-27,6.85,7.04,7.02,6.85,622833792.0,4335935488.0
2015-04-24,6.88,6.93,6.81,6.73,556183936.0,3796393728.0
2015-04-23,7.12,7.15,7.0,6.9,535065856.0,3764702464.0
2015-04-22,7.02,7.12,7.11,6.95,595401344.0,4186432000.0
2015-04-21,6.9,6.99,6.98,6.8,539570240.0,3727922176.0
2015-04-20,7.32,7.32,6.9,6.86,822763712.0,5858590208.0
2015-04-17,7.3,7.38,7.23,7.17,747733248.0,5426030592.0
2015-04-16,6.96,7.18,7.16,6.92,585727808.0,4122698240.0
2015-04-15,6.84,7.12,7.0,6.8,805313472.0,5615659008.0
2015-04-14,6.92,6.92,6.84,6.8,480660352.0,3294873856.0
2015-04-13,6.94,7.0,6.93,6.81,743461312.0,5131848704.0
2015-04-10,6.64,6.8,6.78,6.6,620467776.0,4168132864.0
2015-04-09,6.71,6.82,6.63,6.6,734460800.0,4912677376.0
2015-04-08,6.57,6.69,6.68,6.49,794384064.0,5240472064.0
2015-04-07,6.46,6.56,6.55,6.44,664765696.0,4320236032.0
2015-04-03,6.36,6.41,6.4,6.33,343340608.0,2188157440.0
2015-04-02,6.48,6.49,6.38,6.33,385007360.0,2461122048.0
2015-04-01,6.39,6.48,6.43,6.36,381992448.0,2450792192.0
2015-03-31,6.59,6.65,6.39,6.38,573530048.0,3742714880.0
2015-03-30,6.36,6.52,6.49,6.33,583985536.0,3766071296.0
2015-03-27,6.31,6.39,6.32,6.25,311092928.0,1966419200.0
2015-03-26,6.23,6.36,6.3,6.2,319732704.0,2010357120.0
2015-03-25,6.4,6.44,6.28,6.26,385454080.0,2442928128.0
2015-03-24,6.52,6.6,6.45,6.43,515865632.0,3340165632.0
2015-03-23,6.55,6.58,6.53,6.48,434967520.0,2836373504.0
2015-03-20,6.45,6.61,6.48,6.36,530578784.0,3435966720.0
2015-03-19,6.55,6.55,6.44,6.39,367037280.0,2369277952.0
2015-03-18,6.39,6.56,6.54,6.39,520375232.0,3372692224.0
2015-03-17,6.44,6.52,6.4,6.33,395824992.0,2529920256.0
2015-03-16,6.32,6.37,6.34,6.23,332374368.0,2098194944.0
2015-03-13,6.36,6.49,6.29,6.22,482458816.0,3075862016.0
2015-03-12,6.25,6.48,6.36,6.15,625599232.0,3956624384.0
2015-03-11,6.07,6.24,6.11,6.07,321108480.0,1977270272.0
2015-03-10,6.15,6.19,6.08,6.03,377657216.0,2306848768.0
2015-03-09,5.85,6.18,6.12,5.75,518678880.0,3119147264.0
2015-03-06,5.69,5.84,5.83,5.67,247036736.0,1424144768.0
2015-03-05,5.81,5.82,5.68,5.61,300332192.0,1714676480.0
2015-03-04,5.89,5.92,5.85,5.8,181215520.0,1061545536.0
2015-03-03,6.06,6.06,5.88,5.88,287155712.0,1710282624.0
2015-03-02,6.09,6.12,6.08,6.01,315131328.0,1905016832.0
2015-02-27,6.13,6.16,6.08,6.05,203469152.0,1242418688.0
2015-02-26,6.01,6.14,6.12,5.95,208645392.0,1265329408.0
2015-02-25,6.11,6.12,6.02,5.98,152223280.0,921604352.0
2015-02-17,6.1,6.15,6.1,6.08,119429864.0,729998528.0
2015-02-16,6.12,6.12,6.08,6.04,150942864.0,916061184.0
2015-02-13,6.12,6.22,6.11,6.07,227031968.0,1395482240.0
2015-02-12,6.14,6.15,6.11,6.03,91959448.0,559458752.0
2015-02-11,6.16,6.21,6.12,6.09,116781536.0,717001024.0
2015-02-10,6.03,6.19,6.15,5.99,197374608.0,1205622784.0
2015-02-09,5.89,6.08,6.03,5.82,213995120.0,1272328576.0
2015-02-06,5.97,6.07,5.9,5.84,205823744.0,1227801984.0
2015-02-05,6.35,6.35,6.0,5.99,432401472.0,2678993152.0
2015-02-04,6.16,6.2,6.02,6.01,195182560.0,1194947584.0
2015-02-03,6.04,6.15,6.14,5.95,225362880.0,1360873088.0
2015-02-02,6.08,6.14,5.96,5.95,273577696.0,1651999872.0
2015-01-30,6.37,6.4,6.23,6.22,201649696.0,1271800192.0
2015-01-29,6.29,6.38,6.32,6.22,245861264.0,1548535680.0
2015-01-28,6.46,6.52,6.39,6.36,347517088.0,2232867840.0
2015-01-27,6.74,6.77,6.53,6.42,476303808.0,3116684288.0
2015-01-26,6.83,6.86,6.76,6.63,324138176.0,2180853504.0
2015-01-23,6.9,7.1,6.86,6.79,436110496.0,3026419968.0
2015-01-22,6.81,6.95,6.88,6.75,462001344.0,3162656256.0
2015-01-21,6.53,6.9,6.84,6.42,575265664.0,3846062592.0
2015-01-20,6.51,6.62,6.48,6.31,466939584.0,3028735488.0
2015-01-19,6.54,6.84,6.49,6.49,733376704.0,4860065280.0
2015-01-16,6.95,7.39,7.21,6.87,819274944.0,5822498816.0
2015-01-15,6.63,6.87,6.85,6.55,322818112.0,2171963648.0
2015-01-14,6.52,6.72,6.63,6.51,307802304.0,2036703488.0
2015-01-13,6.45,6.54,6.49,6.4,181708768.0,1178228736.0
2015-01-12,6.47,6.58,6.48,6.33,348078112.0,2244689408.0
2015-01-09,6.46,6.95,6.5,6.42,602059776.0,4010379776.0
2015-01-08,6.79,6.83,6.53,6.48,411691296.0,2718756096.0
2015-01-07,6.81,6.89,6.76,6.64,416414688.0,2815040512.0
2015-01-06,6.94,7.33,6.9,6.86,573292096.0,4031761664.0
2015-01-05,6.83,7.15,7.05,6.72,662083200.0,4590560768.0
2014-12-31,6.68,6.88,6.8,6.53,702555008.0,4739209728.0
2014-12-30,6.32,6.67,6.61,6.27,637545664.0,4148498432.0
2014-12-29,6.54,6.73,6.34,6.2,791224576.0,5099338752.0
2014-12-26,6.08,6.35,6.32,6.04,481976928.0,2998897152.0
2014-12-25,5.95,6.14,6.08,5.8,434311744.0,2608694784.0
2014-12-24,6.18,6.22,5.84,5.72,500420288.0,2977065984.0
2014-12-23,6.38,6.54,6.17,6.16,543934272.0,3461750272.0
2014-12-22,6.23,6.75,6.51,6.15,872883008.0,5668608512.0
2014-12-19,6.07,6.28,6.21,5.97,616770368.0,3801234688.0
2014-12-18,6.24,6.25,6.07,5.95,649536704.0,3955284736.0
2014-12-17,5.85,6.28,6.15,5.78,965033216.0,5830589952.0
2014-12-16,5.56,5.8,5.8,5.5,566470400.0,3212535808.0
2014-12-15,5.6,5.64,5.57,5.44,347191456.0,1917368320.0
2014-12-12,5.65,5.83,5.69,5.61,352051680.0,2006664320.0
2014-12-11,5.6,5.84,5.64,5.53,482084896.0,2734733312.0
2014-12-10,5.69,5.89,5.76,5.35,683038912.0,3829449984.0
2014-12-09,6.16,6.39,5.69,5.67,864551104.0,5251991040.0
2014-12-08,6.1,6.4,6.3,6.0,723659264.0,4507115520.0
2014-12-05,6.25,6.59,6.25,6.0,938665664.0,5867396096.0
2014-12-04,5.84,6.2,6.19,5.68,722488256.0,4318143488.0
2014-12-03,5.97,6.23,5.86,5.68,845859648.0,5074989568.0
2014-12-02,5.36,5.96,5.96,5.34,798466496.0,4533412864.0
2014-12-01,5.46,5.8,5.42,5.38,874575360.0,4857664000.0
2014-11-28,4.88,5.34,5.34,4.84,961722624.0,4947163648.0
2014-11-27,4.73,4.87,4.85,4.71,593188352.0,2851687168.0
2014-11-26,4.49,4.7,4.65,4.48,398150848.0,1824985088.0
2014-11-25,4.42,4.51,4.49,4.39,251805536.0,1117566592.0
2014-11-24,4.37,4.47,4.43,4.34,337481120.0,1489587328.0
2014-11-21,4.37,4.45,4.43,4.35,145206368.0,638530240.0
2014-11-20,4.35,4.4,4.38,4.34,122116472.0,533659072.0
2014-11-19,4.36,4.4,4.37,4.35,96036912.0,419863904.0
2014-11-18,4.51,4.51,4.38,4.36,189768960.0,836693248.0
2014-11-17,4.64,4.65,4.5,4.48,195915184.0,886631872.0
2014-11-14,4.64,4.65,4.6,4.54,151560224.0,694605696.0
2014-11-13,4.66,4.75,4.64,4.61,194112512.0,907536000.0
2014-11-12,4.65,4.7,4.65,4.55,230484272.0,1063532736.0
2014-11-11,4.48,4.88,4.71,4.47,616335104.0,2882455040.0
2014-11-10,4.39,4.46,4.44,4.38,230584464.0,1019310400.0
2014-11-07,4.32,4.41,4.33,4.3,194431456.0,847462656.0
2014-11-06,4.33,4.34,4.31,4.28,71584560.0,308780384.0
2014-11-05,4.34,4.35,4.32,4.31,79487424.0,343464448.0
2014-11-04,4.38,4.39,4.34,4.31,134283584.0,582085696.0
2014-11-03,4.42,4.43,4.37,4.35,164486608.0,721081920.0
2014-10-31,4.28,4.47,4.41,4.27,338151616.0,1478228096.0
2014-10-30,4.22,4.3,4.28,4.2,164712080.0,700052800.0
2014-10-29,4.19,4.25,4.23,4.17,103388368.0,434729920.0
2014-10-28,4.13,4.18,4.18,4.13,71163384.0,295591360.0
2014-10-27,4.2,4.21,4.14,4.11,97093824.0,402741824.0
2014-10-24,4.2,4.23,4.2,4.19,61520028.0,258966496.0
2014-10-23,4.22,4.25,4.19,4.19,89212392.0,376586464.0
2014-10-22,4.22,4.24,4.21,4.2,57292704.0,241619792.0
2014-10-21,4.23,4.24,4.21,4.2,52809440.0,222815360.0
2014-10-20,4.22,4.24,4.22,4.21,51210816.0,216166256.0
2014-10-17,4.23,4.25,4.21,4.16,97941640.0,412494336.0
2014-10-16,4.21,4.31,4.24,4.2,136765168.0,583144384.0
2014-10-15,4.2,4.25,4.23,4.19,65368576.0,275799968.0
2014-10-14,4.21,4.25,4.21,4.19,80648280.0,339769568.0
2014-10-13,4.24,4.25,4.23,4.2,84851168.0,358076992.0
2014-10-10,4.27,4.29,4.26,4.25,87518664.0,373210208.0
2014-10-09,4.3,4.31,4.29,4.27,71725376.0,307736640.0
2014-10-08,4.3,4.3,4.3,4.26,92800304.0,397310560.0
2014-09-30,4.3,4.31,4.29,4.27,83282008.0,356566144.0
2014-09-29,4.3,4.33,4.3,4.27,119332328.0,511889600.0
2014-09-26,4.31,4.33,4.3,4.27,64863944.0,278744576.0
2014-09-25,4.36,4.38,4.32,4.32,106447488.0,462869536.0
2014-09-24,4.25,4.36,4.33,4.24,163109840.0,701281216.0
2014-09-23,4.26,4.29,4.27,4.23,65470568.0,279244608.0
2014-09-22,4.37,4.38,4.27,4.25,117186792.0,503540768.0
2014-09-19,4.39,4.41,4.4,4.36,116494960.0,511198432.0
2014-09-18,4.31,4.47,4.39,4.3,282281152.0,1239742976.0
2014-09-17,4.31,4.33,4.31,4.29,86192400.0,371343872.0
2014-09-16,4.32,4.39,4.3,4.29,165554080.0,718100672.0
2014-09-15,4.33,4.35,4.31,4.29,96226680.0,414954720.0
2014-09-12,4.31,4.33,4.32,4.27,53448488.0,229640832.0
2014-09-11,4.31,4.38,4.31,4.29,92755832.0,401269120.0
2014-09-10,4.35,4.36,4.31,4.28,90183528.0,388952928.0
2014-09-09,4.4,4.41,4.34,4.33,76084944.0,331573504.0
2014-09-05,4.38,4.41,4.4,4.36,88248304.0,386763072.0
2014-09-04,4.35,4.38,4.37,4.33,71453032.0,311205376.0
2014-09-03,4.33,4.42,4.35,4.32,149613712.0,654518464.0
2014-09-02,4.21,4.35,4.35,4.18,165596992.0,707075648.0
2014-09-01,4.2,4.22,4.2,4.16,64895720.0,272087456.0
2014-08-29,4.16,4.2,4.19,4.14,63075552.0,263160032.0
2014-08-28,4.21,4.23,4.14,4.14,92355496.0,387216992.0
2014-08-27,4.23,4.24,4.21,4.2,55116500.0,232559008.0
2014-08-26,4.2,4.27,4.24,4.2,92440272.0,391128896.0
2014-08-25,4.27,4.27,4.21,4.2,85382560.0,360074624.0
2014-08-22,4.24,4.27,4.27,4.22,65684472.0,279139296.0
2014-08-21,4.27,4.28,4.25,4.22,91001808.0,385779840.0
2014-08-20,4.29,4.3,4.28,4.26,73400008.0,314092064.0
2014-08-19,4.33,4.34,4.3,4.26,89897000.0,386551712.0
2014-08-18,4.33,4.38,4.33,4.31,92309696.0,400419552.0
2014-08-15,4.3,4.34,4.32,4.27,91346224.0,393506496.0
2014-08-14,4.33,4.34,4.29,4.28,98258408.0,423158464.0
2014-08-13,4.35,4.38,4.31,4.26,135752336.0,586390336.0
2014-08-12,4.4,4.41,4.35,4.34,153441696.0,669296960.0
2014-08-11,4.4,4.46,4.42,4.4,146932256.0,650045824.0
2014-08-08,4.35,4.45,4.4,4.35,175272224.0,771819008.0
2014-08-07,4.41,4.45,4.36,4.35,170278192.0,747809472.0
2014-08-06,4.38,4.42,4.4,4.33,178281344.0,780360640.0
2014-08-05,4.45,4.5,4.42,4.38,249600224.0,1104104448.0
2014-08-04,4.5,4.55,4.5,4.4,246372352.0,1104119424.0
2014-08-01,4.55,4.6,4.47,4.46,373577728.0,1693067008.0
2014-07-31,4.39,4.62,4.6,4.35,508908736.0,2292336640.0
2014-07-30,4.38,4.52,4.39,4.36,460794304.0,2046736384.0
2014-07-29,4.35,4.57,4.5,4.25,767163008.0,3360630272.0
2014-07-28,3.9,4.22,4.22,3.9,577892032.0,2413050368.0
2014-07-25,3.82,3.85,3.84,3.81,71854496.0,275221600.0
2014-07-24,3.73,3.83,3.82,3.72,146238848.0,553475328.0
2014-07-23,3.7,3.74,3.72,3.7,56363500.0,209856368.0
2014-07-22,3.68,3.72,3.7,3.68,43215196.0,160166544.0
2014-07-21,3.7,3.71,3.69,3.68,29693868.0,109609808.0
2014-07-18,3.68,3.72,3.71,3.68,40084384.0,148378336.0
2014-07-17,3.73,3.73,3.7,3.68,50863556.0,188228528.0
2014-07-16,3.69,3.75,3.73,3.68,101465616.0,376017120.0
2014-07-15,3.66,3.69,3.69,3.66,73078096.0,269154496.0
2014-07-14,3.67,3.68,3.67,3.65,72031440.0,263991792.0
2014-07-11,3.66,3.69,3.66,3.64,107036592.0,392864800.0
2014-07-10,3.91,3.93,3.9,3.89,70417648.0,275569184.0
2014-07-09,3.96,3.96,3.91,3.9,60596948.0,238279968.0
2014-07-08,3.96,3.97,3.96,3.93,44475000.0,175935728.0
2014-07-07,3.94,3.97,3.96,3.93,58243492.0,230416896.0
2014-07-04,3.91,3.95,3.93,3.9,65847836.0,258485072.0
2014-07-03,3.9,3.91,3.9,3.88,43733296.0,170521824.0
2014-07-02,3.88,3.9,3.9,3.87,43619324.0,169395648.0
2014-07-01,3.89,3.9,3.88,3.86,30677072.0,118979816.0
2014-06-30,3.87,3.89,3.88,3.86,34364916.0,133388288.0
2014-06-27,3.86,3.87,3.87,3.85,31932804.0,123212312.0
2014-06-26,3.85,3.88,3.86,3.85,29941500.0,115756296.0
2014-06-25,3.87,3.87,3.85,3.84,29116518.0,112252008.0
2014-06-24,3.85,3.88,3.87,3.85,27723800.0,107164856.0
2014-06-23,3.84,3.88,3.86,3.83,40106680.0,154667184.0
2014-06-20,3.82,3.85,3.84,3.82,38578388.0,148013168.0
2014-06-19,3.85,3.86,3.82,3.81,51299708.0,196862016.0
2014-06-18,3.87,3.88,3.85,3.84,60579088.0,233817008.0
2014-06-17,3.9,3.91,3.88,3.86,64162232.0,249282288.0
2014-06-16,3.88,3.92,3.92,3.87,82670768.0,322152064.0
2014-06-13,3.83,3.9,3.88,3.82,111573968.0,431710112.0
2014-06-12,3.83,3.84,3.84,3.82,37552752.0,143888064.0
2014-06-11,3.85,3.85,3.84,3.82,42414536.0,162767808.0
2014-06-10,3.82,3.85,3.85,3.81,67243248.0,257558896.0
2014-06-09,3.79,3.84,3.81,3.79,42259700.0,161348608.0
2014-06-06,3.83,3.84,3.79,3.79,34315480.0,130747808.0
2014-06-05,3.8,3.84,3.83,3.78,50595744.0,192990832.0
2014-06-04,3.82,3.82,3.8,3.78,33324176.0,126536480.0
2014-06-03,3.81,3.83,3.82,3.81,39803424.0,152107808.0
2014-05-30,3.82,3.82,3.81,3.8,38037232.0,144893040.0
2014-05-29,3.83,3.83,3.82,3.81,40613132.0,155262352.0
2014-05-28,3.8,3.83,3.82,3.79,43124340.0,164372992.0
2014-05-27,3.8,3.82,3.8,3.79,37120392.0,141217568.0
2014-05-26,3.82,3.82,3.8,3.79,28966284.0,110259848.0
2014-05-23,3.8,3.81,3.81,3.77,41430776.0,157079968.0
2014-05-22,3.79,3.83,3.79,3.78,61886972.0,235708144.0
2014-05-21,3.75,3.8,3.79,3.74,58584528.0,221132960.0
2014-05-20,3.75,3.77,3.76,3.75,38452152.0,144594400.0
2014-05-19,3.76,3.77,3.74,3.73,43408960.0,162721472.0
2014-05-16,3.76,3.78,3.77,3.75,53572956.0,201826192.0
2014-05-15,3.78,3.81,3.77,3.76,95394712.0,361068736.0
2014-05-14,3.76,3.77,3.77,3.74,33504956.0,125983184.0
2014-05-13,3.76,3.77,3.76,3.74,40800600.0,153297120.0
2014-05-12,3.73,3.77,3.76,3.72,74044568.0,277864736.0
2014-05-09,3.72,3.73,3.72,3.7,28823066.0,107172216.0
2014-05-08,3.71,3.74,3.71,3.7,42747172.0,159184896.0
2014-05-07,3.71,3.72,3.71,3.7,37415496.0,138922288.0
2014-05-06,3.7,3.73,3.72,3.69,36467208.0,135511392.0
2014-05-05,3.7,3.72,3.71,3.68,55226756.0,204103072.0
2014-04-30,3.73,3.73,3.71,3.7,52252776.0,193705408.0
2014-04-29,3.71,3.73,3.71,3.69,65084804.0,241234880.0
2014-04-28,3.73,3.74,3.71,3.7,62301388.0,231649136.0
2014-04-25,3.73,3.77,3.73,3.72,62428664.0,233989696.0
2014-04-24,3.73,3.75,3.73,3.71,42153272.0,157088704.0
2014-04-23,3.73,3.74,3.73,3.72,46225368.0,172360432.0
2014-04-22,3.72,3.75,3.74,3.71,50759520.0,189304992.0
2014-04-21,3.77,3.8,3.72,3.72,53998680.0,202844592.0
2014-04-18,3.78,3.79,3.78,3.75,35952056.0,135583520.0
2014-04-17,3.8,3.81,3.78,3.78,31771100.0,120484568.0
2014-04-16,3.78,3.82,3.79,3.77,55878248.0,212119344.0
2014-04-15,3.86,3.87,3.79,3.78,83116656.0,317091296.0
2014-04-14,3.88,3.9,3.87,3.85,50910936.0,197019872.0
2014-04-11,3.87,3.91,3.89,3.85,120642808.0,467704000.0
2014-04-10,3.84,3.92,3.88,3.82,128549264.0,496750848.0
2014-04-09,3.85,3.86,3.84,3.81,104337272.0,400241280.0
2014-04-08,3.76,3.88,3.85,3.75,169960928.0,649902016.0
2014-04-04,3.74,3.77,3.76,3.72,62512592.0,234510080.0
2014-04-03,3.81,3.82,3.74,3.72,108936128.0,410207648.0
2014-04-02,3.78,3.81,3.8,3.77,61663244.0,233794912.0
2014-04-01,3.77,3.81,3.78,3.76,54590096.0,206541456.0
2014-03-31,3.81,3.81,3.78,3.75,84760392.0,320009248.0
2014-03-28,3.77,3.85,3.82,3.77,102641280.0,390921216.0
2014-03-27,3.78,3.83,3.78,3.74,71222176.0,269518112.0
2014-03-26,3.8,3.81,3.78,3.77,40895184.0,154860016.0
2014-03-25,3.8,3.82,3.78,3.77,48919836.0,185454400.0
2014-03-24,3.81,3.84,3.82,3.77,118043864.0,449414592.0
2014-03-21,3.62,3.78,3.77,3.61,124537672.0,462985952.0
2014-03-20,3.64,3.69,3.64,3.63,37494200.0,137368160.0
2014-03-19,3.65,3.66,3.65,3.62,31832566.0,115738224.0
2014-03-18,3.67,3.68,3.66,3.65,33024316.0,120888936.0
2014-03-17,3.67,3.68,3.67,3.65,29287190.0,107376560.0
2014-03-14,3.67,3.7,3.65,3.63,52148464.0,190923280.0
2014-03-13,3.66,3.78,3.7,3.65,89483216.0,331955872.0
2014-03-12,3.63,3.67,3.64,3.59,65225220.0,236774416.0
2014-03-11,3.63,3.67,3.63,3.62,47821064.0,173909936.0
2014-03-10,3.69,3.7,3.64,3.62,69157744.0,252779520.0
2014-03-07,3.73,3.76,3.71,3.7,43874000.0,163564896.0
2014-03-06,3.72,3.75,3.73,3.7,49919128.0,185940656.0
2014-03-05,3.75,3.76,3.72,3.71,43951716.0,163912752.0
2014-03-04,3.75,3.76,3.76,3.71,56782984.0,212010832.0
2014-03-03,3.77,3.78,3.76,3.74,66013224.0,248043328.0
2014-02-28,3.78,3.81,3.79,3.75,51510616.0,194550192.0
2014-02-27,3.78,3.82,3.8,3.74,75112776.0,284499488.0
2014-02-26,3.76,3.79,3.77,3.74,37262780.0,140329440.0
2014-02-25,3.8,3.82,3.78,3.76,52877984.0,200475888.0
2014-02-24,3.84,3.84,3.79,3.76,100610832.0,380914112.0
2014-02-21,3.9,3.92,3.86,3.84,51032208.0,197696272.0
2014-02-20,3.91,4.02,3.9,3.89,92178216.0,363478720.0
2014-02-19,3.83,3.95,3.92,3.81,89208592.0,347596064.0
2014-02-18,3.89,3.9,3.83,3.82,47238980.0,181826112.0
2014-02-17,3.92,3.93,3.89,3.88,50578508.0,197045360.0
2014-02-14,3.91,3.93,3.9,3.89,50428668.0,196931072.0
2014-02-13,3.87,3.98,3.92,3.85,117624112.0,460979200.0
2014-02-12,3.86,3.93,3.88,3.85,74340192.0,288987840.0
2014-02-11,3.81,3.91,3.87,3.8,130768672.0,504983712.0
2014-02-10,3.78,3.81,3.8,3.77,65539048.0,248891504.0
2014-02-07,3.77,3.77,3.77,3.73,35350240.0,132485144.0
2014-01-30,3.8,3.81,3.78,3.78,26525000.0,100514184.0
2014-01-29,3.81,3.82,3.8,3.79,32012106.0,121932152.0
2014-01-28,3.76,3.82,3.8,3.75,71124816.0,269344800.0
2014-01-27,3.73,3.76,3.75,3.72,90916768.0,340204608.0
2014-01-24,3.73,3.77,3.74,3.72,46876672.0,175533520.0
2014-01-23,3.77,3.77,3.74,3.74,33085408.0,124141416.0
2014-01-22,3.73,3.79,3.78,3.72,53780476.0,202276688.0
2014-01-21,3.72,3.75,3.73,3.71,33321388.0,124350096.0
2014-01-20,3.73,3.73,3.72,3.7,32265932.0,119797496.0
2014-01-17,3.75,3.76,3.72,3.71,44992448.0,167944240.0
2014-01-16,3.76,3.78,3.76,3.73,37814080.0,141847456.0
2014-01-15,3.79,3.8,3.76,3.74,39736496.0,149429776.0
2014-01-14,3.82,3.83,3.79,3.77,55034272.0,208791376.0
2014-01-13,3.81,3.84,3.82,3.8,44518784.0,169942640.0
2014-01-10,3.78,3.81,3.8,3.77,37357256.0,141551008.0
2014-01-09,3.78,3.83,3.79,3.77,39753224.0,151025584.0
2014-01-08,3.77,3.84,3.8,3.76,47952084.0,182189344.0
2014-01-07,3.73,3.79,3.77,3.72,48477576.0,182450048.0
2014-01-06,3.79,3.79,3.75,3.72,73494736.0,275265600.0
2014-01-03,3.81,3.83,3.79,3.76,64039688.0,242603648.0
2014-01-02,3.82,3.84,3.82,3.8,57317904.0,218979008.0
2013-12-31,3.79,3.86,3.84,3.77,125516928.0,479260256.0
2013-12-30,3.91,3.93,3.8,3.77,203907616.0,781325056.0
2013-12-27,3.87,3.92,3.89,3.86,77578328.0,301271296.0
2013-12-26,3.91,3.92,3.85,3.84,49026064.0,189960160.0
2013-12-25,3.95,3.96,3.91,3.89,40420068.0,158324848.0
2013-12-24,3.96,3.98,3.93,3.91,33875984.0,133759872.0
2013-12-23,3.93,3.98,3.94,3.9,47384528.0,186870704.0
2013-12-20,4.04,4.06,3.86,3.65,82661776.0,328998656.0
2013-12-19,4.1,4.11,4.04,4.02,51498776.0,209822912.0
2013-12-18,4.09,4.12,4.08,4.07,35682848.0,146001072.0
2013-12-17,4.07,4.13,4.08,4.06,51348016.0,210218320.0
2013-12-16,4.12,4.14,4.07,4.06,48584220.0,199171152.0
2013-12-13,4.09,4.12,4.09,4.08,45631208.0,186972112.0
2013-12-12,4.13,4.15,4.12,4.11,32602300.0,134561216.0
2013-12-11,4.19,4.2,4.14,4.13,41372428.0,172044960.0
2013-12-10,4.22,4.23,4.2,4.19,42966916.0,181043952.0
2013-12-09,4.22,4.24,4.2,4.2,26095954.0,110067032.0
2013-12-06,4.23,4.25,4.22,4.19,51801868.0,218239232.0
2013-12-05,4.26,4.27,4.24,4.22,46360040.0,196653760.0
2013-12-04,4.21,4.29,4.26,4.2,89297184.0,380335424.0
2013-12-03,4.19,4.24,4.22,4.17,69548032.0,292464096.0
2013-12-02,4.17,4.24,4.19,4.14,118384416.0,495550560.0
2013-11-29,4.17,4.18,4.14,4.14,35187456.0,146204544.0
2013-11-28,4.12,4.18,4.16,4.11,55101792.0,228849664.0
2013-11-27,4.11,4.14,4.12,4.08,50964216.0,209501552.0
2013-11-26,4.12,4.14,4.11,4.09,31497758.0,129572952.0
2013-11-25,4.12,4.16,4.12,4.11,39223320.0,162194496.0
2013-11-22,4.15,4.16,4.13,4.12,38758344.0,160355120.0
2013-11-21,4.15,4.16,4.14,4.1,53210864.0,219524560.0
2013-11-20,4.16,4.19,4.16,4.14,46128488.0,192121776.0
2013-11-19,4.16,4.18,4.14,4.13,65615440.0,272388960.0
2013-11-18,4.06,4.18,4.16,4.04,108672464.0,446044256.0
2013-11-15,4.0,4.07,4.04,3.99,92351600.0,372922816.0
2013-11-14,4.05,4.05,3.98,3.96,68949344.0,275870080.0
2013-11-13,4.14,4.14,4.03,4.02,72473784.0,295657056.0
2013-11-12,4.15,4.17,4.16,4.14,43252896.0,179826592.0
2013-11-11,4.14,4.16,4.13,4.12,32393072.0,133953608.0
2013-11-08,4.14,4.18,4.14,4.13,36287168.0,150760448.0
2013-11-07,4.16,4.17,4.16,4.13,39708688.0,164947184.0
2013-11-06,4.16,4.18,4.15,4.14,44484296.0,185084608.0
2013-11-05,4.19,4.2,4.19,4.15,46775580.0,195196768.0
2013-11-04,4.24,4.25,4.2,4.18,39245956.0,165181424.0
2013-11-01,4.19,4.23,4.22,4.18,54462892.0,228920880.0
2013-10-31,4.22,4.22,4.19,4.16,77430160.0,324234656.0
2013-10-30,4.23,4.27,4.26,4.18,71394672.0,302332544.0
2013-10-29,4.17,4.28,4.23,4.17,114035920.0,481789344.0
2013-10-28,4.16,4.17,4.16,4.11,41611584.0,172508000.0
2013-10-25,4.17,4.21,4.15,4.14,65366792.0,272796512.0
2013-10-24,4.19,4.21,4.16,4.15,63212968.0,263940976.0
2013-10-23,4.22,4.29,4.2,4.19,76549216.0,324312064.0
2013-10-22,4.24,4.24,4.21,4.19,33992092.0,143214496.0
2013-10-21,4.22,4.26,4.25,4.18,51320640.0,216506160.0
2013-10-18,4.19,4.24,4.21,4.18,34843940.0,146807728.0
2013-10-17,4.24,4.25,4.19,4.18,42504352.0,178945680.0
2013-10-16,4.24,4.25,4.22,4.2,60907920.0,256995824.0
2013-10-15,4.28,4.28,4.25,4.23,47455320.0,201980704.0
2013-10-14,4.32,4.33,4.28,4.25,88580584.0,379978528.0
2013-10-11,4.25,4.37,4.32,4.22,136890288.0,587180352.0
2013-10-10,4.31,4.31,4.22,4.2,73969048.0,313989184.0
2013-10-09,4.25,4.33,4.3,4.23,68029264.0,291982240.0
2013-10-08,4.27,4.3,4.28,4.21,77736992.0,330837888.0
2013-09-30,4.29,4.33,4.3,4.25,65572680.0,281085472.0
2013-09-27,4.18,4.23,4.22,4.18,49272712.0,206905536.0
2013-09-26,4.28,4.29,4.18,4.16,99898872.0,419043200.0
2013-09-25,4.28,4.4,4.29,4.27,86776376.0,375884224.0
2013-09-24,4.43,4.44,4.3,4.26,147878720.0,639361408.0
2013-09-23,4.45,4.46,4.45,4.38,89742720.0,397248832.0
2013-09-18,4.41,4.45,4.43,4.35,109374640.0,483037568.0
2013-09-17,4.56,4.63,4.41,4.4,156734608.0,700946432.0
2013-09-16,4.73,4.76,4.57,4.54,203134304.0,936724544.0
2013-09-13,4.61,4.88,4.68,4.6,313158784.0,1481264768.0
2013-09-12,4.46,4.77,4.66,4.44,414188384.0,1914279808.0
2013-09-11,4.52,4.61,4.49,4.48,225854512.0,1023459520.0
2013-09-10,4.55,4.6,4.53,4.4,339822720.0,1525942656.0
2013-09-09,4.17,4.51,4.51,4.17,476720768.0,2096666496.0
2013-09-06,3.97,4.14,4.1,3.97,170336160.0,694109440.0
2013-09-05,4.0,4.0,3.98,3.97,32696552.0,130253616.0
2013-09-04,3.99,4.02,4.0,3.98,57580064.0,230251568.0
2013-09-03,3.95,4.0,4.0,3.94,81336648.0,323673664.0
2013-09-02,3.95,3.96,3.94,3.92,60751552.0,239478400.0
2013-08-30,3.92,3.96,3.94,3.89,69242824.0,272087936.0
2013-08-29,3.95,3.97,3.92,3.9,53405492.0,210026112.0
2013-08-28,3.9,3.96,3.93,3.85,85445648.0,334626112.0
2013-08-27,3.92,3.93,3.92,3.88,64712136.0,252683312.0
2013-08-26,3.87,3.93,3.91,3.85,72175560.0,281057120.0
2013-08-23,3.91,3.93,3.86,3.81,66324388.0,256916368.0
2013-08-22,3.92,3.96,3.9,3.89,60066416.0,235970464.0
2013-08-21,3.98,3.98,3.93,3.91,52416216.0,206389248.0
2013-08-20,3.97,4.03,3.96,3.94,81614040.0,324451008.0
2013-08-19,3.91,3.98,3.97,3.9,71839384.0,283070592.0
2013-08-16,3.9,4.31,3.93,3.88,191556528.0,767127168.0
2013-08-15,3.94,3.97,3.92,3.9,46886304.0,184715792.0
2013-08-14,3.96,4.0,3.94,3.93,61134188.0,242503264.0
2013-08-13,3.94,3.97,3.96,3.91,56607252.0,222971664.0
2013-08-12,3.87,3.95,3.95,3.85,81568744.0,318548480.0
2013-08-09,3.87,3.89,3.85,3.81,53078892.0,204468224.0
2013-08-08,3.85,3.88,3.85,3.83,46444880.0,178964144.0
2013-08-07,3.84,3.88,3.84,3.83,50901620.0,196620304.0
2013-08-06,3.83,3.87,3.84,3.81,38372672.0,147351088.0
2013-08-05,3.83,3.85,3.85,3.81,37269204.0,142723296.0
2013-08-02,3.85,3.87,3.82,3.81,37705448.0,144569248.0
2013-08-01,3.77,3.85,3.83,3.76,56254188.0,214647952.0
2013-07-31,3.76,3.79,3.76,3.74,51705136.0,194927840.0
2013-07-30,3.7,3.79,3.74,3.69,61979512.0,231906336.0
2013-07-29,3.74,3.74,3.69,3.68,69150464.0,256063440.0
2013-07-26,3.77,3.79,3.76,3.75,45712308.0,172281440.0
2013-07-25,3.8,3.82,3.79,3.77,59363352.0,225200224.0
2013-07-24,3.83,3.84,3.79,3.76,81327952.0,308641696.0
2013-07-23,3.81,3.9,3.85,3.79,90339576.0,347988512.0
2013-07-22,3.81,3.81,3.79,3.77,80978160.0,306917504.0
2013-07-19,3.92,3.92,3.84,3.83,79325792.0,306864832.0
2013-07-18,3.96,3.97,3.91,3.89,55373116.0,216789792.0
2013-07-17,3.98,4.01,3.95,3.94,59084936.0,234771936.0
2013-07-16,3.98,3.99,3.99,3.93,55055348.0,217818944.0
2013-07-15,3.96,4.06,3.99,3.94,84409408.0,337691328.0
2013-07-12,4.02,4.04,3.92,3.92,100184480.0,399642272.0
2013-07-11,3.88,4.11,4.03,3.87,170979200.0,683243136.0
2013-07-10,4.06,4.1,4.09,4.05,78530912.0,320425664.0
2013-07-09,4.03,4.06,4.06,4.02,45891512.0,185376816.0
2013-07-08,4.05,4.06,4.03,4.01,56358792.0,227166080.0
2013-07-05,4.07,4.11,4.07,4.06,50345600.0,205400720.0
2013-07-04,4.0,4.08,4.07,3.99,86875584.0,351546912.0
2013-07-03,4.03,4.03,4.0,3.97,57169592.0,228361440.0
2013-07-02,4.05,4.06,4.03,4.01,63784572.0,257138288.0
2013-07-01,4.06,4.08,4.05,4.01,100444584.0,405896192.0
2013-06-28,4.01,4.11,4.07,3.99,121707240.0,493694240.0
2013-06-27,4.01,4.07,4.0,3.98,122022544.0,490773472.0
2013-06-26,4.07,4.08,3.99,3.96,114501624.0,459258048.0
2013-06-25,4.01,4.09,4.06,3.88,162959088.0,649457600.0
2013-06-24,4.25,4.25,4.03,4.02,154616896.0,633269696.0
2013-06-21,4.26,4.3,4.24,4.23,67055624.0,286209632.0
2013-06-20,4.4,4.42,4.29,4.29,70553696.0,306462016.0
2013-06-19,4.45,4.45,4.42,4.38,45965740.0,202986352.0
2013-06-18,4.5,4.51,4.46,4.43,64550616.0,287972320.0
2013-06-17,4.51,4.53,4.47,4.46,42538836.0,191002896.0
2013-06-14,4.5,4.52,4.48,4.46,66955736.0,300456288.0
2013-06-13,4.56,4.56,4.51,4.42,103918656.0,465042592.0
2013-06-07,4.63,4.65,4.59,4.58,50292376.0,231971456.0
2013-06-06,4.67,4.68,4.62,4.61,42585800.0,197826272.0
2013-06-05,4.7,4.71,4.67,4.66,41254216.0,193180352.0
2013-06-04,4.72,4.72,4.69,4.68,51176568.0,240413376.0
2013-06-03,4.71,4.74,4.72,4.71,40972384.0,193435664.0
2013-05-31,4.75,4.76,4.71,4.71,44121728.0,208971520.0
2013-05-30,4.76,4.78,4.74,4.73,54870288.0,260882256.0
2013-05-29,4.8,4.82,4.76,4.75,63484088.0,304157984.0
2013-05-28,4.72,4.8,4.8,4.7,63175400.0,299937088.0
2013-05-27,4.73,4.76,4.72,4.71,47012044.0,222605696.0
2013-05-24,4.75,4.77,4.75,4.72,46997304.0,222956864.0
2013-05-23,4.77,4.79,4.73,4.71,54419948.0,258354176.0
2013-05-22,4.78,4.8,4.79,4.74,50850060.0,242820880.0
2013-05-21,4.77,4.79,4.77,4.74,48520732.0,231039200.0
2013-05-20,4.74,4.83,4.78,4.74,75891240.0,363148256.0
2013-05-17,4.67,4.75,4.73,4.65,81894888.0,385064512.0
2013-05-16,4.62,4.69,4.66,4.6,75794736.0,352178496.0
2013-05-15,4.63,4.64,4.63,4.61,26938444.0,124649552.0
2013-05-14,4.67,4.69,4.62,4.61,61657256.0,285833408.0
2013-05-13,4.75,4.75,4.68,4.66,67771488.0,318191200.0
2013-05-10,4.71,4.75,4.74,4.71,41714344.0,197399424.0
2013-05-09,4.74,4.75,4.73,4.7,35515680.0,167824032.0
2013-05-08,4.72,4.75,4.73,4.7,54415328.0,257459776.0
2013-05-07,4.71,4.72,4.68,4.67,50010760.0,234480464.0
2013-05-06,4.71,4.75,4.72,4.69,47030432.0,222058672.0
2013-05-03,4.65,4.76,4.69,4.64,60095296.0,282978816.0
2013-05-02,4.64,4.66,4.64,4.62,39125852.0,181420464.0
2013-04-26,4.66,4.67,4.63,4.61,41941464.0,194626048.0
2013-04-25,4.64,4.66,4.65,4.59,56877764.0,263241568.0
2013-04-24,4.61,4.69,4.65,4.59,48330956.0,224068800.0
2013-04-23,4.73,4.74,4.59,4.59,52298124.0,242487504.0
2013-04-22,4.73,4.74,4.72,4.71,44219592.0,209017920.0
2013-04-19,4.63,4.77,4.73,4.61,105779504.0,497192960.0
2013-04-18,4.56,4.63,4.62,4.55,50168824.0,230203168.0
2013-04-17,4.64,4.64,4.58,4.57,61088512.0,280791168.0
2013-04-16,4.65,4.67,4.63,4.61,65166972.0,301951072.0
2013-04-15,4.65,4.68,4.67,4.61,62836216.0,292172736.0
2013-04-12,4.67,4.68,4.65,4.63,35411736.0,164774992.0
2013-04-11,4.69,4.71,4.66,4.66,39789624.0,186416640.0
2013-04-10,4.69,4.7,4.67,4.65,35049800.0,163671808.0
2013-04-09,4.7,4.73,4.69,4.68,47703780.0,224089392.0
2013-04-08,4.68,4.71,4.68,4.65,69217272.0,323534816.0
2013-04-03,4.72,4.77,4.73,4.71,41895736.0,198462816.0
2013-04-02,4.7,4.73,4.71,4.68,43919464.0,206348640.0
2013-04-01,4.69,4.71,4.69,4.66,42670040.0,199896512.0
2013-03-29,4.7,4.73,4.71,4.68,41864316.0,197071440.0
2013-03-28,4.75,4.75,4.69,4.65,135285264.0,634135872.0
2013-03-27,4.81,4.91,4.86,4.81,65586040.0,318124736.0
2013-03-26,4.88,4.9,4.8,4.79,71155672.0,343365088.0
2013-03-25,4.88,4.92,4.9,4.87,60969936.0,298704800.0
2013-03-22,4.86,4.88,4.86,4.83,55306984.0,268838432.0
2013-03-21,4.89,4.91,4.86,4.83,83452112.0,407015680.0
2013-03-20,4.7,4.89,4.88,4.69,168483152.0,812303168.0
2013-03-19,4.67,4.71,4.69,4.66,60408048.0,282647840.0
2013-03-18,4.72,4.76,4.66,4.65,82074352.0,385757056.0
2013-03-15,4.7,4.87,4.73,4.68,92794136.0,442153216.0
2013-03-14,4.68,4.72,4.71,4.67,45012820.0,211519376.0
2013-03-13,4.71,4.73,4.69,4.68,42057432.0,197768336.0
2013-03-12,4.75,4.8,4.72,4.69,77540088.0,367093280.0
2013-03-11,4.79,4.79,4.74,4.72,41767372.0,198198896.0
2013-03-08,4.79,4.81,4.79,4.76,50235284.0,240373680.0
2013-03-07,4.88,4.9,4.78,4.7,118722304.0,572252992.0
2013-03-06,4.94,4.96,4.92,4.87,120772912.0,592436160.0
2013-03-05,4.75,4.94,4.93,4.75,159650816.0,771461888.0
2013-03-04,4.9,4.96,4.74,4.7,195380992.0,938115840.0
2013-03-01,5.03,5.06,4.98,4.92,87715592.0,438051872.0
2013-02-28,4.93,5.04,5.03,4.89,135174512.0,671944832.0
2013-02-27,4.93,5.0,4.88,4.87,108382976.0,532524320.0
2013-02-26,4.95,5.06,4.92,4.91,88809960.0,443400896.0
2013-02-25,5.0,5.03,4.98,4.94,39011156.0,194369872.0
2013-02-22,4.96,5.04,4.97,4.94,82707608.0,412824800.0
2013-02-21,5.11,5.13,4.95,4.92,137030240.0,686105600.0
2013-02-20,5.25,5.25,5.18,5.09,113269056.0,582801280.0
2013-02-19,5.28,5.32,5.22,5.19,73785264.0,386495424.0
2013-02-18,5.3,5.39,5.28,5.28,98705632.0,526128640.0
2013-02-08,5.28,5.32,5.28,5.22,81492448.0,429874144.0
2013-02-07,5.42,5.43,5.28,5.2,139164288.0,737881792.0
2013-02-06,5.41,5.44,5.43,5.34,96317808.0,520442880.0
2013-02-05,5.5,5.55,5.38,5.35,186512992.0,1011339584.0
2013-02-04,5.57,5.68,5.54,5.53,138732464.0,778507328.0
2013-02-01,5.4,5.57,5.56,5.35,153639808.0,843932800.0
2013-01-31,5.3,5.44,5.4,5.29,170253744.0,915231232.0
2013-01-30,5.23,5.31,5.29,5.18,139976640.0,733635200.0
2013-01-29,5.26,5.27,5.24,5.17,165741440.0,863806528.0
2013-01-28,5.1,5.25,5.24,5.09,135334448.0,704757376.0
2013-01-25,5.1,5.13,5.09,5.03,58680248.0,298061984.0
2013-01-24,5.1,5.25,5.1,5.05,198137024.0,1023424768.0
2013-01-23,5.03,5.1,5.09,5.02,87563040.0,443907072.0
2013-01-22,4.96,5.19,5.05,4.93,187446704.0,949279360.0
2013-01-21,4.98,5.0,4.99,4.92,88553664.0,439081120.0
2013-01-18,4.93,5.0,4.97,4.91,59569192.0,294886240.0
2013-01-17,4.94,4.95,4.89,4.85,86679296.0,423794080.0
2013-01-16,5.03,5.06,4.96,4.83,68096256.0,338732544.0
2013-01-15,5.03,5.11,5.04,5.0,101775768.0,512997472.0
2013-01-14,4.84,5.08,5.04,4.83,103044016.0,512481024.0
2013-01-11,4.92,4.94,4.85,4.82,61746300.0,301475584.0
2013-01-10,4.91,4.94,4.9,4.87,75036216.0,368025920.0
2013-01-09,4.98,4.99,4.91,4.89,85105424.0,420360832.0
2013-01-08,5.09,5.1,4.98,4.96,72659352.0,363411744.0
2013-01-07,5.06,5.16,5.06,5.05,98027680.0,499414720.0
2013-01-04,5.02,5.12,5.06,4.99,186052160.0,940606400.0
2012-12-31,4.84,4.99,4.94,4.84,172774560.0,854498112.0
2012-12-28,4.76,4.9,4.83,4.74,109253344.0,526540256.0
2012-12-27,4.76,4.81,4.75,4.72,66653620.0,317167456.0
2012-12-26,4.78,4.81,4.75,4.73,107587800.0,513927904.0
2012-12-25,4.61,4.81,4.78,4.6,140396144.0,665691904.0
2012-12-24,4.59,4.68,4.62,4.58,76603552.0,355133408.0
2012-12-21,4.63,4.65,4.59,4.57,63722016.0,293273696.0
2012-12-20,4.63,4.66,4.62,4.58,58175724.0,268460096.0
2012-12-19,4.68,4.73,4.65,4.65,89826184.0,420652288.0
2012-12-18,4.6,4.72,4.67,4.57,173727680.0,810167296.0
2012-12-17,4.63,4.67,4.61,4.56,112654776.0,519128128.0
2012-12-14,4.39,4.62,4.61,4.37,271611712.0,1233189760.0
2012-12-13,4.42,4.43,4.37,4.36,77458288.0,340257504.0
2012-12-12,4.43,4.47,4.44,4.42,84817640.0,376757696.0
2012-12-11,4.46,4.47,4.43,4.43,65924548.0,293185728.0
2012-12-10,4.46,4.51,4.48,4.44,104068936.0,466023648.0
2012-12-07,4.36,4.46,4.45,4.36,96303952.0,425727744.0
2012-12-06,4.34,4.39,4.38,4.33,72182352.0,314977472.0
2012-12-05,4.22,4.38,4.34,4.22,105591656.0,456003904.0
2012-12-04,4.21,4.25,4.22,4.21,26005756.0,110100488.0
2012-12-03,4.23,4.24,4.21,4.18,32801452.0,137994944.0
2012-11-30,4.23,4.26,4.23,4.22,34196728.0,145090944.0
2012-11-29,4.21,4.26,4.23,4.19,40400280.0,170974432.0
2012-11-28,4.18,4.22,4.21,4.17,31920342.0,133921920.0
2012-11-27,4.17,4.2,4.18,4.16,29045944.0,121443056.0
2012-11-26,4.2,4.21,4.17,4.16,25034524.0,104713200.0
2012-11-23,4.21,4.23,4.22,4.19,21757224.0,91711880.0
2012-11-22,4.2,4.22,4.2,4.16,14449775.0,60516416.0
2012-11-21,4.17,4.22,4.21,4.16,20284456.0,84956776.0
2012-11-20,4.19,4.19,4.16,4.15,16065140.0,66873724.0
2012-11-19,4.17,4.19,4.18,4.15,14951936.0,62363256.0
2012-11-16,4.19,4.19,4.17,4.15,26776542.0,111621840.0
2012-11-15,4.2,4.22,4.18,4.17,20571588.0,86264816.0
2012-11-14,4.22,4.24,4.22,4.19,23370654.0,98534384.0
2012-11-13,4.28,4.28,4.22,4.2,33879904.0,143046272.0
2012-11-12,4.26,4.29,4.27,4.24,28699520.0,122438776.0
2012-11-09,4.26,4.28,4.26,4.23,18151026.0,77239520.0
2012-11-08,4.31,4.32,4.27,4.24,24341452.0,104159872.0
2012-11-07,4.33,4.35,4.33,4.3,17188140.0,74261112.0
2012-11-06,4.35,4.37,4.34,4.27,37485132.0,161638240.0
2012-11-05,4.35,4.37,4.35,4.32,37795528.0,164473808.0
2012-11-02,4.27,4.35,4.33,4.26,37048588.0,159524784.0
2012-11-01,4.22,4.31,4.27,4.22,29114472.0,124479976.0
2012-10-31,4.22,4.24,4.22,4.2,22408972.0,94489928.0
2012-10-30,4.22,4.25,4.23,4.18,37033788.0,155742048.0
2012-10-29,4.27,4.28,4.21,4.2,27943222.0,118333720.0
2012-10-26,4.36,4.38,4.27,4.26,25377030.0,109373272.0
2012-10-25,4.36,4.37,4.37,4.34,21691052.0,94573600.0
2012-10-24,4.33,4.38,4.37,4.32,23011092.0,100389208.0
2012-10-23,4.38,4.39,4.35,4.34,18469220.0,80628048.0
2012-10-22,4.35,4.39,4.39,4.34,34955664.0,152827600.0
2012-10-19,4.35,4.38,4.36,4.33,30185672.0,131686928.0
2012-10-18,4.35,4.37,4.35,4.32,35648032.0,155228448.0
2012-10-17,4.32,4.35,4.33,4.3,38836424.0,168054176.0
2012-10-16,4.3,4.33,4.31,4.28,28646176.0,123414672.0
2012-10-15,4.33,4.33,4.31,4.28,26392144.0,113524848.0
2012-10-12,4.31,4.37,4.32,4.29,34165112.0,147858288.0
2012-10-11,4.29,4.31,4.3,4.24,31694816.0,135624912.0
2012-10-10,4.3,4.32,4.3,4.29,20284174.0,87192688.0
2012-10-09,4.23,4.34,4.31,4.22,49291264.0,212111504.0
2012-10-08,4.26,4.32,4.22,4.19,26887836.0,113929936.0
2012-09-28,4.18,4.29,4.26,4.16,70420624.0,298316352.0
2012-09-27,4.1,4.25,4.23,4.08,67716120.0,283660928.0
2012-09-26,4.1,4.11,4.09,4.07,22790416.0,93378096.0
2012-09-25,4.11,4.12,4.09,4.07,19278320.0,78867848.0
2012-09-24,4.11,4.13,4.13,4.07,34764088.0,142597728.0
2012-09-21,4.11,4.16,4.12,4.11,29769338.0,122957920.0
2012-09-20,4.17,4.19,4.13,4.12,39579336.0,164313024.0
2012-09-19,4.19,4.2,4.18,4.16,29272778.0,122355336.0
2012-09-18,4.2,4.21,4.18,4.16,30952236.0,129475528.0
2012-09-17,4.23,4.25,4.21,4.2,36309516.0,153650848.0
2012-09-14,4.23,4.27,4.23,4.21,55522784.0,235547456.0
2012-09-13,4.21,4.24,4.21,4.2,27924428.0,117836008.0
2012-09-12,4.28,4.31,4.21,4.19,75003176.0,317260960.0
2012-09-11,4.29,4.3,4.27,4.25,27596900.0,117704928.0
2012-09-10,4.3,4.34,4.3,4.29,38557560.0,165923568.0
2012-09-07,4.21,4.39,4.33,4.2,99971496.0,429852000.0
2012-09-06,4.19,4.22,4.19,4.16,32076656.0,134346944.0
2012-09-05,4.21,4.23,4.19,4.17,33540252.0,140438592.0
2012-09-04,4.26,4.26,4.21,4.2,63355920.0,267970528.0
2012-09-03,4.32,4.33,4.28,4.23,97579216.0,416353696.0
2012-08-31,4.36,4.37,4.32,4.31,37732432.0,163759408.0
2012-08-30,4.33,4.39,4.39,4.3,56549360.0,246455328.0
2012-08-29,4.39,4.41,4.35,4.34,29619494.0,129548784.0
2012-08-28,4.37,4.42,4.4,4.36,33305230.0,146381600.0
2012-08-27,4.36,4.4,4.37,4.34,44280352.0,193901744.0
2012-08-24,4.37,4.39,4.36,4.35,37506996.0,164090496.0
2012-08-23,4.35,4.4,4.38,4.34,45380912.0,198502672.0
2012-08-22,4.34,4.38,4.37,4.3,31585326.0,136935504.0
2012-08-21,4.38,4.39,4.34,4.33,43938076.0,191362080.0
2012-08-20,4.39,4.42,4.38,4.34,23890464.0,104344824.0
2012-08-17,4.43,4.45,4.42,4.4,31347406.0,138818672.0
2012-08-16,4.42,4.48,4.43,4.39,26364668.0,116864872.0
2012-08-15,4.47,4.5,4.42,4.41,27894508.0,123955416.0
2012-08-14,4.46,4.51,4.48,4.45,34499068.0,154992608.0
2012-08-13,4.45,4.49,4.47,4.44,45343760.0,202747328.0
2012-08-10,4.43,4.45,4.44,4.42,25666438.0,113951848.0
2012-08-09,4.4,4.43,4.41,4.38,25987780.0,114551600.0
2012-08-08,4.37,4.42,4.4,4.36,44940396.0,197901184.0
2012-08-07,4.39,4.41,4.36,4.35,40884088.0,178825792.0
2012-08-06,4.43,4.45,4.39,4.39,43772916.0,192967808.0
2012-08-03,4.43,4.46,4.44,4.43,29870492.0,132731568.0
2012-08-02,4.37,4.48,4.43,4.35,60996544.0,269621024.0
2012-08-01,4.38,4.39,4.35,4.34,34008880.0,148218736.0
2012-07-31,4.3,4.38,4.38,4.3,40098544.0,174454432.0
2012-07-30,4.28,4.33,4.3,4.28,51901360.0,223811984.0
2012-07-27,4.19,4.26,4.22,4.18,35501684.0,150157168.0
2012-07-26,4.16,4.21,4.18,4.15,27518656.0,115089584.0
2012-07-25,4.17,4.19,4.15,4.15,27746640.0,115766064.0
2012-07-24,4.2,4.22,4.16,4.15,51053960.0,213070480.0
2012-07-23,4.28,4.29,4.21,4.19,45384052.0,191304640.0
2012-07-20,4.33,4.34,4.29,4.28,37408088.0,161191360.0
2012-07-19,4.33,4.37,4.33,4.32,48296632.0,209768560.0
2012-07-18,4.35,4.35,4.32,4.31,34946812.0,151408848.0
2012-07-17,4.34,4.36,4.34,4.33,28540370.0,124015920.0
2012-07-16,4.36,4.36,4.33,4.31,47565000.0,206183920.0
2012-07-13,4.34,4.36,4.35,4.32,33473986.0,145242832.0
2012-07-12,4.36,4.39,4.33,4.3,72517184.0,313892288.0
2012-07-11,4.36,4.4,4.37,4.35,27653962.0,121057568.0
2012-07-10,4.38,4.42,4.36,4.35,35433020.0,155390512.0
2012-07-09,4.47,4.49,4.36,4.35,59548724.0,262572448.0
2012-07-06,4.46,4.5,4.48,4.44,37496904.0,167387520.0
2012-07-05,4.5,4.51,4.5,4.49,25375688.0,114216040.0
2012-07-04,4.5,4.53,4.51,4.5,32445284.0,146437216.0
2012-07-03,4.49,4.53,4.5,4.48,31083820.0,140102704.0
2012-07-02,4.54,4.54,4.5,4.48,43037480.0,193638048.0
2012-06-29,4.5,4.55,4.54,4.48,49933048.0,225480736.0
2012-06-27,4.53,4.55,4.5,4.49,34444784.0,156070576.0
2012-06-26,4.51,4.56,4.53,4.51,42975760.0,195049792.0
2012-06-25,4.51,4.55,4.51,4.49,48711176.0,220670848.0
2012-06-21,4.53,4.55,4.51,4.47,33541944.0,151238224.0
2012-06-20,4.54,4.56,4.53,4.52,24092608.0,109436000.0
2012-06-19,4.51,4.55,4.52,4.49,23677460.0,107059712.0
2012-06-18,4.55,4.55,4.51,4.49,36354284.0,164061840.0
2012-06-15,4.46,4.56,4.53,4.45,43734484.0,197177440.0
2012-06-14,4.47,4.47,4.45,4.44,23952004.0,106597920.0
2012-06-13,4.46,4.49,4.47,4.44,38412200.0,171576464.0
2012-06-12,4.5,4.51,4.45,4.42,43747708.0,194810816.0
2012-06-11,4.52,4.55,4.51,4.49,35541196.0,160599168.0
2012-06-08,4.56,4.56,4.5,4.45,56721432.0,255934128.0
2012-06-07,4.61,4.62,4.56,4.56,36085560.0,165945792.0
2012-06-06,4.57,4.61,4.6,4.55,43138580.0,197859680.0
2012-06-05,4.57,4.59,4.56,4.55,34865188.0,159198592.0
2012-06-04,4.6,4.6,4.55,4.55,45402968.0,207538000.0
2012-06-01,4.6,4.66,4.62,4.6,58041632.0,268148000.0
2012-05-31,4.67,4.67,4.61,4.6,42389600.0,196333312.0
2012-05-30,4.78,4.8,4.77,4.74,34899712.0,166205344.0
2012-05-29,4.75,4.8,4.79,4.71,60052744.0,285589056.0
2012-05-28,4.7,4.76,4.75,4.69,47319864.0,223566416.0
2012-05-25,4.72,4.75,4.72,4.7,36322304.0,171660496.0
2012-05-24,4.71,4.75,4.72,4.7,32530380.0,153757680.0
2012-05-23,4.72,4.74,4.71,4.69,35871016.0,169096784.0
2012-05-22,4.72,4.74,4.73,4.69,36434276.0,171688144.0
2012-05-21,4.67,4.72,4.71,4.67,34425312.0,161771296.0
2012-05-18,4.69,4.7,4.67,4.66,53374112.0,249841888.0
2012-05-17,4.69,4.73,4.71,4.67,37648916.0,177010720.0
2012-05-16,4.72,4.74,4.68,4.67,53143724.0,249735552.0
2012-05-15,4.76,4.8,4.74,4.72,70908848.0,337007904.0
2012-05-14,4.84,4.85,4.78,4.76,58501604.0,281320672.0
2012-05-11,4.85,4.88,4.81,4.81,53785600.0,260518016.0
2012-05-10,4.84,4.9,4.88,4.8,133272120.0,645144832.0
2012-05-08,4.91,4.92,4.89,4.88,89720672.0,439487392.0
2012-05-07,4.91,4.94,4.9,4.88,80722464.0,395893824.0
2012-05-04,4.91,4.95,4.93,4.9,82506928.0,405935200.0
2012-05-03,4.92,4.94,4.92,4.88,43206252.0,212164080.0
2012-05-02,4.95,4.96,4.93,4.92,82660904.0,408610080.0
2012-04-27,4.86,4.9,4.89,4.84,51714992.0,252357488.0
2012-04-26,4.87,4.9,4.86,4.83,49822408.0,241955568.0
2012-04-25,4.85,4.89,4.86,4.83,57537176.0,279544544.0
2012-04-24,4.83,4.94,4.87,4.82,84318000.0,410963392.0
2012-04-23,4.83,4.84,4.83,4.81,33226978.0,160409184.0
2012-04-20,4.8,4.87,4.85,4.79,47853032.0,231186176.0
2012-04-19,4.79,4.82,4.82,4.77,41313980.0,197895584.0
2012-04-18,4.72,4.81,4.8,4.7,59799288.0,285012448.0
2012-04-17,4.72,4.73,4.71,4.69,30935568.0,145547504.0
2012-04-16,4.71,4.74,4.72,4.7,28247000.0,133256320.0
2012-04-13,4.72,4.75,4.74,4.69,61854532.0,291615872.0
2012-04-12,4.65,4.73,4.72,4.64,59741272.0,279882272.0
2012-04-11,4.65,4.69,4.65,4.64,31400906.0,146215104.0
2012-04-10,4.64,4.68,4.67,4.63,26921886.0,125165456.0
2012-04-09,4.65,4.66,4.63,4.63,23966748.0,111193552.0
2012-04-06,4.66,4.68,4.67,4.64,34198816.0,159268304.0
2012-04-05,4.69,4.7,4.67,4.63,72221200.0,336528512.0
2012-03-30,4.66,4.73,4.71,4.65,38629220.0,181462816.0
2012-03-29,4.68,4.71,4.65,4.63,43026340.0,201022880.0
2012-03-28,4.74,4.76,4.69,4.69,40074528.0,189770080.0
2012-03-27,4.75,4.76,4.75,4.73,21047192.0,99789776.0
2012-03-26,4.73,4.75,4.74,4.72,18061148.0,85496984.0
2012-03-23,4.74,4.74,4.72,4.7,38596516.0,182316928.0
2012-03-22,4.74,4.77,4.74,4.71,40133656.0,190182240.0
2012-03-21,4.78,4.78,4.73,4.73,39572492.0,188034384.0
2012-03-20,4.78,4.79,4.75,4.73,40174272.0,191217968.0
2012-03-19,4.83,4.84,4.79,4.78,56985904.0,273943712.0
2012-03-16,4.85,4.9,4.84,4.82,75946928.0,368258240.0
2012-03-14,4.93,4.96,4.87,4.85,84901456.0,417157888.0
2012-03-13,4.87,4.92,4.91,4.86,35260336.0,172790864.0
2012-03-12,4.91,4.92,4.86,4.86,51849808.0,253157792.0
2012-03-09,4.91,4.94,4.92,4.89,35792436.0,175950432.0
2012-03-08,4.9,4.94,4.9,4.89,44706984.0,219642464.0
2012-03-07,4.9,4.96,4.89,4.88,46257328.0,227485792.0
2012-03-06,4.99,5.01,4.93,4.93,53516512.0,266036432.0
2012-03-05,5.06,5.07,4.99,4.98,63476592.0,319539104.0
2012-03-02,5.02,5.07,5.05,5.01,48373776.0,243806688.0
2012-03-01,5.03,5.05,5.01,5.01,32974846.0,165924096.0
2012-02-29,5.07,5.07,5.02,5.01,43165884.0,217123872.0
2012-02-28,5.0,5.09,5.07,4.99,112376296.0,568339584.0
2012-02-27,5.0,5.03,4.99,4.97,85596168.0,428580896.0
2012-02-24,4.96,4.99,4.99,4.92,103075776.0,509992800.0
2012-02-23,4.95,4.97,4.95,4.93,52726208.0,260859504.0
2012-02-22,4.96,4.98,4.96,4.92,38028424.0,188173504.0
2012-02-21,4.97,4.97,4.96,4.91,32847696.0,162648848.0
2012-02-20,4.99,5.01,4.95,4.94,48197528.0,239716512.0
2012-02-17,4.9,4.95,4.93,4.9,66897536.0,329759232.0
2012-02-16,4.89,4.94,4.87,4.85,46819712.0,229213488.0
2012-02-15,4.87,4.95,4.89,4.86,41731560.0,204888432.0
2012-02-14,4.9,4.91,4.89,4.84,54600576.0,265547648.0
2012-02-13,4.92,4.95,4.89,4.87,97152360.0,476836000.0
2012-02-10,5.01,5.06,4.95,4.94,87405288.0,436830176.0
2012-02-09,5.06,5.08,5.03,5.02,51900248.0,261817648.0
2012-02-08,4.95,5.1,5.08,4.93,100719480.0,505685472.0
2012-02-07,5.05,5.06,4.96,4.94,71132096.0,354838752.0
2012-02-06,5.02,5.09,5.08,5.01,93499016.0,472648544.0
2012-02-03,4.91,5.05,5.02,4.9,90824712.0,452190560.0
2012-02-02,4.8,4.94,4.93,4.78,66185100.0,322651360.0
2012-02-01,4.83,4.87,4.78,4.77,32055542.0,154375872.0
2012-01-31,4.85,4.88,4.84,4.82,28665236.0,138967920.0
2012-01-30,4.93,4.96,4.84,4.83,63400996.0,309600800.0
2012-01-20,4.85,4.93,4.92,4.83,71532840.0,348955392.0
2012-01-19,4.76,4.85,4.83,4.75,66334588.0,319473856.0
2012-01-18,4.84,4.85,4.76,4.74,54747436.0,262468944.0
2012-01-17,4.73,4.87,4.85,4.69,87898504.0,420114208.0
2012-01-16,4.72,4.76,4.74,4.72,37353816.0,177258640.0
2012-01-13,4.76,4.78,4.76,4.7,60783900.0,288374336.0
2012-01-12,4.72,4.79,4.74,4.71,62842572.0,298832192.0
2012-01-11,4.74,4.77,4.72,4.71,49609196.0,235064688.0
2012-01-10,4.69,4.76,4.74,4.66,81933096.0,386427008.0
2012-01-09,4.6,4.71,4.7,4.59,83258352.0,387547104.0
2012-01-06,4.54,4.65,4.6,4.54,75901360.0,349354112.0
2012-01-05,4.45,4.6,4.56,4.44,109265496.0,495813088.0
2012-01-04,4.5,4.5,4.45,4.44,50240228.0,225053856.0
2011-12-30,4.48,4.49,4.48,4.45,56624232.0,253193216.0
2011-12-29,4.49,4.5,4.46,4.45,39938924.0,178536736.0
2011-12-28,4.48,4.51,4.5,4.44,52143784.0,233643952.0
2011-12-27,4.49,4.55,4.47,4.47,43956584.0,198265408.0
2011-12-26,4.49,4.53,4.5,4.47,23865244.0,107353984.0
2011-12-23,4.5,4.55,4.52,4.48,31811806.0,143873008.0
2011-12-22,4.43,4.51,4.5,4.43,64788400.0,289382688.0
2011-12-21,4.49,4.51,4.44,4.43,42957192.0,192160960.0
2011-12-20,4.49,4.54,4.46,4.44,51669656.0,231863856.0
2011-12-19,4.49,4.52,4.5,4.41,49799132.0,222088976.0
2011-12-16,4.5,4.55,4.52,4.43,58868592.0,264508800.0
2011-12-15,4.6,4.62,4.5,4.49,50767576.0,231049872.0
2011-12-14,4.6,4.63,4.61,4.6,23597144.0,108849088.0
2011-12-13,4.63,4.67,4.61,4.6,52153664.0,242014800.0
2011-12-12,4.6,4.65,4.63,4.57,30242380.0,139555712.0
2011-12-09,4.59,4.62,4.6,4.58,16370773.0,75314664.0
2011-12-08,4.59,4.64,4.61,4.55,21483560.0,98674672.0
2011-12-07,4.6,4.61,4.58,4.55,21730970.0,99601336.0
2011-12-06,4.59,4.62,4.58,4.57,31724128.0,145906192.0
2011-12-05,4.57,4.61,4.6,4.55,54817552.0,251684912.0
2011-12-02,4.56,4.58,4.55,4.52,37132576.0,168976880.0
2011-12-01,4.6,4.7,4.55,4.52,93757104.0,432021472.0
2011-11-30,4.57,4.59,4.49,4.46,41469796.0,187133104.0
2011-11-29,4.58,4.61,4.58,4.55,20085240.0,92147504.0
2011-11-28,4.57,4.61,4.54,4.53,20544596.0,93848744.0
2011-11-25,4.58,4.6,4.54,4.54,24300924.0,110959208.0
2011-11-24,4.57,4.63,4.6,4.55,25234148.0,115876152.0
2011-11-23,4.66,4.68,4.59,4.57,25623432.0,118353672.0
2011-11-22,4.67,4.7,4.64,4.62,22329844.0,104122464.0
2011-11-21,4.68,4.69,4.67,4.65,20349992.0,95043688.0
2011-11-18,4.69,4.76,4.68,4.67,36745504.0,172832704.0
2011-11-17,4.74,4.75,4.71,4.7,28256080.0,133603288.0
2011-11-16,4.83,4.84,4.72,4.69,66634892.0,316514688.0
2011-11-15,4.83,4.85,4.84,4.81,29333382.0,141586800.0
2011-11-14,4.83,4.87,4.85,4.81,34128736.0,165277632.0
2011-11-11,4.76,4.82,4.79,4.76,32828302.0,157545296.0
2011-11-10,4.82,4.84,4.77,4.77,42312552.0,203461152.0
2011-11-09,4.87,4.87,4.86,4.83,45781476.0,222110512.0
2011-11-08,4.8,4.86,4.84,4.78,64611592.0,312190272.0
2011-11-07,4.78,4.81,4.8,4.76,39177532.0,187654480.0
2011-11-04,4.82,4.83,4.8,4.77,51073896.0,244976208.0
2011-11-03,4.78,4.84,4.77,4.77,67097324.0,322028928.0
2011-11-02,4.66,4.79,4.78,4.66,48788728.0,229873504.0
2011-11-01,4.71,4.76,4.7,4.68,46282448.0,218548992.0
2011-10-31,4.75,4.77,4.71,4.68,47568456.0,224688288.0
2011-10-28,4.79,4.83,4.77,4.74,73752880.0,352683680.0
2011-10-27,4.73,4.76,4.75,4.72,39905948.0,189399424.0
2011-10-26,4.68,4.75,4.71,4.67,58995852.0,278754304.0
2011-10-25,4.63,4.73,4.69,4.62,69116512.0,323580160.0
2011-10-24,4.54,4.67,4.66,4.52,64832448.0,298642880.0
2011-10-21,4.49,4.54,4.51,4.46,42518376.0,191617248.0
2011-10-20,4.53,4.56,4.47,4.45,47173416.0,212303040.0
2011-10-19,4.55,4.59,4.54,4.53,41161072.0,187566400.0
2011-10-18,4.57,4.61,4.53,4.51,42498700.0,193867520.0
2011-10-17,4.6,4.64,4.6,4.58,36592872.0,168577984.0
2011-10-14,4.58,4.59,4.59,4.55,28789184.0,131642784.0
2011-10-13,4.58,4.6,4.59,4.56,56661528.0,259316912.0
2011-10-12,4.47,4.64,4.61,4.47,80112768.0,366659840.0
2011-10-11,4.58,4.61,4.5,4.45,66847400.0,303637952.0
2011-10-10,4.48,4.49,4.46,4.43,28447456.0,126863416.0
2011-09-30,4.49,4.53,4.48,4.46,31235208.0,140493824.0
2011-09-29,4.44,4.51,4.49,4.43,40635780.0,182148384.0
2011-09-28,4.51,4.53,4.45,4.43,24290000.0,108760424.0
2011-09-27,4.47,4.52,4.48,4.44,28046716.0,125629376.0
2011-09-26,4.48,4.52,4.43,4.4,39495236.0,175932928.0
2011-09-23,4.5,4.57,4.52,4.45,66352928.0,298593728.0
2011-09-22,4.63,4.66,4.56,4.55,36846596.0,169712720.0
2011-09-21,4.59,4.72,4.66,4.56,41289600.0,192300784.0
2011-09-20,4.55,4.59,4.58,4.54,20825312.0,95127792.0
2011-09-19,4.6,4.61,4.54,4.54,21402792.0,97838728.0
2011-09-16,4.63,4.66,4.63,4.59,30375236.0,140531520.0
2011-09-15,4.63,4.66,4.59,4.59,33006442.0,152612304.0
2011-09-14,4.67,4.68,4.64,4.57,33947164.0,157197104.0
2011-09-13,4.61,4.67,4.65,4.61,28367390.0,131447856.0
2011-09-09,4.7,4.76,4.67,4.64,36135616.0,169669536.0
2011-09-08,4.71,4.72,4.66,4.65,24823112.0,116272968.0
2011-09-07,4.66,4.73,4.7,4.63,31752356.0,148667680.0
2011-09-06,4.64,4.69,4.64,4.62,31319264.0,145572928.0
2011-09-05,4.7,4.71,4.66,4.64,36370080.0,169851280.0
2011-09-02,4.76,4.78,4.73,4.71,28824410.0,136715136.0
2011-09-01,4.76,4.82,4.77,4.74,34195120.0,163333952.0
2011-08-31,4.75,4.8,4.76,4.72,35342208.0,168256336.0
2011-08-30,4.76,4.87,4.76,4.73,58533956.0,280970176.0
2011-08-29,4.79,4.79,4.73,4.72,42440608.0,201373968.0
2011-08-26,4.81,4.85,4.84,4.78,41708192.0,200600896.0
2011-08-25,4.7,4.86,4.84,4.67,98529600.0,472125536.0
2011-08-24,4.7,4.7,4.67,4.64,32890020.0,153920144.0
2011-08-23,4.61,4.72,4.68,4.61,38619920.0,180115696.0
2011-08-22,4.65,4.67,4.6,4.57,28528318.0,131663952.0
2011-08-19,4.63,4.69,4.64,4.6,41237692.0,191192128.0
2011-08-18,4.77,4.78,4.7,4.66,41251476.0,195181792.0
2011-08-17,4.74,4.8,4.76,4.73,26320488.0,125536848.0
2011-08-16,4.75,4.79,4.74,4.72,52621784.0,250300304.0
2011-08-15,4.67,4.77,4.75,4.63,46151536.0,217177728.0
2011-08-12,4.69,4.7,4.66,4.63,31882310.0,148619296.0
2011-08-11,4.54,4.68,4.67,4.49,72310088.0,334345696.0
2011-08-10,4.63,4.66,4.59,4.55,97086056.0,447695744.0
2011-08-09,4.4,4.59,4.54,4.38,117129336.0,523532672.0
2011-08-08,4.57,4.61,4.48,4.45,89672568.0,405301792.0
2011-08-05,4.65,4.65,4.58,4.58,68348352.0,315690944.0
2011-08-04,4.73,4.76,4.72,4.71,19416656.0,91815424.0
2011-08-03,4.7,4.75,4.73,4.68,30081228.0,141968800.0
2011-08-02,4.75,4.76,4.73,4.7,36327868.0,171589600.0
2011-08-01,4.8,4.81,4.78,4.76,30609202.0,146595456.0
2011-07-29,4.75,4.9,4.81,4.7,66480688.0,318841184.0
2011-07-28,4.76,4.77,4.73,4.73,36742816.0,174310112.0
2011-07-27,4.8,4.82,4.79,4.76,52751876.0,252422400.0
2011-07-26,4.82,4.85,4.82,4.8,28713456.0,138528496.0
2011-07-25,4.91,4.92,4.81,4.81,67389424.0,328194240.0
2011-07-22,4.96,4.97,4.93,4.92,38454128.0,189759392.0
2011-07-21,5.01,5.01,4.94,4.94,50082900.0,248438624.0
2011-07-20,5.04,5.04,5.0,4.98,40957328.0,205184880.0
2011-07-19,5.06,5.06,5.01,5.0,32419860.0,162954080.0
2011-07-18,5.59,5.6,5.59,5.57,46532164.0,259898736.0
2011-07-15,5.55,5.59,5.58,5.53,50831372.0,283097248.0
2011-07-14,5.57,5.59,5.57,5.52,53072328.0,294737312.0
2011-07-13,5.53,5.6,5.57,5.52,40360624.0,224562496.0
2011-07-12,5.55,5.56,5.53,5.52,40236396.0,222623328.0
2011-07-11,5.57,5.6,5.57,5.55,40865904.0,228006976.0
2011-07-08,5.56,5.62,5.57,5.54,53244440.0,297414976.0
2011-07-07,5.59,5.61,5.54,5.53,61815652.0,343713120.0
2011-07-06,5.58,5.59,5.55,5.52,49553076.0,274683456.0
2011-07-05,5.62,5.63,5.59,5.58,48407064.0,271002240.0
2011-07-04,5.54,5.64,5.62,5.52,88194480.0,492903904.0
2011-07-01,5.56,5.56,5.53,5.5,63668816.0,351516160.0
2011-06-30,5.51,5.58,5.54,5.5,87092768.0,482802080.0
2011-06-29,5.57,5.59,5.5,5.49,94255072.0,521411072.0
2011-06-27,5.63,5.64,5.6,5.58,76167832.0,427262432.0
2011-06-24,5.51,5.66,5.64,5.51,94192064.0,525968256.0
2011-06-23,5.48,5.55,5.53,5.47,44564872.0,244930448.0
2011-06-22,5.5,5.52,5.49,5.47,38901832.0,213619584.0
2011-06-21,5.49,5.51,5.49,5.47,41769172.0,229063248.0
2011-06-20,5.52,5.53,5.48,5.46,36907420.0,202668240.0
2011-06-17,5.54,5.56,5.51,5.5,45523440.0,252049184.0
2011-06-16,5.55,5.56,5.53,5.51,33285146.0,184088464.0
2011-06-15,5.59,5.6,5.56,5.56,27534918.0,153560720.0
2011-06-14,5.61,5.65,5.6,5.59,44031340.0,247258016.0
2011-06-13,5.59,5.62,5.61,5.57,25417704.0,142113200.0
2011-06-10,5.57,5.65,5.62,5.55,41574204.0,232622048.0
2011-06-09,5.58,5.61,5.55,5.55,24879244.0,138588560.0
2011-06-08,5.6,5.61,5.6,5.55,40641504.0,226546656.0
2011-06-07,5.57,5.61,5.59,5.55,26253540.0,146622016.0
2011-06-03,5.57,5.6,5.58,5.54,28590120.0,159299248.0
2011-06-02,5.63,5.68,5.57,5.53,67483672.0,377794048.0
2011-06-01,5.74,5.76,5.69,5.67,44686536.0,254556400.0
2011-05-31,5.74,5.78,5.76,5.71,35455548.0,203558496.0
2011-05-30,5.68,5.75,5.73,5.66,37405364.0,213429440.0
2011-05-27,5.66,5.75,5.69,5.63,55777676.0,317423264.0
2011-05-26,5.66,5.7,5.66,5.64,25676408.0,145513888.0
2011-05-25,5.7,5.71,5.63,5.63,38630248.0,218657456.0
2011-05-24,5.74,5.76,5.7,5.68,42864240.0,245310240.0
2011-05-23,5.85,5.86,5.73,5.71,59185536.0,342016832.0
2011-05-20,5.83,5.89,5.86,5.83,31256676.0,183454912.0
2011-05-19,5.87,5.9,5.83,5.83,30425480.0,178356512.0
2011-05-18,5.81,5.87,5.86,5.8,34204604.0,199919632.0
2011-05-17,5.76,5.86,5.81,5.74,52106640.0,302734752.0
2011-05-16,5.81,5.83,5.77,5.75,41546648.0,240500416.0
2011-05-13,5.81,5.85,5.83,5.75,59325656.0,344653888.0
2011-05-12,5.79,5.86,5.8,5.79,46734876.0,271976192.0
2011-05-11,5.84,5.86,5.81,5.81,29030016.0,169185328.0
2011-05-10,5.79,5.85,5.83,5.78,32575416.0,189598272.0
2011-05-09,5.82,5.84,5.78,5.76,48954864.0,283925792.0
2011-05-06,5.79,5.85,5.81,5.79,57850196.0,336767040.0
2011-05-05,5.81,5.87,5.86,5.77,63370280.0,369036320.0
2011-05-04,5.91,5.92,5.83,5.81,78633336.0,461258400.0
2011-05-03,5.95,5.96,5.94,5.9,67065224.0,397810688.0
2011-04-29,6.04,6.04,5.95,5.89,99013440.0,588712832.0
2011-04-28,6.01,6.12,6.03,5.98,115535944.0,699010496.0
2011-04-27,5.96,6.02,5.96,5.93,70758584.0,423464128.0
2011-04-26,5.93,5.97,5.94,5.9,56141872.0,333214464.0
2011-04-25,5.91,5.96,5.91,5.89,53641144.0,317548160.0
2011-04-22,5.98,6.0,5.94,5.92,42379928.0,252405472.0
2011-04-21,5.99,6.05,5.99,5.97,46228040.0,277656416.0
2011-04-20,6.01,6.04,5.96,5.95,56372192.0,337718304.0
2011-04-19,6.06,6.09,5.97,5.97,95163464.0,572703936.0
2011-04-18,6.12,6.16,6.11,6.08,76400968.0,467820032.0
2011-04-15,6.06,6.16,6.15,6.05,78580312.0,480355776.0
2011-04-14,6.1,6.17,6.08,6.07,93717712.0,573810560.0
2011-04-13,5.98,6.1,6.09,5.97,107609352.0,647806848.0
2011-04-12,5.98,6.05,6.01,5.96,80123168.0,481673120.0
2011-04-11,6.0,6.1,5.99,5.98,107770824.0,651244544.0
2011-04-08,6.0,6.04,5.99,5.98,72723752.0,436368960.0
2011-04-07,6.06,6.07,6.02,5.99,115782952.0,699655168.0
2011-04-06,5.86,6.08,6.06,5.86,261596128.0,1572447360.0
2011-04-01,5.69,5.83,5.81,5.68,107468520.0,621592512.0
2011-03-31,5.77,5.77,5.69,5.68,74832512.0,427871840.0
2011-03-30,5.74,5.75,5.74,5.71,89389480.0,512277696.0
2011-03-29,5.69,5.79,5.72,5.67,124754640.0,716612864.0
2011-03-28,5.7,5.76,5.68,5.67,88212160.0,504624832.0
2011-03-25,5.6,5.7,5.67,5.59,88302504.0,499688992.0
2011-03-24,5.61,5.61,5.58,5.57,48105488.0,268881696.0
2011-03-23,5.56,5.6,5.59,5.54,60376300.0,336675872.0
2011-03-22,5.53,5.57,5.56,5.5,55776728.0,309125056.0
2011-03-21,5.54,5.54,5.52,5.49,54321280.0,299649344.0
2011-03-18,5.56,5.57,5.51,5.5,52264512.0,289292768.0
2011-03-17,5.52,5.56,5.52,5.51,48817984.0,270014944.0
2011-03-16,5.54,5.58,5.56,5.51,49790480.0,275997152.0
2011-03-15,5.59,5.6,5.54,5.48,88654512.0,489740576.0
2011-03-14,5.63,5.67,5.61,5.6,41458064.0,233114800.0
2011-03-11,5.65,5.7,5.61,5.59,49012764.0,277146368.0
2011-03-10,5.75,5.75,5.66,5.65,58526472.0,333277728.0
2011-03-09,5.78,5.8,5.76,5.75,55338396.0,319628576.0
2011-03-08,5.75,5.8,5.75,5.73,63374400.0,365294976.0
2011-03-07,5.75,5.8,5.75,5.71,82807936.0,476928000.0
2011-03-04,5.66,5.74,5.72,5.66,65316964.0,371937472.0
2011-03-03,5.61,5.75,5.67,5.6,108032088.0,614323392.0
2011-03-02,5.55,5.64,5.6,5.55,56716636.0,317596768.0
2011-03-01,5.56,5.61,5.58,5.55,46851760.0,261323024.0
2011-02-28,5.54,5.57,5.55,5.5,37706944.0,208931792.0
2011-02-25,5.51,5.57,5.54,5.49,40465980.0,223762112.0
2011-02-24,5.51,5.53,5.5,5.48,52989816.0,291254336.0
2011-02-22,5.64,5.65,5.51,5.5,77872800.0,432221312.0
2011-02-21,5.61,5.65,5.64,5.61,57657984.0,324506944.0
2011-02-18,5.66,5.68,5.64,5.63,39286900.0,221741408.0
2011-02-17,5.68,5.74,5.67,5.65,62611616.0,355968352.0
2011-02-16,5.67,5.69,5.66,5.64,42939128.0,243084704.0
2011-02-15,5.69,5.73,5.67,5.67,64138928.0,365503680.0
2011-02-14,5.56,5.72,5.7,5.56,94996904.0,537653632.0
2011-02-11,5.56,5.58,5.56,5.53,44606440.0,247605424.0
2011-02-10,5.5,5.57,5.56,5.48,36878300.0,203950016.0
2011-02-09,5.56,5.59,5.5,5.49,39203580.0,217078896.0
2011-02-01,5.55,5.59,5.58,5.53,25358132.0,141191776.0
2011-01-31,5.5,5.56,5.54,5.49,39873216.0,220499024.0
2011-01-28,5.51,5.53,5.49,5.48,30331104.0,166742976.0
2011-01-27,5.5,5.54,5.53,5.45,52044060.0,285980800.0
2011-01-26,5.52,5.54,5.51,5.49,31778828.0,174925264.0
2011-01-25,5.48,5.54,5.49,5.48,40701300.0,224219552.0
2011-01-24,5.48,5.52,5.49,5.45,36624796.0,200971456.0
2011-01-21,5.42,5.6,5.48,5.42,74785928.0,411823168.0
2011-01-20,5.49,5.51,5.43,5.42,51928528.0,283592928.0
2011-01-19,5.48,5.52,5.5,5.44,46764616.0,256253680.0
2011-01-18,5.49,5.52,5.47,5.46,36901068.0,202336512.0
2011-01-17,5.64,5.68,5.49,5.46,80603800.0,448884032.0
2011-01-14,5.66,5.7,5.66,5.64,41240544.0,233818608.0
2011-01-13,5.72,5.73,5.68,5.65,34761208.0,197780704.0
2011-01-12,5.68,5.71,5.7,5.63,45868360.0,260311120.0
2011-01-11,5.58,5.68,5.67,5.58,55795496.0,314703456.0
2011-01-10,5.68,5.73,5.59,5.58,69200416.0,391393152.0
2011-01-07,5.58,5.8,5.7,5.54,126303544.0,720956096.0
2011-01-06,5.6,5.67,5.59,5.57,49776068.0,279273120.0
2011-01-05,5.52,5.63,5.62,5.51,100620336.0,560150656.0
2011-01-04,5.51,5.56,5.54,5.45,70832064.0,390549056.0
