date,open,high,close,low,volume,amount
2015-12-31,4.6,4.61,4.58,4.58,97925207.0,449656193.0
2015-12-30,4.6,4.62,4.61,4.58,82408564.0,378882612.0
2015-12-29,4.59,4.61,4.61,4.58,124565023.0,572319054.0
2015-12-28,4.65,4.66,4.59,4.59,146697558.0,678333541.0
2015-12-25,4.65,4.66,4.65,4.64,86776633.0,403425511.0
2015-12-24,4.68,4.68,4.65,4.62,162346688.0,753829632.0
2015-12-23,4.66,4.71,4.67,4.64,236911376.0,1106403840.0
2015-12-22,4.69,4.72,4.67,4.65,146002853.0,683260194.0
2015-12-21,4.6,4.71,4.69,4.59,250020944.0,1164770432.0
2015-12-18,4.61,4.71,4.62,4.6,197836896.0,918940032.0
2015-12-17,4.6,4.64,4.62,4.59,92519952.0,427421376.0
2015-12-16,4.61,4.62,4.59,4.57,83805024.0,384868800.0
2015-12-15,4.64,4.65,4.6,4.59,90021440.0,415001728.0
2015-12-14,4.57,4.65,4.65,4.56,149183984.0,687866752.0
2015-12-11,4.6,4.61,4.59,4.56,111942528.0,512158208.0
2015-12-10,4.65,4.7,4.61,4.6,126544976.0,588094720.0
2015-12-09,4.61,4.67,4.66,4.6,90689996.0,420770340.0
2015-12-08,4.63,4.68,4.62,4.57,172415072.0,794501568.0
2015-12-07,4.7,4.71,4.65,4.63,125971505.0,586484752.0
2015-12-04,4.8,4.81,4.69,4.68,205777280.0,975947200.0
2015-12-03,4.68,4.91,4.86,4.65,702118888.0,3379124154.0
2015-12-02,4.54,4.73,4.72,4.53,401160224.0,1866487040.0
2015-12-01,4.59,4.59,4.55,4.52,189093553.0,858728002.0
2015-11-30,4.57,4.63,4.62,4.56,208152848.0,956407040.0
2015-11-27,4.66,4.68,4.58,4.54,156770864.0,722141120.0
2015-11-26,4.65,4.69,4.68,4.65,184004128.0,859312192.0
2015-11-25,4.62,4.67,4.66,4.61,193052112.0,895611456.0
2015-11-24,4.64,4.65,4.64,4.59,190858640.0,881859968.0
2015-11-23,4.66,4.66,4.65,4.61,169488384.0,785636032.0
2015-11-20,4.67,4.68,4.66,4.64,140072832.0,651784448.0
2015-11-19,4.66,4.69,4.68,4.65,116716688.0,545087040.0
2015-11-18,4.66,4.71,4.68,4.63,167032976.0,780102592.0
2015-11-17,4.65,4.71,4.67,4.63,182921040.0,855381568.0
2015-11-16,4.57,4.65,4.65,4.56,160922192.0,742615296.0
2015-11-13,4.63,4.65,4.6,4.6,132284096.0,610780160.0
2015-11-12,4.68,4.7,4.65,4.62,151435184.0,705887616.0
2015-11-11,4.71,4.72,4.7,4.66,194574320.0,912946368.0
2015-11-10,4.76,4.79,4.73,4.7,261928000.0,1240416128.0
2015-11-09,4.69,4.92,4.8,4.66,524861536.0,2526205952.0
2015-11-06,4.62,4.65,4.65,4.58,243645216.0,1123743104.0
2015-11-05,4.53,4.72,4.64,4.52,450953536.0,2092087424.0
2015-11-04,4.44,4.57,4.56,4.43,215693184.0,972451968.0
2015-11-03,4.52,4.53,4.45,4.44,137880160.0,616684736.0
2015-11-02,4.55,4.6,4.52,4.52,115745632.0,527258368.0
2015-10-30,4.58,4.6,4.57,4.56,115987536.0,530913888.0
2015-10-29,4.6,4.62,4.58,4.57,132176816.0,606674560.0
2015-10-28,4.6,4.67,4.61,4.58,177382832.0,819665600.0
2015-10-27,4.61,4.68,4.63,4.58,171854864.0,795044864.0
2015-10-26,4.63,4.64,4.62,4.59,140614464.0,648250624.0
2015-10-23,4.61,4.65,4.61,4.57,205449504.0,947384256.0
2015-10-22,4.59,4.72,4.65,4.56,260276992.0,1203285248.0
2015-10-21,4.5,4.95,4.77,4.48,395609280.0,1810248576.0
2015-10-20,4.48,4.51,4.5,4.47,88230184.0,396069984.0
2015-10-19,4.5,4.53,4.49,4.48,126978376.0,571823936.0
2015-10-16,4.5,4.51,4.5,4.48,137963104.0,620409280.0
2015-10-15,4.43,4.49,4.49,4.41,113760992.0,507596672.0
2015-10-14,4.43,4.45,4.43,4.41,88456672.0,391745024.0
2015-10-13,4.49,4.5,4.45,4.43,123003384.0,548936704.0
2015-10-12,4.45,4.54,4.51,4.43,186416592.0,837960768.0
2015-10-09,4.4,4.45,4.44,4.39,118418896.0,524746176.0
2015-10-08,4.4,4.42,4.38,4.37,120700712.0,530081600.0
2015-09-30,4.33,4.37,4.32,4.32,71715968.0,311465568.0
2015-09-29,4.36,4.36,4.32,4.31,93585840.0,405256096.0
2015-09-28,4.41,4.44,4.38,4.36,93773144.0,410812160.0
2015-09-25,4.36,4.47,4.45,4.35,179878960.0,792278272.0
2015-09-24,4.38,4.4,4.37,4.35,77556000.0,339021024.0
2015-09-23,4.41,4.43,4.37,4.36,110786304.0,486081056.0
2015-09-22,4.42,4.46,4.44,4.4,135949648.0,602505600.0
2015-09-21,4.42,4.44,4.42,4.36,164594624.0,723810624.0
2015-09-18,4.51,4.53,4.45,4.42,162282992.0,727310016.0
2015-09-17,4.51,4.58,4.52,4.5,214363152.0,974248960.0
2015-09-16,4.48,4.59,4.53,4.44,238809952.0,1073991424.0
2015-09-15,4.47,4.58,4.54,4.44,382841472.0,1729309184.0
2015-09-14,4.42,4.6,4.52,4.37,426149920.0,1920341376.0
2015-09-11,4.45,4.47,4.43,4.42,128608432.0,572234112.0
2015-09-10,4.46,4.49,4.47,4.43,184433632.0,822389632.0
2015-09-09,4.45,4.53,4.5,4.42,366216704.0,1636333824.0
2015-09-08,4.44,4.54,4.5,4.35,404199392.0,1800877184.0
2015-09-07,4.73,4.75,4.52,4.49,648542784.0,2988526848.0
2015-09-02,4.37,4.95,4.95,4.34,1394605696.0,6542697984.0
2015-09-01,4.19,4.53,4.5,4.17,1018541248.0,4491813888.0
2015-08-31,4.18,4.21,4.19,4.11,300230656.0,1250690560.0
2015-08-28,4.22,4.27,4.23,4.16,368256320.0,1547716480.0
2015-08-27,4.06,4.25,4.24,3.95,563720576.0,2303939072.0
2015-08-26,3.97,4.11,4.05,3.81,596108352.0,2368997888.0
2015-08-25,3.98,4.21,3.89,3.81,533607808.0,2138834944.0
2015-08-24,4.48,4.48,4.1,4.09,527506400.0,2243120896.0
2015-08-21,4.52,4.62,4.54,4.52,391604672.0,1788192512.0
2015-08-20,4.59,4.61,4.55,4.54,226557472.0,1036189248.0
2015-08-19,4.61,4.65,4.57,4.52,340343488.0,1555867392.0
2015-08-18,4.71,4.74,4.63,4.63,323620224.0,1517727488.0
2015-08-17,4.75,4.76,4.71,4.69,222751488.0,1049689216.0
2015-08-14,4.79,4.8,4.77,4.76,167583840.0,799466816.0
2015-08-13,4.79,4.83,4.79,4.74,203310336.0,972276352.0
2015-08-12,4.83,4.84,4.8,4.79,196837904.0,948524928.0
2015-08-11,4.89,4.9,4.87,4.84,312398720.0,1520043136.0
2015-08-10,4.83,4.92,4.92,4.8,434953344.0,2116314624.0
2015-08-07,4.83,4.85,4.84,4.8,184998480.0,894413248.0
2015-08-06,4.79,4.85,4.81,4.78,164819728.0,794823808.0
2015-08-05,4.85,4.87,4.82,4.82,225129360.0,1090274432.0
2015-08-04,4.83,4.88,4.87,4.82,255171680.0,1236804352.0
2015-08-03,4.79,4.89,4.87,4.75,480986560.0,2319874560.0
2015-07-31,4.77,4.86,4.83,4.74,306775168.0,1467023104.0
2015-07-30,4.85,4.86,4.79,4.79,312166464.0,1503512960.0
2015-07-29,4.8,4.89,4.86,4.8,377276288.0,1824651648.0
2015-07-28,4.76,4.98,4.83,4.72,598084288.0,2895525888.0
2015-07-27,5.06,5.1,4.82,4.76,631610816.0,3140444672.0
2015-07-24,5.15,5.16,5.1,5.09,437818848.0,2241409792.0
2015-07-23,5.11,5.16,5.15,5.1,378126848.0,1942306432.0
2015-07-22,5.13,5.17,5.12,5.11,331839840.0,1702971136.0
2015-07-21,5.15,5.19,5.15,5.11,410062304.0,2110593792.0
2015-07-20,5.18,5.21,5.17,5.14,495904800.0,2567507712.0
2015-07-17,5.22,5.24,5.21,5.15,551775424.0,2864933632.0
2015-07-16,5.27,5.37,5.22,5.15,741363456.0,3888617216.0
2015-07-15,5.11,5.3,5.27,5.1,1060248960.0,5521335808.0
2015-07-14,5.2,5.26,5.15,5.04,1096512640.0,5625904640.0
2015-07-13,5.39,5.41,5.27,5.22,1403223296.0,7451598336.0
2015-07-10,5.4,5.9,5.54,5.31,2116259072.0,11959769088.0
2015-07-09,5.47,5.88,5.58,5.1,2008218240.0,11073784832.0
2015-07-08,5.42,5.82,5.47,5.17,2970797056.0,16225472512.0
2015-07-07,5.48,5.94,5.74,5.36,2248404480.0,12789666816.0
2015-07-06,5.73,5.8,5.79,5.43,2949582336.0,16699620352.0
2015-07-03,5.3,5.44,5.31,5.16,1177261312.0,6290095104.0
2015-07-02,5.15,5.48,5.44,5.03,1432633856.0,7516680704.0
2015-07-01,5.2,5.24,5.14,5.11,606218112.0,3141718272.0
2015-06-30,5.06,5.29,5.28,5.0,965041280.0,4972056576.0
2015-06-29,5.04,5.1,5.07,4.7,918854144.0,4584033792.0
2015-06-26,5.11,5.17,4.98,4.85,775787072.0,3910574592.0
2015-06-25,5.31,5.34,5.15,5.12,537049216.0,2819105024.0
2015-06-24,5.18,5.24,5.22,5.13,485095328.0,2513574656.0
2015-06-23,5.0,5.2,5.18,4.98,687707904.0,3499038720.0
2015-06-19,5.08,5.14,4.97,4.95,569782080.0,2884750080.0
2015-06-18,5.26,5.26,5.11,5.07,505935456.0,2624346880.0
2015-06-17,5.29,5.32,5.29,5.21,484857088.0,2553292544.0
2015-06-16,5.29,5.37,5.23,5.2,533868448.0,2823396864.0
2015-06-15,5.45,5.51,5.32,5.31,700285504.0,3785027584.0
2015-06-12,5.43,5.44,5.44,5.37,485218880.0,2625858304.0
2015-06-11,5.42,5.46,5.42,5.35,497674688.0,2687770368.0
2015-06-10,5.44,5.48,5.43,5.41,745505728.0,4060887296.0
2015-06-09,5.65,5.69,5.52,5.45,1312909696.0,7303845888.0
2015-06-08,5.32,5.64,5.63,5.3,1726158080.0,9499321344.0
2015-06-05,5.41,5.45,5.32,5.23,874789056.0,4673268224.0
2015-06-04,5.2,5.38,5.34,5.13,876889792.0,4623463424.0
2015-06-03,5.2,5.24,5.2,5.12,444807712.0,2300977408.0
2015-06-02,5.21,5.25,5.2,5.14,519137952.0,2689808128.0
2015-06-01,5.07,5.25,5.23,5.03,767178752.0,3949707776.0
2015-05-29,5.07,5.14,5.07,5.0,538703296.0,2730794496.0
2015-05-28,5.36,5.37,5.1,5.07,685890368.0,3597809664.0
2015-05-27,5.45,5.46,5.37,5.32,591954944.0,3187843840.0
2015-05-26,5.45,5.47,5.44,5.4,491049088.0,2667503872.0
2015-05-25,5.35,5.44,5.44,5.35,507821088.0,2740220672.0
2015-05-22,5.25,5.35,5.33,5.22,571110784.0,3026571008.0
2015-05-21,5.15,5.24,5.2,5.14,404938272.0,2103803904.0
2015-05-20,5.14,5.23,5.15,5.11,502261600.0,2592655872.0
2015-05-19,4.99,5.15,5.14,4.98,485237664.0,2471092992.0
2015-05-18,5.03,5.07,5.0,4.99,338870624.0,1703567872.0
2015-05-15,5.12,5.13,5.08,5.03,459914560.0,2333028864.0
2015-05-14,5.18,5.19,5.13,5.1,427794976.0,2200069120.0
2015-05-13,5.21,5.24,5.16,5.14,447773344.0,2320210944.0
2015-05-12,5.22,5.22,5.19,5.13,447072576.0,2315241984.0
2015-05-11,5.15,5.21,5.2,5.06,545472960.0,2796222720.0
2015-05-08,5.13,5.17,5.15,5.07,352474944.0,1805319936.0
2015-05-07,5.13,5.18,5.08,5.07,440196160.0,2251034880.0
2015-05-06,5.14,5.28,5.13,5.1,589904128.0,3058482176.0
2015-05-05,5.39,5.39,5.14,5.11,792325504.0,4154907904.0
2015-05-04,5.39,5.42,5.39,5.36,435844960.0,2347049472.0
2015-04-30,5.5,5.52,5.41,5.4,618168832.0,3363326976.0
2015-04-29,5.57,5.58,5.53,5.44,737446464.0,4055593472.0
2015-04-28,5.53,5.85,5.64,5.49,1539549056.0,8668592128.0
2015-04-27,5.33,5.5,5.5,5.33,894864896.0,4866667520.0
2015-04-24,5.37,5.4,5.33,5.25,796662336.0,4249846784.0
2015-04-23,5.53,5.53,5.48,5.43,772045504.0,4226012160.0
2015-04-22,5.47,5.52,5.52,5.42,939030848.0,5135954944.0
2015-04-21,5.4,5.45,5.44,5.32,1227983616.0,6613553152.0
2015-04-20,5.69,5.69,5.42,5.4,1414169216.0,7840590336.0
2015-04-17,5.72,5.76,5.64,5.62,1154808960.0,6557324288.0
2015-04-16,5.41,5.63,5.62,5.37,944008000.0,5168773120.0
2015-04-15,5.26,5.6,5.43,5.25,1135801984.0,6130926080.0
2015-04-14,5.3,5.35,5.26,5.22,763721472.0,4035741696.0
2015-04-13,5.18,5.33,5.32,5.18,1259537920.0,6605527552.0
2015-04-10,5.01,5.12,5.1,5.0,689361088.0,3486315008.0
2015-04-09,5.05,5.14,5.03,5.0,876879808.0,4426962432.0
2015-04-08,5.01,5.05,5.04,4.92,880345152.0,4397159424.0
2015-04-07,4.93,5.0,5.0,4.9,861760832.0,4270348288.0
2015-04-03,4.81,4.89,4.87,4.79,514181856.0,2495174400.0
2015-04-02,4.91,4.92,4.85,4.81,555922240.0,2697751296.0
2015-04-01,4.83,4.92,4.89,4.82,682475776.0,3322487296.0
2015-03-31,4.99,5.01,4.86,4.82,1004747648.0,4946411008.0
2015-03-30,4.75,4.94,4.92,4.74,1137506304.0,5509450752.0
2015-03-27,4.73,4.75,4.71,4.67,454051840.0,2139574400.0
2015-03-26,4.65,4.76,4.72,4.62,467425536.0,2191190016.0
2015-03-25,4.78,4.81,4.69,4.68,650708864.0,3088804608.0
2015-03-24,4.81,4.87,4.8,4.75,777551488.0,3728768000.0
2015-03-23,4.78,4.81,4.78,4.74,534961280.0,2555339264.0
2015-03-20,4.68,4.78,4.72,4.65,596498112.0,2812444160.0
2015-03-19,4.73,4.74,4.69,4.67,517945568.0,2435866112.0
2015-03-18,4.63,4.74,4.73,4.62,620859776.0,2905011200.0
2015-03-17,4.62,4.64,4.63,4.6,454549536.0,2099251200.0
2015-03-16,4.59,4.62,4.6,4.55,391708096.0,1797078528.0
2015-03-13,4.61,4.66,4.57,4.53,505880704.0,2329716224.0
2015-03-12,4.52,4.65,4.57,4.49,665406336.0,3044381184.0
2015-03-11,4.43,4.52,4.46,4.43,318957600.0,1427555072.0
2015-03-10,4.47,4.48,4.42,4.41,342244000.0,1520247680.0
2015-03-09,4.36,4.56,4.52,4.31,526958912.0,2344408064.0
2015-03-06,4.32,4.36,4.34,4.3,219538208.0,951291968.0
2015-03-05,4.35,4.37,4.31,4.28,295341120.0,1275158912.0
2015-03-04,4.4,4.43,4.38,4.36,248473360.0,1091708160.0
2015-03-03,4.54,4.55,4.4,4.4,439941760.0,1964964736.0
2015-03-02,4.59,4.61,4.57,4.54,307229728.0,1403422848.0
2015-02-27,4.6,4.62,4.58,4.54,381156192.0,1747248000.0
2015-02-26,4.47,4.61,4.59,4.46,501162368.0,2273319424.0
2015-02-25,4.49,4.53,4.49,4.46,316108384.0,1421512192.0
2015-02-17,4.43,4.52,4.49,4.43,325581088.0,1460312064.0
2015-02-16,4.43,4.44,4.42,4.39,237106592.0,1047007232.0
2015-02-13,4.36,4.46,4.44,4.35,482503072.0,2127026560.0
2015-02-12,4.32,4.35,4.34,4.28,297367392.0,1282864128.0
2015-02-11,4.31,4.36,4.33,4.3,296336992.0,1282181760.0
2015-02-10,4.29,4.36,4.36,4.27,451046464.0,1950964736.0
2015-02-09,4.27,4.34,4.3,4.24,475547808.0,2036829440.0
2015-02-06,4.37,4.38,4.3,4.27,503713504.0,2182154752.0
2015-02-05,4.59,4.61,4.4,4.39,760964928.0,3426932736.0
2015-02-04,4.5,4.53,4.41,4.4,464394336.0,2074139776.0
2015-02-03,4.45,4.51,4.5,4.37,561586560.0,2491369472.0
2015-02-02,4.48,4.48,4.41,4.38,508024160.0,2250689536.0
2015-01-30,4.59,4.62,4.54,4.51,419427392.0,1912726784.0
2015-01-29,4.61,4.64,4.56,4.53,577536896.0,2643394304.0
2015-01-28,4.73,4.77,4.69,4.65,551296768.0,2591288832.0
2015-01-27,4.93,4.93,4.78,4.69,704101056.0,3376429824.0
2015-01-26,4.97,4.99,4.93,4.84,532652448.0,2614900736.0
2015-01-23,4.91,5.13,4.98,4.91,931939584.0,4664106496.0
2015-01-22,4.92,4.93,4.88,4.8,569659264.0,2770806784.0
2015-01-21,4.68,4.98,4.92,4.64,792843392.0,3797531392.0
2015-01-20,4.66,4.74,4.64,4.53,647920896.0,3017983744.0
2015-01-19,4.8,4.93,4.64,4.64,992468672.0,4725213696.0
2015-01-16,5.12,5.27,5.15,5.1,786854080.0,4073206016.0
2015-01-15,4.89,5.12,5.09,4.85,623208448.0,3093536256.0
2015-01-14,4.84,4.97,4.89,4.83,539696448.0,2645522688.0
2015-01-13,4.79,4.86,4.82,4.78,268526208.0,1292588672.0
2015-01-12,4.85,4.92,4.82,4.72,547037440.0,2638839552.0
2015-01-09,4.82,5.15,4.88,4.74,991590400.0,4905936896.0
2015-01-08,5.05,5.07,4.83,4.8,692049088.0,3396521216.0
2015-01-07,5.0,5.1,5.04,4.95,810596736.0,4076793856.0
2015-01-06,5.0,5.36,5.1,4.95,1497561600.0,7672745984.0
2015-01-05,4.93,5.15,5.06,4.9,1365851648.0,6849226240.0
2014-12-31,4.73,4.92,4.87,4.65,1050294656.0,5049596416.0
2014-12-30,4.61,4.78,4.71,4.57,696602752.0,3268242944.0
2014-12-29,4.78,4.82,4.61,4.55,886266688.0,4174208000.0
2014-12-26,4.47,4.64,4.62,4.45,670773440.0,3048645888.0
2014-12-25,4.38,4.5,4.46,4.34,549303040.0,2432539648.0
2014-12-24,4.51,4.53,4.33,4.26,624579776.0,2720391936.0
2014-12-23,4.6,4.67,4.48,4.46,778303168.0,3564935680.0
2014-12-22,4.46,4.8,4.71,4.46,1746555136.0,8172305408.0
2014-12-19,4.34,4.45,4.41,4.31,605437632.0,2657662720.0
2014-12-18,4.46,4.47,4.35,4.32,548007360.0,2403489536.0
2014-12-17,4.27,4.52,4.47,4.21,996465472.0,4344311296.0
2014-12-16,4.12,4.27,4.25,4.12,472326592.0,1978360448.0
2014-12-15,4.18,4.19,4.13,4.07,342045088.0,1408312832.0
2014-12-12,4.22,4.3,4.21,4.18,313792768.0,1327654272.0
2014-12-11,4.21,4.31,4.2,4.17,372197312.0,1574301184.0
2014-12-10,4.17,4.33,4.3,4.07,616082496.0,2574925824.0
2014-12-09,4.54,4.62,4.2,4.17,1137160960.0,5075552768.0
2014-12-08,4.49,4.75,4.63,4.38,871306240.0,3966081792.0
2014-12-05,4.3,4.68,4.59,4.22,1024644416.0,4580277248.0
2014-12-04,4.1,4.28,4.27,4.08,713784384.0,2985764608.0
2014-12-03,4.16,4.26,4.1,4.08,648892224.0,2697790464.0
2014-12-02,3.98,4.22,4.18,3.96,667799104.0,2730542592.0
2014-12-01,4.05,4.16,4.01,4.0,650680704.0,2639520000.0
2014-11-28,3.83,4.05,4.04,3.82,853707136.0,3356783616.0
2014-11-27,3.84,3.85,3.83,3.81,306435968.0,1174924800.0
2014-11-26,3.77,3.82,3.82,3.75,248996464.0,944879744.0
2014-11-25,3.73,3.79,3.77,3.72,160306800.0,602064256.0
2014-11-24,3.7,3.78,3.73,3.68,175637232.0,657357504.0
2014-11-21,3.69,3.75,3.73,3.67,111465976.0,413475392.0
2014-11-20,3.68,3.7,3.68,3.65,92372320.0,339571200.0
2014-11-19,3.7,3.72,3.69,3.67,107967664.0,398616832.0
2014-11-18,3.79,3.8,3.72,3.71,152253328.0,569736064.0
2014-11-17,3.88,3.89,3.75,3.74,217102240.0,827209344.0
2014-11-14,3.78,3.79,3.78,3.74,131953264.0,496181920.0
2014-11-13,3.76,3.83,3.76,3.75,186477472.0,706374400.0
2014-11-12,3.78,3.78,3.76,3.72,177572976.0,665749632.0
2014-11-11,3.69,3.92,3.81,3.69,559821568.0,2139143680.0
2014-11-10,3.6,3.67,3.67,3.59,192955648.0,700418368.0
2014-11-07,3.56,3.61,3.57,3.54,140102576.0,500760096.0
2014-11-06,3.58,3.59,3.57,3.54,117359896.0,418473856.0
2014-11-05,3.64,3.65,3.58,3.57,197428256.0,709205824.0
2014-11-04,3.63,3.66,3.64,3.61,105104288.0,381144416.0
2014-11-03,3.67,3.67,3.63,3.62,127058056.0,462810304.0
2014-10-31,3.59,3.69,3.66,3.59,216995584.0,790282560.0
2014-10-30,3.55,3.6,3.59,3.54,148966480.0,532277888.0
2014-10-29,3.52,3.56,3.54,3.51,112721584.0,398318400.0
2014-10-28,3.49,3.53,3.52,3.49,57510816.0,201800032.0
2014-10-27,3.51,3.52,3.49,3.48,66899672.0,233997088.0
2014-10-24,3.51,3.53,3.52,3.5,76048464.0,267439456.0
2014-10-23,3.5,3.53,3.52,3.49,93150376.0,327702752.0
2014-10-22,3.5,3.53,3.5,3.49,94662664.0,332294528.0
2014-10-21,3.52,3.52,3.51,3.49,65645076.0,230232816.0
2014-10-20,3.52,3.53,3.52,3.5,56422228.0,198398592.0
2014-10-17,3.52,3.52,3.52,3.5,68879040.0,241808896.0
2014-10-16,3.49,3.53,3.52,3.48,89555568.0,314377920.0
2014-10-15,3.48,3.51,3.5,3.47,51045312.0,178181968.0
2014-10-14,3.48,3.5,3.48,3.48,51424892.0,179211296.0
2014-10-13,3.5,3.51,3.48,3.48,82847056.0,288764160.0
2014-10-10,3.51,3.52,3.51,3.5,66858560.0,234263424.0
2014-10-09,3.52,3.53,3.52,3.51,70150752.0,246661728.0
2014-10-08,3.53,3.54,3.53,3.49,103554752.0,363668608.0
2014-09-30,3.52,3.53,3.53,3.51,67466304.0,237434912.0
2014-09-29,3.54,3.55,3.52,3.51,82359784.0,290542528.0
2014-09-26,3.54,3.56,3.55,3.52,48963688.0,173530768.0
2014-09-25,3.56,3.56,3.55,3.53,99746536.0,354272480.0
2014-09-24,3.48,3.55,3.54,3.48,119688352.0,420615712.0
2014-09-23,3.49,3.5,3.5,3.48,54145944.0,189055792.0
2014-09-22,3.54,3.55,3.49,3.48,73100584.0,256638960.0
2014-09-19,3.56,3.56,3.56,3.53,85829072.0,304118464.0
2014-09-18,3.56,3.57,3.56,3.53,77449624.0,275070784.0
2014-09-17,3.56,3.57,3.56,3.54,74210240.0,264173456.0
2014-09-16,3.56,3.58,3.55,3.54,119646600.0,425997792.0
2014-09-15,3.55,3.57,3.57,3.53,67819984.0,240406688.0
2014-09-12,3.55,3.57,3.57,3.54,29257710.0,103973856.0
2014-09-11,3.56,3.6,3.55,3.54,60161580.0,214417952.0
2014-09-10,3.58,3.58,3.56,3.55,66518384.0,236905184.0
2014-09-09,3.61,3.61,3.59,3.58,49912620.0,179309280.0
2014-09-05,3.59,3.61,3.61,3.58,97710992.0,351623840.0
2014-09-04,3.56,3.59,3.59,3.54,80954576.0,289018080.0
2014-09-03,3.52,3.56,3.55,3.51,89031760.0,315275872.0
2014-09-02,3.48,3.53,3.52,3.47,94003816.0,328181472.0
2014-09-01,3.47,3.5,3.48,3.45,65646664.0,228556176.0
2014-08-29,3.45,3.48,3.46,3.43,68933760.0,238208816.0
2014-08-28,3.48,3.49,3.44,3.43,61143604.0,211233344.0
2014-08-27,3.49,3.49,3.49,3.47,48391648.0,168422304.0
2014-08-26,3.49,3.51,3.49,3.48,55553104.0,193874320.0
2014-08-25,3.51,3.51,3.5,3.48,62128292.0,217130608.0
2014-08-22,3.5,3.51,3.51,3.49,45891568.0,160718144.0
2014-08-21,3.51,3.52,3.5,3.48,59879016.0,209451072.0
2014-08-20,3.51,3.53,3.52,3.5,47680676.0,167408800.0
2014-08-19,3.52,3.52,3.52,3.5,52016792.0,182500048.0
2014-08-18,3.52,3.54,3.51,3.5,76953080.0,270731296.0
2014-08-15,3.51,3.53,3.52,3.5,49403768.0,173885552.0
2014-08-14,3.52,3.54,3.51,3.5,53468956.0,188247728.0
2014-08-13,3.53,3.54,3.51,3.5,76447456.0,269019840.0
2014-08-12,3.57,3.57,3.53,3.52,48251192.0,170637056.0
2014-08-11,3.51,3.59,3.56,3.5,84838720.0,301213120.0
2014-08-08,3.52,3.53,3.51,3.47,84117584.0,295163840.0
2014-08-07,3.57,3.58,3.52,3.51,102245064.0,363092992.0
2014-08-06,3.58,3.59,3.58,3.55,72821152.0,259875184.0
2014-08-05,3.61,3.62,3.59,3.57,102705696.0,368653760.0
2014-08-04,3.59,3.62,3.61,3.58,98156080.0,353362656.0
2014-08-01,3.59,3.62,3.59,3.58,102543184.0,369978464.0
2014-07-31,3.57,3.6,3.6,3.55,74602216.0,266562208.0
2014-07-30,3.59,3.6,3.57,3.55,94851128.0,339551744.0
2014-07-29,3.6,3.61,3.59,3.57,111754288.0,401561728.0
2014-07-28,3.53,3.62,3.6,3.53,217488800.0,780449664.0
2014-07-25,3.49,3.52,3.52,3.48,68339728.0,239362688.0
2014-07-24,3.44,3.49,3.48,3.43,94244152.0,327063104.0
2014-07-23,3.43,3.45,3.44,3.42,48761920.0,167686448.0
2014-07-22,3.41,3.45,3.43,3.41,53147448.0,182250512.0
2014-07-21,3.45,3.45,3.42,3.41,40266316.0,138149792.0
2014-07-18,3.43,3.46,3.45,3.43,41842948.0,144061824.0
2014-07-17,3.45,3.45,3.45,3.43,35123796.0,120865504.0
2014-07-16,3.46,3.47,3.46,3.45,43599684.0,150728352.0
2014-07-15,3.46,3.47,3.47,3.44,58812388.0,203120144.0
2014-07-14,3.45,3.46,3.45,3.43,47915208.0,164956048.0
2014-07-11,3.44,3.47,3.44,3.44,28952724.0,99891840.0
2014-07-10,3.42,3.46,3.45,3.41,56609148.0,194960640.0
2014-07-09,3.47,3.47,3.42,3.42,41657252.0,143592608.0
2014-07-08,3.45,3.48,3.47,3.44,56055812.0,194092160.0
2014-07-07,3.42,3.45,3.45,3.41,38568768.0,132560960.0
2014-07-04,3.42,3.43,3.42,3.41,34768716.0,118962208.0
2014-07-03,3.4,3.43,3.42,3.4,40242724.0,137321664.0
2014-07-02,3.39,3.42,3.41,3.38,42913624.0,146051280.0
2014-07-01,3.4,3.41,3.39,3.38,43298612.0,146999040.0
2014-06-30,3.39,3.41,3.39,3.38,30646380.0,104236376.0
2014-06-27,3.39,3.4,3.39,3.37,33472792.0,113335624.0
2014-06-26,3.38,3.4,3.39,3.37,48194464.0,163191648.0
2014-06-25,3.41,3.41,3.38,3.37,51279144.0,173474624.0
2014-06-24,3.41,3.42,3.42,3.39,54892432.0,187063552.0
2014-06-23,3.44,3.44,3.41,3.41,55131332.0,188658560.0
2014-06-20,3.45,3.46,3.45,3.37,106996640.0,365450432.0
2014-06-19,3.73,3.74,3.71,3.69,91929176.0,341008192.0
2014-06-18,3.73,3.74,3.74,3.69,110170560.0,409642592.0
2014-06-17,3.76,3.78,3.73,3.7,107429152.0,401236800.0
2014-06-16,3.74,3.78,3.78,3.72,96202192.0,360544992.0
2014-06-13,3.7,3.74,3.74,3.7,63714956.0,237100656.0
2014-06-12,3.7,3.73,3.71,3.69,47082736.0,174600016.0
2014-06-11,3.72,3.75,3.72,3.68,79762400.0,296021696.0
2014-06-10,3.66,3.74,3.73,3.66,96285928.0,356415872.0
2014-06-09,3.61,3.68,3.66,3.61,50378808.0,184095040.0
2014-06-06,3.63,3.65,3.61,3.61,60943044.0,221037088.0
2014-06-05,3.57,3.63,3.63,3.56,75230704.0,271553152.0
2014-06-04,3.59,3.6,3.57,3.56,49748688.0,178016464.0
2014-06-03,3.56,3.6,3.58,3.56,51413736.0,184447552.0
2014-05-30,3.57,3.58,3.56,3.55,47443192.0,168772416.0
2014-05-29,3.58,3.59,3.57,3.56,33706144.0,120463080.0
2014-05-28,3.53,3.58,3.57,3.53,47696976.0,169771456.0
2014-05-27,3.51,3.55,3.53,3.51,43758928.0,154495840.0
2014-05-26,3.53,3.53,3.51,3.5,30899632.0,108660752.0
2014-05-23,3.5,3.52,3.52,3.49,29670540.0,104079432.0
2014-05-22,3.48,3.52,3.5,3.48,46632616.0,163455232.0
2014-05-21,3.46,3.49,3.49,3.45,37612836.0,130801344.0
2014-05-20,3.47,3.48,3.47,3.45,36655984.0,127029144.0
2014-05-19,3.47,3.48,3.46,3.44,42914104.0,148366240.0
2014-05-16,3.47,3.49,3.48,3.46,38486588.0,133887120.0
2014-05-15,3.45,3.48,3.47,3.44,36503304.0,126447488.0
2014-05-14,3.46,3.48,3.45,3.44,37644804.0,130153184.0
2014-05-13,3.49,3.49,3.46,3.45,38603200.0,133725792.0
2014-05-12,3.45,3.5,3.48,3.44,68788312.0,239121072.0
2014-05-09,3.44,3.47,3.45,3.43,45599432.0,157470928.0
2014-05-08,3.4,3.45,3.43,3.4,41258372.0,141691312.0
2014-05-07,3.4,3.42,3.42,3.4,31728816.0,108261312.0
2014-05-06,3.42,3.43,3.4,3.39,49064032.0,167403952.0
2014-05-05,3.42,3.43,3.42,3.39,42750972.0,145549104.0
2014-04-30,3.45,3.45,3.44,3.41,32244872.0,110570248.0
2014-04-29,3.45,3.46,3.45,3.44,37890428.0,130762816.0
2014-04-28,3.46,3.47,3.46,3.45,44103632.0,152664992.0
2014-04-25,3.44,3.46,3.45,3.42,41185616.0,142064768.0
2014-04-24,3.43,3.47,3.42,3.41,37571432.0,129185928.0
2014-04-23,3.44,3.45,3.44,3.42,33539472.0,115163320.0
2014-04-22,3.43,3.47,3.45,3.43,27277976.0,94005952.0
2014-04-21,3.46,3.49,3.44,3.44,28167420.0,97655992.0
2014-04-18,3.46,3.47,3.47,3.44,24978404.0,86379584.0
2014-04-17,3.5,3.5,3.48,3.46,29182670.0,101512592.0
2014-04-16,3.46,3.51,3.5,3.44,52377068.0,182339536.0
2014-04-15,3.49,3.5,3.46,3.44,34711016.0,120443368.0
2014-04-14,3.53,3.54,3.5,3.49,46705384.0,163920080.0
2014-04-11,3.55,3.55,3.52,3.51,80135248.0,282820800.0
2014-04-10,3.48,3.56,3.55,3.47,97100112.0,341689792.0
2014-04-09,3.49,3.51,3.48,3.47,54761656.0,190945472.0
2014-04-08,3.43,3.5,3.5,3.42,94074056.0,326594496.0
2014-04-04,3.41,3.44,3.43,3.4,31393372.0,107598872.0
2014-04-03,3.45,3.45,3.42,3.41,52315508.0,179540464.0
2014-04-02,3.45,3.46,3.44,3.42,56673464.0,195055792.0
2014-04-01,3.45,3.47,3.45,3.44,38552864.0,133253040.0
2014-03-31,3.47,3.49,3.45,3.43,60798536.0,210334032.0
2014-03-28,3.39,3.49,3.46,3.38,101965984.0,351928384.0
2014-03-27,3.39,3.42,3.38,3.36,43623784.0,147905600.0
2014-03-26,3.36,3.4,3.4,3.36,50588704.0,171295664.0
2014-03-25,3.38,3.38,3.36,3.35,33313760.0,112056920.0
2014-03-24,3.35,3.39,3.38,3.34,74527856.0,250975792.0
2014-03-21,3.27,3.37,3.34,3.27,126470712.0,421791392.0
2014-03-20,3.27,3.32,3.28,3.26,62125904.0,205019392.0
2014-03-19,3.25,3.28,3.28,3.24,46684432.0,152143728.0
2014-03-18,3.26,3.27,3.26,3.24,36811648.0,119946336.0
2014-03-17,3.24,3.26,3.25,3.22,37925432.0,123069872.0
2014-03-14,3.25,3.26,3.24,3.22,53106072.0,171718784.0
2014-03-13,3.24,3.32,3.27,3.23,82831944.0,271101216.0
2014-03-12,3.22,3.23,3.23,3.2,54483176.0,175098480.0
2014-03-11,3.26,3.26,3.23,3.2,83643776.0,269747744.0
2014-03-10,3.32,3.32,3.26,3.25,66083272.0,217386752.0
2014-03-07,3.33,3.34,3.33,3.31,37293092.0,124087872.0
2014-03-06,3.32,3.34,3.33,3.3,39202880.0,130249784.0
2014-03-05,3.34,3.34,3.32,3.31,40622760.0,134971248.0
2014-03-04,3.33,3.34,3.34,3.31,51674344.0,171717424.0
2014-03-03,3.33,3.35,3.33,3.31,65326776.0,217250848.0
2014-02-28,3.35,3.35,3.34,3.32,54062832.0,180274480.0
2014-02-27,3.34,3.36,3.36,3.32,65181848.0,217624752.0
2014-02-26,3.36,3.38,3.34,3.32,40669040.0,136184096.0
2014-02-25,3.37,3.39,3.37,3.36,45042368.0,151894896.0
2014-02-24,3.42,3.42,3.37,3.36,60659216.0,204851200.0
2014-02-21,3.44,3.45,3.44,3.42,28834380.0,99051216.0
2014-02-20,3.47,3.5,3.44,3.43,55789540.0,193317664.0
2014-02-19,3.43,3.52,3.48,3.42,86047368.0,298476128.0
2014-02-18,3.44,3.45,3.43,3.42,42180520.0,144983184.0
2014-02-17,3.44,3.46,3.44,3.43,51404632.0,177066544.0
2014-02-14,3.45,3.45,3.43,3.42,35515424.0,121992192.0
2014-02-13,3.43,3.48,3.44,3.42,73477632.0,253188544.0
2014-02-12,3.44,3.45,3.44,3.43,39812520.0,136940784.0
2014-02-11,3.41,3.47,3.45,3.39,99157912.0,340801152.0
2014-02-10,3.41,3.43,3.42,3.4,49508728.0,169111696.0
2014-02-07,3.39,3.4,3.4,3.37,27875616.0,94412408.0
2014-01-30,3.43,3.44,3.41,3.4,27753040.0,94793008.0
2014-01-29,3.38,3.44,3.44,3.38,60262488.0,206033408.0
2014-01-28,3.36,3.4,3.39,3.35,50011272.0,168680560.0
2014-01-27,3.39,3.4,3.36,3.33,99385376.0,334070080.0
2014-01-24,3.4,3.41,3.4,3.39,49522632.0,168323056.0
2014-01-23,3.41,3.42,3.4,3.39,53203664.0,181212880.0
2014-01-22,3.4,3.43,3.43,3.39,78229840.0,267481536.0
2014-01-21,3.39,3.42,3.4,3.38,51800520.0,176034304.0
2014-01-20,3.41,3.42,3.4,3.38,52516508.0,178208384.0
2014-01-17,3.41,3.42,3.41,3.4,61018824.0,208115088.0
2014-01-16,3.45,3.46,3.43,3.42,77381264.0,265323472.0
2014-01-15,3.51,3.52,3.46,3.44,70814680.0,245136928.0
2014-01-14,3.53,3.53,3.52,3.5,43708008.0,153539504.0
2014-01-13,3.54,3.55,3.54,3.52,44410672.0,157225808.0
2014-01-10,3.53,3.55,3.53,3.5,41733708.0,146710864.0
2014-01-09,3.56,3.58,3.53,3.51,44621580.0,158308768.0
2014-01-08,3.54,3.58,3.57,3.53,51944376.0,184598272.0
2014-01-07,3.53,3.55,3.55,3.51,41238508.0,145700736.0
2014-01-06,3.56,3.56,3.55,3.51,69846560.0,246594704.0
2014-01-03,3.57,3.58,3.56,3.55,43531020.0,155045632.0
2014-01-02,3.58,3.59,3.58,3.56,40377048.0,144322688.0
2013-12-31,3.56,3.59,3.58,3.55,57586000.0,205773936.0
2013-12-30,3.59,3.59,3.55,3.55,47632136.0,169902704.0
2013-12-27,3.55,3.6,3.58,3.53,67922520.0,242109104.0
2013-12-26,3.59,3.59,3.55,3.53,43935812.0,156483680.0
2013-12-25,3.59,3.6,3.59,3.58,28685342.0,102842888.0
2013-12-24,3.59,3.6,3.58,3.57,34304628.0,122969088.0
2013-12-23,3.58,3.6,3.58,3.56,49355328.0,176707616.0
2013-12-20,3.63,3.63,3.57,3.56,142684496.0,511709824.0
2013-12-19,3.67,3.68,3.63,3.62,86428592.0,315055232.0
2013-12-18,3.68,3.68,3.67,3.66,58427976.0,214204592.0
2013-12-17,3.7,3.71,3.68,3.67,48892496.0,180106848.0
2013-12-16,3.72,3.73,3.69,3.68,69446360.0,257041120.0
2013-12-13,3.75,3.76,3.72,3.69,107806944.0,401143552.0
2013-12-12,3.78,3.78,3.76,3.75,62866660.0,236513152.0
2013-12-11,3.79,3.8,3.78,3.77,97506120.0,369140512.0
2013-12-10,3.8,3.81,3.8,3.79,62140144.0,235931104.0
2013-12-09,3.81,3.82,3.8,3.79,75200496.0,286042368.0
2013-12-06,3.81,3.82,3.81,3.8,53427472.0,203329584.0
2013-12-05,3.83,3.83,3.81,3.8,107624304.0,409843936.0
2013-12-04,3.82,3.84,3.83,3.8,96474480.0,369051328.0
2013-12-03,3.83,3.84,3.82,3.81,87396528.0,334064192.0
2013-12-02,3.8,3.89,3.87,3.79,180756432.0,691793600.0
2013-11-29,3.8,3.81,3.8,3.79,44417980.0,168585664.0
2013-11-28,3.8,3.82,3.8,3.79,54866984.0,208618896.0
2013-11-27,3.79,3.81,3.79,3.78,55903104.0,212024688.0
2013-11-26,3.81,3.82,3.79,3.78,65840780.0,249935696.0
2013-11-25,3.84,3.85,3.81,3.81,55860140.0,213634864.0
2013-11-22,3.85,3.87,3.86,3.83,98675048.0,379861632.0
2013-11-21,3.81,3.9,3.89,3.78,139544112.0,533544640.0
2013-11-20,3.82,3.83,3.83,3.8,68914424.0,262839024.0
2013-11-19,3.83,3.83,3.82,3.81,84187400.0,321595520.0
2013-11-18,3.79,3.84,3.83,3.78,112763272.0,429133824.0
2013-11-15,3.79,3.82,3.79,3.77,87888240.0,333598080.0
2013-11-14,3.79,3.8,3.79,3.77,58442432.0,221396672.0
2013-11-13,3.83,3.84,3.8,3.78,56792744.0,216025760.0
2013-11-12,3.83,3.85,3.83,3.82,54041688.0,207316416.0
2013-11-11,3.81,3.84,3.83,3.8,41947896.0,160663168.0
2013-11-08,3.82,3.84,3.82,3.82,39277508.0,150245584.0
2013-11-07,3.8,3.84,3.83,3.79,48997060.0,186854496.0
2013-11-06,3.82,3.83,3.8,3.8,38648708.0,147151152.0
2013-11-05,3.83,3.84,3.83,3.8,53021744.0,202467360.0
2013-11-04,3.85,3.86,3.84,3.83,42672728.0,163750480.0
2013-11-01,3.83,3.85,3.84,3.81,50528928.0,193510048.0
2013-10-31,3.81,3.84,3.82,3.77,69400688.0,264194624.0
2013-10-30,3.8,3.82,3.81,3.77,47451824.0,180177568.0
2013-10-29,3.76,3.82,3.8,3.76,64097120.0,242895760.0
2013-10-28,3.79,3.8,3.76,3.75,24989030.0,94301968.0
2013-10-25,3.81,3.84,3.78,3.77,53654200.0,204404208.0
2013-10-24,3.85,3.85,3.81,3.8,46042908.0,176225040.0
2013-10-23,3.86,3.87,3.84,3.84,30600656.0,117876568.0
2013-10-22,3.86,3.87,3.84,3.84,26220958.0,100936672.0
2013-10-21,3.85,3.87,3.86,3.83,37138792.0,143098992.0
2013-10-18,3.86,3.89,3.84,3.84,47014204.0,181769008.0
2013-10-17,3.86,3.88,3.86,3.85,40433252.0,156243920.0
2013-10-16,3.84,3.87,3.86,3.84,47325140.0,182397072.0
2013-10-15,3.87,3.88,3.84,3.83,53611620.0,206315344.0
2013-10-14,3.9,3.91,3.88,3.86,37252920.0,144730864.0
2013-10-11,3.87,3.9,3.89,3.87,51993592.0,201912160.0
2013-10-10,3.86,3.88,3.86,3.84,38118456.0,147014800.0
2013-10-09,3.85,3.87,3.86,3.84,35103640.0,135309024.0
2013-10-08,3.85,3.87,3.87,3.84,41966076.0,161743968.0
2013-09-30,3.87,3.87,3.86,3.84,32649974.0,125892264.0
2013-09-27,3.85,3.88,3.86,3.84,35391144.0,136494432.0
2013-09-26,3.88,3.89,3.85,3.83,58732548.0,226477792.0
2013-09-25,3.89,3.91,3.88,3.88,39041536.0,152033600.0
2013-09-24,3.9,3.91,3.89,3.87,60147096.0,234101792.0
2013-09-23,3.92,3.93,3.91,3.9,56414084.0,220788720.0
2013-09-18,3.94,3.94,3.91,3.9,55580400.0,217719232.0
2013-09-17,3.97,3.98,3.93,3.93,53882204.0,212587584.0
2013-09-16,3.99,4.01,3.98,3.97,59996808.0,239401824.0
2013-09-13,4.03,4.03,3.99,3.98,66748436.0,267366944.0
2013-09-12,3.99,4.08,4.05,3.97,126787664.0,510212768.0
2013-09-11,4.0,4.01,3.99,3.98,79227272.0,316649760.0
2013-09-10,4.05,4.06,3.98,3.97,172953808.0,691467584.0
2013-09-09,3.91,4.11,4.08,3.91,221307296.0,891881088.0
2013-09-06,3.91,3.93,3.91,3.9,32674704.0,127818224.0
2013-09-05,3.92,3.93,3.91,3.9,21945184.0,85846872.0
2013-09-04,3.93,3.94,3.93,3.89,45696780.0,178643520.0
2013-09-03,3.9,3.94,3.94,3.88,56771016.0,222292112.0
2013-09-02,3.9,3.9,3.89,3.88,37010504.0,144074320.0
2013-08-30,3.87,3.9,3.9,3.86,31990418.0,124197264.0
2013-08-29,3.9,3.9,3.87,3.86,23135088.0,89640768.0
2013-08-28,3.9,3.9,3.88,3.87,29837168.0,115799904.0
2013-08-27,3.92,3.93,3.9,3.9,27050230.0,105790288.0
2013-08-26,3.89,3.94,3.93,3.87,33245152.0,130266952.0
2013-08-23,3.92,3.93,3.89,3.86,36744780.0,143269440.0
2013-08-22,3.93,3.94,3.91,3.85,39646816.0,155079536.0
2013-08-21,3.93,3.94,3.92,3.9,31513490.0,123578176.0
2013-08-20,3.93,3.95,3.92,3.91,52095360.0,205010944.0
2013-08-19,3.91,3.95,3.93,3.9,72007976.0,282469120.0
2013-08-16,3.95,4.35,3.95,3.93,188160944.0,755502848.0
2013-08-15,3.95,3.97,3.95,3.94,34227128.0,135362512.0
2013-08-14,3.95,3.97,3.94,3.93,30336944.0,119967384.0
2013-08-13,3.95,3.96,3.95,3.92,35574932.0,140230176.0
2013-08-12,3.91,3.96,3.95,3.9,49523212.0,194804768.0
2013-08-09,3.91,3.92,3.91,3.89,30281148.0,118156296.0
2013-08-08,3.89,3.92,3.9,3.89,22868062.0,89191728.0
2013-08-07,3.9,3.92,3.89,3.89,35240576.0,137471632.0
2013-08-06,3.91,3.93,3.9,3.9,32512450.0,127135336.0
2013-08-05,3.92,3.93,3.92,3.9,16254603.0,63657060.0
2013-08-02,3.93,3.94,3.91,3.91,32883680.0,128935616.0
2013-08-01,3.9,3.93,3.91,3.89,40477924.0,158357136.0
2013-07-31,3.92,3.92,3.89,3.89,29717932.0,115832288.0
2013-07-30,3.9,3.93,3.91,3.88,49860184.0,194833552.0
2013-07-29,3.9,3.91,3.89,3.88,39507252.0,153690528.0
2013-07-26,3.9,3.93,3.91,3.9,36040456.0,141133888.0
2013-07-25,3.93,3.94,3.91,3.91,38625872.0,151562512.0
2013-07-24,3.93,3.94,3.92,3.9,53214856.0,208735168.0
2013-07-23,3.91,3.95,3.93,3.9,102304960.0,402182592.0
2013-07-22,3.92,3.94,3.93,3.89,132711328.0,519555104.0
2013-07-19,3.93,3.95,3.95,3.9,113155440.0,444226944.0
2013-07-18,3.94,3.95,3.93,3.92,65355360.0,257025904.0
2013-07-17,3.94,3.97,3.95,3.92,67698824.0,267660048.0
2013-07-16,3.93,3.96,3.95,3.92,59191560.0,232937776.0
2013-07-15,3.96,3.97,3.94,3.93,73051080.0,288318400.0
2013-07-12,3.97,3.98,3.96,3.91,131031248.0,516501024.0
2013-07-11,3.93,4.02,3.98,3.92,164164496.0,651671488.0
2013-07-10,3.93,3.96,3.93,3.9,81234144.0,319343200.0
2013-07-09,3.93,3.96,3.95,3.9,118351112.0,466157120.0
2013-07-08,3.93,3.96,3.95,3.9,93260792.0,366207904.0
2013-07-05,3.91,3.96,3.95,3.9,60555676.0,237916816.0
2013-07-04,3.91,3.95,3.91,3.9,89915384.0,352602112.0
2013-07-03,3.97,3.99,3.94,3.92,198895488.0,784318016.0
2013-07-02,3.97,4.03,4.02,3.95,173295888.0,691073088.0
2013-07-01,3.96,4.04,4.03,3.94,195591808.0,778460672.0
2013-06-28,3.82,4.04,4.02,3.8,160012544.0,626544320.0
2013-06-27,3.73,3.83,3.81,3.72,100605048.0,381052032.0
2013-06-26,3.79,3.79,3.74,3.4,162884480.0,602011008.0
2013-06-25,3.88,3.97,3.96,3.81,147931280.0,574944704.0
2013-06-24,4.03,4.03,3.9,3.87,88041816.0,344836000.0
2013-06-21,4.05,4.06,4.02,4.0,68528984.0,275574976.0
2013-06-20,4.14,4.15,4.06,4.04,45461376.0,185374432.0
2013-06-19,4.16,4.16,4.15,4.12,28786560.0,119270200.0
2013-06-18,4.15,4.17,4.16,4.12,39691836.0,164371600.0
2013-06-17,4.16,4.18,4.12,4.12,28879548.0,119658304.0
2013-06-14,4.13,4.17,4.16,4.1,67631528.0,279272416.0
2013-06-13,4.15,4.15,4.14,4.07,80299936.0,329629504.0
2013-06-07,4.15,4.19,4.17,4.15,57682408.0,240855408.0
2013-06-06,4.22,4.24,4.15,4.14,80415568.0,337760640.0
2013-06-05,4.21,4.24,4.21,4.19,58602060.0,247472064.0
2013-06-04,4.21,4.23,4.22,4.19,72423056.0,305124832.0
2013-06-03,4.2,4.23,4.21,4.18,46775452.0,196871104.0
2013-05-31,4.2,4.23,4.18,4.18,26410450.0,111123056.0
2013-05-30,4.19,4.22,4.2,4.18,40534464.0,170556976.0
2013-05-29,4.19,4.22,4.21,4.18,49039392.0,206210384.0
2013-05-28,4.14,4.2,4.19,4.13,49309088.0,205517472.0
2013-05-27,4.15,4.18,4.13,4.13,30953794.0,128619024.0
2013-05-24,4.18,4.2,4.16,4.15,37241056.0,155241520.0
2013-05-23,4.16,4.21,4.16,4.15,64477224.0,269631936.0
2013-05-22,4.19,4.2,4.16,4.16,39746132.0,166002928.0
2013-05-21,4.18,4.21,4.2,4.16,45848716.0,191906800.0
2013-05-20,4.17,4.22,4.19,4.16,90944880.0,381881152.0
2013-05-17,4.09,4.18,4.16,4.09,69448440.0,287019808.0
2013-05-16,4.06,4.11,4.09,4.05,38224840.0,156393376.0
2013-05-15,4.08,4.09,4.06,4.06,26143732.0,106354152.0
2013-05-14,4.1,4.12,4.08,4.06,32641428.0,133381224.0
2013-05-13,4.12,4.12,4.1,4.09,31201268.0,128041880.0
2013-05-10,4.09,4.12,4.11,4.09,43099080.0,177109680.0
2013-05-09,4.11,4.12,4.09,4.09,31639840.0,129881696.0
2013-05-08,4.1,4.12,4.1,4.09,58091324.0,238253936.0
2013-05-07,4.09,4.11,4.09,4.08,43728896.0,178994976.0
2013-05-06,4.09,4.12,4.1,4.08,42808176.0,175447744.0
2013-05-03,4.07,4.13,4.08,4.06,68244256.0,279469664.0
2013-05-02,4.05,4.08,4.07,4.03,58032124.0,235096016.0
2013-04-26,4.09,4.1,4.05,4.05,48236100.0,196199888.0
2013-04-25,4.09,4.1,4.08,4.06,43272264.0,176779376.0
2013-04-24,4.07,4.11,4.1,4.06,40251292.0,164413216.0
2013-04-23,4.11,4.11,4.07,4.06,53760220.0,218990400.0
2013-04-22,4.1,4.13,4.1,4.09,52167032.0,214323472.0
2013-04-19,4.07,4.12,4.11,4.05,70008888.0,286332256.0
2013-04-18,4.03,4.07,4.06,4.02,29713214.0,120186816.0
2013-04-17,4.04,4.05,4.04,4.02,38897888.0,156986800.0
2013-04-16,4.04,4.06,4.04,4.02,39184564.0,158034720.0
2013-04-15,4.06,4.08,4.04,4.03,43407376.0,175757536.0
2013-04-12,4.08,4.09,4.07,4.06,33666532.0,137233664.0
2013-04-11,4.09,4.1,4.08,4.07,21722016.0,88576848.0
2013-04-10,4.08,4.09,4.07,4.07,21560730.0,87830096.0
2013-04-09,4.09,4.1,4.07,4.06,49140688.0,200396496.0
2013-04-08,4.05,4.09,4.07,4.03,65522852.0,266104144.0
2013-04-03,4.08,4.14,4.09,4.07,49636364.0,203516704.0
2013-04-02,4.07,4.07,4.06,4.05,49108124.0,199434048.0
2013-04-01,4.05,4.08,4.06,4.04,49566924.0,201077264.0
2013-03-29,4.03,4.06,4.05,4.02,39410392.0,159518384.0
2013-03-28,4.12,4.12,4.01,4.0,157198000.0,634041472.0
2013-03-27,4.14,4.18,4.12,4.11,40676272.0,168335248.0
2013-03-26,4.18,4.19,4.13,4.11,43163876.0,178890016.0
2013-03-25,4.19,4.21,4.19,4.17,35176264.0,147398896.0
2013-03-22,4.17,4.19,4.18,4.16,40380864.0,168621232.0
2013-03-21,4.16,4.21,4.17,4.15,50281776.0,210098832.0
2013-03-20,4.09,4.19,4.17,4.08,103587288.0,429505824.0
2013-03-19,4.08,4.12,4.08,4.06,59011540.0,240696128.0
2013-03-18,4.16,4.19,4.07,4.06,83850520.0,344463584.0
2013-03-15,4.15,4.22,4.18,4.13,89875864.0,376112800.0
2013-03-14,4.11,4.16,4.16,4.09,40704560.0,168215520.0
2013-03-13,4.13,4.14,4.13,4.1,36675448.0,150841296.0
2013-03-12,4.11,4.18,4.13,4.1,56166200.0,232524896.0
2013-03-11,4.12,4.13,4.12,4.08,23162000.0,95109520.0
2013-03-08,4.13,4.15,4.12,4.11,30004908.0,123792704.0
2013-03-07,4.16,4.18,4.13,4.09,55712780.0,230734928.0
2013-03-06,4.19,4.2,4.17,4.15,60037664.0,250775216.0
2013-03-05,4.09,4.22,4.18,4.07,100419344.0,416142656.0
2013-03-04,4.14,4.18,4.08,4.03,139516944.0,572766208.0
2013-03-01,4.23,4.23,4.17,4.14,59157856.0,247229056.0
2013-02-28,4.17,4.26,4.21,4.14,115876592.0,487769632.0
2013-02-27,4.1,4.18,4.18,4.1,83121376.0,344362080.0
2013-02-26,4.13,4.18,4.1,4.06,90367936.0,374273792.0
2013-02-25,4.15,4.18,4.14,4.13,46687900.0,193988384.0
2013-02-22,4.16,4.19,4.14,4.13,70086600.0,290985792.0
2013-02-21,4.21,4.23,4.18,4.11,121054928.0,503431104.0
2013-02-20,4.28,4.28,4.24,4.22,61248784.0,259683408.0
2013-02-19,4.33,4.34,4.26,4.25,67306528.0,288124032.0
2013-02-18,4.37,4.39,4.31,4.31,67637624.0,293710016.0
2013-02-08,4.33,4.38,4.35,4.3,129047408.0,561030400.0
2013-02-07,4.41,4.41,4.33,4.27,153673296.0,665149440.0
2013-02-06,4.41,4.44,4.42,4.35,127359768.0,558298560.0
2013-02-05,4.44,4.45,4.41,4.39,143892192.0,634890496.0
2013-02-04,4.45,4.53,4.47,4.43,203738624.0,914106752.0
2013-02-01,4.39,4.47,4.45,4.35,185844000.0,817649472.0
2013-01-31,4.4,4.46,4.4,4.35,251651312.0,1110705920.0
2013-01-30,4.29,4.41,4.39,4.25,225518864.0,976047616.0
2013-01-29,4.28,4.3,4.29,4.24,139339616.0,593915200.0
2013-01-28,4.25,4.31,4.29,4.2,104345992.0,446211296.0
2013-01-25,4.25,4.29,4.23,4.22,86341080.0,367743712.0
2013-01-24,4.2,4.32,4.25,4.2,161325440.0,689461696.0
2013-01-23,4.24,4.24,4.19,4.18,128924536.0,540961664.0
2013-01-22,4.2,4.31,4.25,4.17,178863824.0,757983872.0
2013-01-21,4.22,4.22,4.2,4.17,65157832.0,273339904.0
2013-01-18,4.23,4.26,4.22,4.2,58612564.0,247540736.0
2013-01-17,4.25,4.26,4.19,4.19,58656900.0,246519584.0
2013-01-16,4.26,4.29,4.27,4.18,57210160.0,242702384.0
2013-01-15,4.28,4.3,4.26,4.25,75281664.0,322002624.0
2013-01-14,4.19,4.31,4.29,4.17,112680176.0,478775392.0
2013-01-11,4.23,4.24,4.2,4.18,57032800.0,239627888.0
2013-01-10,4.15,4.23,4.23,4.14,78923616.0,331200384.0
2013-01-09,4.13,4.19,4.15,4.13,72087120.0,299354816.0
2013-01-08,4.23,4.24,4.14,4.11,93522656.0,389781248.0
2013-01-07,4.21,4.25,4.23,4.2,82037680.0,346701856.0
2013-01-04,4.19,4.24,4.22,4.18,118413536.0,498751744.0
2012-12-31,4.1,4.18,4.15,4.09,110538904.0,458727040.0
2012-12-28,4.06,4.12,4.1,4.05,67687672.0,276748064.0
2012-12-27,4.08,4.09,4.05,4.04,51935396.0,210682176.0
2012-12-26,4.14,4.14,4.08,4.05,62607996.0,255743696.0
2012-12-25,4.02,4.15,4.14,4.0,96464872.0,395665952.0
2012-12-24,4.01,4.06,4.02,4.01,36914336.0,148925200.0
2012-12-21,4.08,4.09,4.01,4.0,49181696.0,199274272.0
2012-12-20,4.1,4.1,4.07,4.06,48457064.0,197622400.0
2012-12-19,4.11,4.14,4.1,4.09,56809024.0,233962576.0
2012-12-18,4.07,4.13,4.12,4.06,118725552.0,487783712.0
2012-12-17,4.1,4.12,4.09,4.05,76989168.0,313808512.0
2012-12-14,3.95,4.13,4.1,3.94,137637472.0,558357888.0
2012-12-13,3.99,4.0,3.95,3.94,51763548.0,205296240.0
2012-12-12,3.95,4.01,4.0,3.94,80522392.0,320846272.0
2012-12-11,3.94,3.99,3.95,3.93,79775440.0,315924064.0
2012-12-10,3.93,3.97,3.95,3.92,113002352.0,446143104.0
2012-12-07,3.92,3.95,3.93,3.88,110844128.0,433549856.0
2012-12-06,3.9,3.92,3.92,3.87,51770568.0,201881392.0
2012-12-05,3.84,3.93,3.9,3.82,83900192.0,325564672.0
2012-12-04,3.86,3.87,3.84,3.84,24496736.0,94292016.0
2012-12-03,3.88,3.89,3.86,3.85,26701846.0,103248448.0
2012-11-30,3.88,3.89,3.88,3.86,42702868.0,165579248.0
2012-11-29,3.87,3.9,3.88,3.86,53407664.0,207208784.0
2012-11-28,3.85,3.88,3.87,3.84,41603264.0,160532944.0
2012-11-27,3.84,3.86,3.86,3.83,47665604.0,183527712.0
2012-11-26,3.84,3.86,3.85,3.82,20849740.0,80110624.0
2012-11-23,3.85,3.86,3.85,3.84,27461152.0,105713408.0
2012-11-22,3.84,3.85,3.84,3.82,19569056.0,75127088.0
2012-11-21,3.83,3.85,3.84,3.81,17936604.0,68735824.0
2012-11-20,3.85,3.85,3.83,3.8,20214740.0,77262768.0
2012-11-19,3.83,3.85,3.85,3.81,31148980.0,119173640.0
2012-11-16,3.84,3.85,3.83,3.82,55659860.0,213636992.0
2012-11-15,3.86,3.87,3.84,3.83,36776484.0,141437392.0
2012-11-14,3.86,3.88,3.87,3.83,45751428.0,176161008.0
2012-11-13,3.89,3.89,3.86,3.84,43125924.0,166461024.0
2012-11-12,3.88,3.9,3.9,3.84,52483100.0,203235696.0
2012-11-09,3.86,3.88,3.88,3.84,67949984.0,263057904.0
2012-11-08,3.87,3.88,3.87,3.84,31196232.0,120401192.0
2012-11-07,3.87,3.89,3.88,3.85,35901552.0,139153232.0
2012-11-06,3.89,3.9,3.88,3.84,53279344.0,206173584.0
2012-11-05,3.89,3.91,3.9,3.88,65047944.0,253775376.0
2012-11-02,3.87,3.93,3.91,3.86,44683040.0,174214128.0
2012-11-01,3.83,3.89,3.87,3.83,37581348.0,145240448.0
2012-10-31,3.81,3.84,3.82,3.8,19402728.0,73992016.0
2012-10-30,3.82,3.82,3.81,3.78,27342464.0,103860144.0
2012-10-29,3.82,3.84,3.81,3.8,17430244.0,66463424.0
2012-10-26,3.85,3.87,3.84,3.82,19910838.0,76557448.0
2012-10-25,3.89,3.89,3.86,3.85,22039096.0,85399904.0
2012-10-24,3.9,3.92,3.89,3.88,20792108.0,81088768.0
2012-10-23,3.91,3.94,3.9,3.9,40392624.0,158627312.0
2012-10-22,3.9,3.93,3.91,3.89,32004470.0,125319160.0
2012-10-19,3.89,3.92,3.91,3.88,27429984.0,107025528.0
2012-10-18,3.86,3.91,3.89,3.85,45943896.0,178405360.0
2012-10-17,3.83,3.86,3.85,3.82,33130220.0,127319512.0
2012-10-16,3.82,3.83,3.82,3.79,24740708.0,94334336.0
2012-10-15,3.84,3.85,3.82,3.8,18025378.0,68957512.0
2012-10-12,3.83,3.85,3.84,3.81,48116864.0,184814624.0
2012-10-11,3.79,3.83,3.82,3.77,28836376.0,109648888.0
2012-10-10,3.81,3.81,3.8,3.78,18519668.0,70342592.0
2012-10-09,3.76,3.83,3.8,3.75,39681936.0,150947568.0
2012-10-08,3.75,3.77,3.75,3.72,24608142.0,92183432.0
2012-09-28,3.7,3.78,3.75,3.68,49966344.0,186697584.0
2012-09-27,3.64,3.8,3.73,3.62,49289264.0,183359776.0
2012-09-26,3.65,3.65,3.64,3.6,19912908.0,72222848.0
2012-09-25,3.63,3.66,3.65,3.61,22093164.0,80247384.0
2012-09-24,3.65,3.67,3.64,3.61,34200116.0,124588040.0
2012-09-21,3.67,3.68,3.66,3.66,20841048.0,76476400.0
2012-09-20,3.69,3.71,3.68,3.67,32979080.0,121536360.0
2012-09-19,3.71,3.72,3.7,3.69,23811980.0,88247296.0
2012-09-18,3.75,3.76,3.7,3.7,18677162.0,69665440.0
2012-09-17,3.78,3.78,3.75,3.75,18643366.0,70213112.0
2012-09-14,3.76,3.79,3.78,3.75,44337184.0,167295136.0
2012-09-13,3.75,3.77,3.75,3.72,21595790.0,80846208.0
2012-09-12,3.78,3.8,3.75,3.73,30446284.0,114282352.0
2012-09-11,3.78,3.79,3.79,3.74,23898608.0,89945264.0
2012-09-10,3.78,3.8,3.8,3.76,30665208.0,116041648.0
2012-09-07,3.71,3.85,3.8,3.71,102545360.0,386825824.0
2012-09-06,3.7,3.72,3.71,3.67,24600546.0,90827048.0
2012-09-05,3.73,3.75,3.7,3.68,31658816.0,117484480.0
2012-09-04,3.76,3.78,3.74,3.72,21838054.0,81777144.0
2012-09-03,3.83,3.84,3.77,3.75,47772068.0,180901712.0
2012-08-31,3.84,3.85,3.82,3.82,21208756.0,81332496.0
2012-08-30,3.81,3.85,3.85,3.81,21460856.0,82170792.0
2012-08-29,3.83,3.85,3.84,3.81,15010929.0,57421956.0
2012-08-28,3.82,3.85,3.85,3.8,31798480.0,121955880.0
2012-08-27,3.8,3.84,3.82,3.78,38475400.0,146900992.0
2012-08-24,3.8,3.82,3.81,3.79,22783686.0,86719904.0
2012-08-23,3.82,3.83,3.81,3.79,34482128.0,131592488.0
2012-08-22,3.82,3.83,3.83,3.79,24056316.0,91688336.0
2012-08-21,3.84,3.86,3.83,3.76,47347236.0,179986544.0
2012-08-20,3.81,3.84,3.84,3.8,16030788.0,61263912.0
2012-08-17,3.8,3.84,3.83,3.8,27871004.0,106822560.0
2012-08-16,3.8,3.83,3.8,3.79,11028523.0,42061500.0
2012-08-15,3.82,3.85,3.8,3.8,24353664.0,93192280.0
2012-08-14,3.83,3.86,3.83,3.82,23057400.0,88538744.0
2012-08-13,3.79,3.83,3.81,3.78,27974404.0,106639880.0
2012-08-10,3.76,3.8,3.79,3.76,20150272.0,76384448.0
2012-08-09,3.78,3.79,3.76,3.75,18648220.0,70300064.0
2012-08-08,3.74,3.8,3.78,3.74,31185708.0,117619976.0
2012-08-07,3.77,3.78,3.74,3.72,39674760.0,148402560.0
2012-08-06,3.79,3.82,3.77,3.76,29804036.0,112852744.0
2012-08-03,3.78,3.81,3.79,3.78,16382239.0,62187880.0
2012-08-02,3.76,3.79,3.78,3.76,22996304.0,86829888.0
2012-08-01,3.75,3.78,3.77,3.74,24970446.0,93978176.0
2012-07-31,3.72,3.76,3.75,3.71,23317648.0,87294920.0
2012-07-30,3.72,3.75,3.71,3.7,25031278.0,93463760.0
2012-07-27,3.68,3.72,3.72,3.67,29330636.0,108580096.0
2012-07-26,3.67,3.68,3.67,3.66,15717093.0,57684880.0
2012-07-25,3.69,3.69,3.67,3.67,12233453.0,45041272.0
2012-07-24,3.71,3.72,3.68,3.67,23071340.0,85107328.0
2012-07-23,3.75,3.76,3.72,3.69,25523592.0,94941488.0
2012-07-20,3.8,3.81,3.77,3.76,18135824.0,68450232.0
2012-07-19,3.83,3.85,3.8,3.78,28108424.0,107000608.0
2012-07-18,3.81,3.84,3.83,3.79,23126860.0,88339832.0
2012-07-17,3.79,3.83,3.81,3.78,22386784.0,85080944.0
2012-07-16,3.77,3.79,3.79,3.76,29301690.0,110606072.0
2012-07-13,3.76,3.78,3.76,3.73,24603368.0,92569664.0
2012-07-12,3.78,3.79,3.75,3.74,46010304.0,173289312.0
2012-07-11,3.79,3.8,3.77,3.75,23297908.0,87878320.0
2012-07-10,3.8,3.85,3.79,3.77,27538312.0,105124864.0
2012-07-09,3.91,3.91,3.8,3.77,40458728.0,156354624.0
2012-07-06,3.92,3.93,3.91,3.89,31327704.0,122387448.0
2012-07-05,3.93,3.95,3.95,3.92,20601672.0,81179160.0
2012-07-04,3.93,3.95,3.94,3.92,19262672.0,75843856.0
2012-07-03,3.94,3.95,3.92,3.92,13098961.0,51542716.0
2012-07-02,3.95,3.96,3.94,3.92,27465364.0,108056664.0
2012-06-29,3.94,3.96,3.95,3.92,34003940.0,133946768.0
2012-06-28,3.94,3.95,3.92,3.91,31671772.0,124597248.0
2012-06-27,3.93,3.95,3.94,3.89,41504776.0,162821424.0
2012-06-26,3.93,3.94,3.93,3.91,21537164.0,84593944.0
2012-06-25,3.91,3.95,3.94,3.9,49675544.0,195029728.0
2012-06-21,3.94,3.95,3.91,3.9,28326220.0,111035280.0
2012-06-20,3.95,3.96,3.94,3.94,25961120.0,102492384.0
2012-06-19,3.94,3.96,3.94,3.93,35917476.0,141802112.0
2012-06-18,3.98,3.99,3.95,3.93,42814420.0,169087056.0
2012-06-15,3.96,3.99,3.98,3.93,47850212.0,189178000.0
2012-06-14,4.0,4.01,3.95,3.93,50272624.0,199176496.0
2012-06-13,4.17,4.21,4.2,4.17,73088968.0,305618848.0
2012-06-12,4.17,4.19,4.17,4.14,44681828.0,185636432.0
2012-06-11,4.17,4.21,4.17,4.16,56448236.0,235713216.0
2012-06-08,4.2,4.2,4.16,4.11,73944248.0,306795744.0
2012-06-07,4.22,4.23,4.19,4.18,31741696.0,133718328.0
2012-06-06,4.2,4.22,4.2,4.19,32607492.0,136998672.0
2012-06-05,4.19,4.24,4.2,4.18,42277100.0,177842656.0
2012-06-04,4.22,4.22,4.17,4.15,59435340.0,249334528.0
2012-06-01,4.21,4.24,4.24,4.18,48006448.0,202763056.0
2012-05-30,4.21,4.25,4.22,4.18,40954884.0,172714848.0
2012-05-29,4.2,4.23,4.22,4.18,38866232.0,163137152.0
2012-05-28,4.18,4.21,4.2,4.16,41465624.0,173467952.0
2012-05-25,4.18,4.2,4.18,4.16,21409312.0,89499728.0
2012-05-24,4.18,4.2,4.19,4.17,33521060.0,140282592.0
2012-05-23,4.22,4.23,4.18,4.17,40892992.0,171658912.0
2012-05-22,4.23,4.24,4.23,4.2,48989888.0,206793360.0
2012-05-21,4.24,4.25,4.23,4.2,39166848.0,165231648.0
2012-05-18,4.32,4.32,4.25,4.22,55289852.0,234981792.0
2012-05-17,4.3,4.34,4.33,4.28,29433412.0,126882736.0
2012-05-16,4.32,4.36,4.3,4.28,59407768.0,256017088.0
2012-05-15,4.36,4.37,4.33,4.32,33980416.0,147366352.0
2012-05-14,4.37,4.4,4.37,4.35,40536680.0,177143152.0
2012-05-11,4.38,4.41,4.36,4.35,33722672.0,147682288.0
2012-05-10,4.4,4.42,4.4,4.38,39506628.0,173921680.0
2012-05-09,4.4,4.43,4.38,4.38,45487360.0,200121216.0
2012-05-08,4.42,4.45,4.42,4.38,64042336.0,282210912.0
2012-05-07,4.39,4.44,4.42,4.38,96959496.0,427790528.0
2012-05-04,4.35,4.39,4.38,4.35,49651640.0,217073664.0
2012-05-03,4.4,4.41,4.36,4.34,66001560.0,287985920.0
2012-05-02,4.4,4.42,4.41,4.38,76211888.0,335249568.0
2012-04-27,4.39,4.39,4.37,4.36,53920712.0,235622160.0
2012-04-26,4.4,4.42,4.39,4.37,38186476.0,167484464.0
2012-04-25,4.4,4.42,4.42,4.38,42632884.0,187475632.0
2012-04-24,4.39,4.44,4.41,4.38,67063704.0,295934336.0
2012-04-23,4.41,4.42,4.39,4.38,43879376.0,193050384.0
2012-04-20,4.35,4.42,4.42,4.35,63181632.0,276647872.0
2012-04-19,4.38,4.38,4.35,4.35,29994718.0,130636112.0
2012-04-18,4.36,4.38,4.38,4.34,46757304.0,204060176.0
2012-04-17,4.36,4.36,4.34,4.32,45788496.0,199154208.0
2012-04-16,4.34,4.37,4.36,4.33,17989584.0,78408240.0
2012-04-13,4.34,4.38,4.36,4.32,42495296.0,184923760.0
2012-04-12,4.29,4.36,4.36,4.26,54566972.0,234907232.0
2012-04-11,4.28,4.31,4.29,4.28,32073610.0,137729936.0
2012-04-10,4.28,4.3,4.29,4.27,27268980.0,116893776.0
2012-04-09,4.29,4.29,4.28,4.26,20037368.0,85691432.0
2012-04-06,4.28,4.3,4.29,4.28,42145644.0,180666528.0
2012-04-05,4.31,4.32,4.3,4.26,82788736.0,354221120.0
2012-03-30,4.3,4.33,4.33,4.28,38033992.0,163907984.0
2012-03-29,4.31,4.32,4.28,4.27,45921920.0,197288032.0
2012-03-28,4.33,4.36,4.31,4.31,44024004.0,190928704.0
2012-03-27,4.32,4.34,4.33,4.31,16655251.0,71991920.0
2012-03-26,4.32,4.33,4.31,4.3,20604952.0,88915456.0
2012-03-23,4.33,4.35,4.3,4.3,38200920.0,165304096.0
2012-03-22,4.31,4.34,4.34,4.31,16159780.0,69813544.0
2012-03-21,4.34,4.35,4.31,4.31,50210368.0,217368864.0
2012-03-20,4.31,4.34,4.32,4.3,25873272.0,111670976.0
2012-03-19,4.32,4.34,4.32,4.31,39108672.0,168915872.0
2012-03-16,4.35,4.35,4.32,4.3,42748096.0,185201776.0
2012-03-15,4.31,4.44,4.31,4.3,99079832.0,432788032.0
2012-03-14,4.35,4.39,4.32,4.3,80563728.0,350335744.0
2012-03-13,4.31,4.36,4.34,4.31,37657420.0,163511648.0
2012-03-12,4.32,4.33,4.33,4.3,43662176.0,188268304.0
2012-03-09,4.34,4.35,4.33,4.32,33195412.0,143711552.0
2012-03-08,4.33,4.34,4.33,4.31,51575444.0,223115520.0
2012-03-07,4.33,4.35,4.32,4.3,61759372.0,267002768.0
2012-03-06,4.38,4.38,4.34,4.34,50760944.0,220957904.0
2012-03-05,4.43,4.44,4.38,4.36,64995752.0,285826592.0
2012-03-02,4.41,4.43,4.43,4.41,60917360.0,269155904.0
2012-03-01,4.43,4.44,4.41,4.4,35902500.0,158769760.0
2012-02-29,4.45,4.45,4.43,4.41,64446500.0,285582688.0
2012-02-28,4.41,4.47,4.45,4.41,69664464.0,309982848.0
2012-02-27,4.43,4.45,4.44,4.41,81628056.0,361904480.0
2012-02-24,4.43,4.45,4.44,4.39,83038240.0,366679936.0
2012-02-22,4.45,4.45,4.44,4.39,72416072.0,320054272.0
2012-02-21,4.4,4.48,4.46,4.39,61505844.0,272759552.0
2012-02-20,4.41,4.42,4.4,4.39,42676368.0,188115008.0
2012-02-17,4.4,4.41,4.39,4.36,33849244.0,148612272.0
2012-02-16,4.37,4.43,4.39,4.34,102940400.0,452172896.0
2012-02-15,4.35,4.4,4.37,4.33,63267208.0,276119104.0
2012-02-14,4.36,4.37,4.35,4.32,62922596.0,272942592.0
2012-02-13,4.37,4.4,4.37,4.35,43943224.0,192106064.0
2012-02-10,4.4,4.44,4.39,4.37,52792904.0,232687168.0
2012-02-09,4.4,4.44,4.42,4.36,83430416.0,367809440.0
2012-02-08,4.33,4.41,4.41,4.33,51248928.0,224270992.0
2012-02-07,4.4,4.41,4.33,4.31,37435436.0,162782720.0
2012-02-06,4.41,4.43,4.41,4.39,49924476.0,220200448.0
2012-02-03,4.37,4.44,4.41,4.34,72800544.0,320007296.0
2012-02-02,4.29,4.41,4.38,4.27,78145816.0,340225696.0
2012-02-01,4.3,4.31,4.28,4.27,20104204.0,86266464.0
2012-01-31,4.28,4.32,4.3,4.28,23989148.0,102990208.0
2012-01-30,4.38,4.39,4.27,4.26,64333724.0,279208832.0
2012-01-20,4.36,4.38,4.36,4.34,65292692.0,284523264.0
2012-01-19,4.31,4.37,4.36,4.3,95901736.0,417484480.0
2012-01-18,4.35,4.36,4.31,4.3,59337116.0,256569952.0
2012-01-17,4.3,4.38,4.36,4.28,53352088.0,230771264.0
2012-01-16,4.33,4.34,4.31,4.3,22890020.0,98830376.0
2012-01-13,4.34,4.38,4.34,4.31,49459440.0,214747744.0
2012-01-12,4.33,4.35,4.33,4.32,30155830.0,130739688.0
2012-01-11,4.35,4.37,4.35,4.3,56123976.0,243353792.0
2012-01-10,4.29,4.37,4.35,4.28,84437968.0,365343680.0
2012-01-09,4.3,4.34,4.31,4.26,57268040.0,246448496.0
2012-01-06,4.27,4.34,4.28,4.26,46107640.0,198133696.0
2012-01-05,4.19,4.3,4.25,4.19,45126180.0,192553056.0
2012-01-04,4.24,4.25,4.22,4.19,21900868.0,92432768.0
2011-12-30,4.2,4.25,4.24,4.19,47705524.0,201713552.0
2011-12-29,4.17,4.23,4.2,4.15,45423476.0,190577408.0
2011-12-28,4.16,4.2,4.19,4.12,46645072.0,193904144.0
2011-12-27,4.16,4.19,4.17,4.15,20140666.0,84042576.0
2011-12-26,4.14,4.18,4.17,4.12,23780180.0,98650656.0
2011-12-23,4.16,4.19,4.17,4.14,16583139.0,69088848.0
2011-12-22,4.13,4.17,4.15,4.11,27221650.0,112662536.0
2011-12-21,4.17,4.18,4.13,4.12,29073050.0,120869560.0
2011-12-20,4.15,4.21,4.15,4.12,28455260.0,118320840.0
2011-12-19,4.14,4.19,4.17,4.06,57578552.0,237184480.0
2011-12-16,4.1,4.17,4.17,4.06,38711560.0,159075712.0
2011-12-15,4.1,4.13,4.11,4.09,49421964.0,203393872.0
2011-12-14,4.12,4.15,4.1,4.1,18109300.0,74552648.0
2011-12-13,4.12,4.16,4.15,4.11,32197964.0,133124744.0
2011-12-12,4.16,4.17,4.12,4.12,22306698.0,92204912.0
2011-12-09,4.15,4.18,4.17,4.14,25467824.0,105948688.0
2011-12-08,4.17,4.19,4.16,4.15,32158496.0,133958536.0
2011-12-07,4.2,4.21,4.17,4.14,43647552.0,182026832.0
2011-12-06,4.26,4.27,4.2,4.19,40982648.0,172459392.0
2011-12-05,4.26,4.29,4.28,4.23,52322628.0,222617488.0
2011-12-02,4.25,4.27,4.25,4.2,25165636.0,106520384.0
2011-12-01,4.25,4.31,4.28,4.22,43781668.0,187261120.0
2011-11-30,4.24,4.25,4.19,4.18,45292092.0,190927280.0
2011-11-28,4.21,4.27,4.23,4.21,17055968.0,72349264.0
2011-11-25,4.26,4.28,4.22,4.2,15367721.0,64909544.0
2011-11-24,4.22,4.29,4.28,4.22,21367926.0,91108288.0
2011-11-23,4.22,4.25,4.24,4.2,23997432.0,101194584.0
2011-11-22,4.25,4.27,4.22,4.22,11889596.0,50344344.0
2011-11-21,4.3,4.3,4.25,4.24,17108208.0,72898208.0
2011-11-18,4.28,4.32,4.3,4.27,29370832.0,125934832.0
2011-11-17,4.28,4.32,4.3,4.26,28493508.0,122483080.0
2011-11-16,4.31,4.32,4.28,4.26,42546824.0,182105904.0
2011-11-15,4.34,4.35,4.32,4.31,28178984.0,121966680.0
2011-11-14,4.3,4.36,4.35,4.29,27003480.0,117220992.0
2011-11-11,4.25,4.33,4.29,4.25,69219432.0,297220352.0
2011-11-10,4.3,4.32,4.24,4.23,105876432.0,453059040.0
2011-11-09,4.35,4.38,4.36,4.33,26424954.0,115078432.0
2011-11-08,4.32,4.35,4.33,4.31,33582460.0,145678080.0
2011-11-07,4.32,4.35,4.31,4.31,21871844.0,94695296.0
2011-11-04,4.35,4.37,4.34,4.32,30882288.0,134530224.0
2011-11-03,4.34,4.36,4.32,4.31,34239568.0,148365024.0
2011-11-02,4.27,4.34,4.32,4.26,36650000.0,157824032.0
2011-11-01,4.31,4.35,4.3,4.29,28705788.0,123792440.0
2011-10-31,4.29,4.35,4.32,4.29,34598748.0,149682608.0
2011-10-28,4.34,4.39,4.3,4.27,60175432.0,260273696.0
2011-10-27,4.28,4.31,4.3,4.25,42841288.0,184148528.0
2011-10-26,4.23,4.29,4.26,4.22,41632116.0,177837616.0
2011-10-25,4.18,4.27,4.24,4.16,55040496.0,232110752.0
2011-10-24,4.15,4.21,4.19,4.14,24966486.0,104478240.0
2011-10-21,4.16,4.19,4.15,4.15,28046064.0,116737976.0
2011-10-20,4.16,4.19,4.16,4.13,43864812.0,182691264.0
2011-10-19,4.17,4.21,4.18,4.16,42389484.0,177427232.0
2011-10-18,4.13,4.17,4.17,4.12,54337936.0,225274688.0
2011-10-17,4.14,4.17,4.15,4.12,30521832.0,126548160.0
2011-10-14,4.1,4.15,4.14,4.08,37591460.0,154736288.0
2011-10-13,4.1,4.14,4.13,4.05,52312816.0,213901744.0
2011-10-12,4.02,4.14,4.12,4.02,90637624.0,371839968.0
2011-10-11,4.13,4.16,4.05,4.02,68141584.0,277602624.0
2011-10-10,3.96,4.0,3.99,3.95,37687192.0,149559376.0
2011-09-30,3.98,4.0,3.98,3.95,25395720.0,101025232.0
2011-09-29,3.99,4.01,3.98,3.96,28014336.0,111827640.0
2011-09-28,4.02,4.04,3.99,3.97,16264599.0,65034280.0
2011-09-27,3.98,4.02,4.0,3.97,30574504.0,122248224.0
2011-09-26,3.98,4.01,3.95,3.94,37657440.0,149636896.0
2011-09-23,4.0,4.07,4.01,3.96,58326224.0,233939008.0
2011-09-22,4.1,4.11,4.0,3.98,43832620.0,177611760.0
2011-09-21,4.09,4.14,4.12,4.06,35791184.0,147043184.0
2011-09-20,4.06,4.1,4.07,4.05,18110484.0,73782224.0
2011-09-19,4.07,4.08,4.07,4.06,17776360.0,72330192.0
2011-09-16,4.11,4.12,4.1,4.06,30132832.0,123262016.0
2011-09-15,4.1,4.11,4.08,4.08,19622512.0,80272104.0
2011-09-14,4.14,4.16,4.09,4.06,34288036.0,140662032.0
2011-09-13,4.14,4.15,4.14,4.12,21831878.0,90345088.0
2011-09-09,4.17,4.19,4.18,4.14,30656376.0,127893080.0
2011-09-08,4.12,4.18,4.15,4.1,51707192.0,214741136.0
2011-09-07,4.08,4.14,4.12,4.07,23535360.0,96765072.0
2011-09-06,4.06,4.09,4.07,4.05,25765076.0,104910336.0
2011-09-05,4.09,4.1,4.08,4.06,29039772.0,118467184.0
2011-09-02,4.13,4.14,4.1,4.09,15032539.0,61806600.0
2011-09-01,4.14,4.15,4.13,4.1,17995038.0,74313016.0
2011-08-31,4.11,4.16,4.14,4.09,23394492.0,96415120.0
2011-08-30,4.11,4.16,4.1,4.09,41678560.0,172066352.0
2011-08-29,4.14,4.14,4.08,4.07,49448732.0,202557600.0
2011-08-26,4.16,4.17,4.16,4.13,42043824.0,174497408.0
2011-08-25,4.08,4.2,4.18,4.07,73698656.0,305451616.0
2011-08-24,4.12,4.12,4.08,4.07,21818192.0,89261296.0
2011-08-23,4.1,4.12,4.11,4.07,20850918.0,85425376.0
2011-08-22,4.13,4.15,4.08,4.07,17677636.0,72500608.0
2011-08-19,4.15,4.15,4.13,4.12,36000816.0,148902096.0
2011-08-18,4.18,4.2,4.18,4.16,33085460.0,138422800.0
2011-08-17,4.16,4.19,4.18,4.15,17290856.0,72274640.0
2011-08-16,4.16,4.2,4.16,4.15,30695312.0,128069016.0
2011-08-15,4.15,4.2,4.19,4.09,65382824.0,270918496.0
2011-08-12,4.18,4.18,4.14,4.12,26972956.0,111748936.0
2011-08-11,4.11,4.19,4.16,4.09,30695176.0,127298440.0
2011-08-10,4.16,4.22,4.15,4.11,75457656.0,314979744.0
2011-08-09,3.99,4.11,4.1,3.94,80950136.0,324950656.0
2011-08-08,4.1,4.11,4.03,4.0,80387080.0,325734752.0
2011-08-05,4.12,4.14,4.11,4.07,68886728.0,282486432.0
2011-08-04,4.19,4.21,4.16,4.14,32572624.0,135822192.0
2011-08-03,4.19,4.2,4.18,4.16,33579256.0,140305728.0
2011-08-02,4.22,4.23,4.2,4.18,24412892.0,102482440.0
2011-08-01,4.24,4.28,4.24,4.22,19907396.0,84517056.0
2011-07-29,4.22,4.29,4.25,4.19,42538432.0,180370112.0
2011-07-28,4.25,4.27,4.2,4.2,35834144.0,151246384.0
2011-07-27,4.27,4.3,4.28,4.25,42983136.0,183557168.0
2011-07-26,4.28,4.31,4.29,4.27,18276500.0,78461664.0
2011-07-25,4.32,4.34,4.29,4.28,26339480.0,113431200.0
2011-07-22,4.36,4.37,4.36,4.34,24496068.0,106620672.0
2011-07-21,4.39,4.39,4.37,4.34,26019938.0,113580552.0
2011-07-20,4.38,4.4,4.37,4.36,45898424.0,201033344.0
2011-07-19,4.35,4.39,4.36,4.34,39547900.0,172770592.0
2011-07-18,4.4,4.4,4.36,4.36,16688084.0,72907640.0
2011-07-15,4.37,4.41,4.4,4.33,29706504.0,130221944.0
2011-07-14,4.33,4.4,4.38,4.32,59830900.0,261025056.0
2011-07-13,4.29,4.36,4.34,4.29,42170020.0,182586656.0
2011-07-12,4.31,4.32,4.29,4.28,37912988.0,162786480.0
2011-07-11,4.33,4.34,4.33,4.31,32508984.0,140630672.0
2011-07-08,4.32,4.36,4.34,4.31,60669704.0,262823840.0
2011-07-07,4.37,4.41,4.31,4.3,62982288.0,273420864.0
2011-07-06,4.41,4.41,4.37,4.32,69625616.0,302222432.0
2011-07-05,4.41,4.45,4.41,4.39,37299484.0,164535904.0
2011-07-04,4.4,4.42,4.42,4.37,46263656.0,203282752.0
2011-07-01,4.47,4.47,4.38,4.36,57180744.0,251296352.0
2011-06-30,4.46,4.5,4.46,4.44,50943440.0,227564976.0
2011-06-29,4.49,4.49,4.46,4.44,62621408.0,279123040.0
2011-06-28,4.49,4.5,4.5,4.46,50391600.0,225883952.0
2011-06-27,4.47,4.5,4.48,4.45,67198776.0,300592160.0
2011-06-24,4.37,4.48,4.48,4.35,82382112.0,365806112.0
2011-06-23,4.31,4.38,4.38,4.3,65156220.0,283637472.0
2011-06-22,4.3,4.34,4.33,4.27,64972340.0,280328160.0
2011-06-21,4.26,4.32,4.3,4.25,45080952.0,193605408.0
2011-06-20,4.28,4.3,4.26,4.24,39065640.0,166774736.0
2011-06-17,4.27,4.34,4.29,4.25,77925000.0,335722144.0
2011-06-16,4.26,4.3,4.28,4.25,41083484.0,175725360.0
2011-06-15,4.29,4.29,4.27,4.25,59822512.0,255673728.0
2011-06-14,4.51,4.53,4.45,4.44,141339168.0,633456000.0
2011-06-13,4.4,4.55,4.52,4.39,69459600.0,311928960.0
2011-06-10,4.38,4.45,4.42,4.36,54683576.0,241657280.0
2011-06-09,4.41,4.42,4.37,4.37,68309688.0,300208576.0
2011-06-08,4.42,4.44,4.42,4.36,43881824.0,193090080.0
2011-06-07,4.39,4.45,4.43,4.38,55585072.0,245953008.0
2011-06-03,4.41,4.43,4.41,4.35,59807752.0,262790752.0
2011-06-02,4.46,4.53,4.44,4.34,106541616.0,470413280.0
2011-06-01,4.53,4.54,4.48,4.44,69731768.0,313236672.0
2011-05-30,4.39,4.58,4.56,4.38,156120416.0,706711552.0
2011-05-27,4.42,4.45,4.39,4.38,57208408.0,252550048.0
2011-05-26,4.38,4.43,4.41,4.37,33435376.0,147305776.0
2011-05-25,4.43,4.44,4.36,4.33,40879864.0,179156288.0
2011-05-24,4.46,4.5,4.44,4.42,54357472.0,242180128.0
2011-05-23,4.54,4.55,4.46,4.43,61993616.0,278059232.0
2011-05-20,4.57,4.6,4.54,4.53,31838664.0,145631840.0
2011-05-19,4.57,4.6,4.57,4.55,25251982.0,115598960.0
2011-05-18,4.51,4.61,4.56,4.49,36478956.0,166137056.0
2011-05-17,4.51,4.53,4.5,4.48,38075888.0,171208208.0
2011-05-16,4.55,4.61,4.51,4.49,51617588.0,234003264.0
2011-05-13,4.49,4.6,4.58,4.49,53605392.0,243930720.0
2011-05-12,4.53,4.55,4.49,4.49,36433800.0,164410032.0
2011-05-11,4.57,4.59,4.54,4.53,33241770.0,151270496.0
2011-05-10,4.58,4.59,4.57,4.55,22212216.0,101607248.0
2011-05-09,4.59,4.6,4.57,4.55,22940320.0,104909200.0
2011-05-06,4.57,4.64,4.58,4.56,51896640.0,239376544.0
2011-05-05,4.52,4.63,4.6,4.49,79671312.0,365212384.0
2011-05-04,4.54,4.59,4.53,4.52,56789912.0,258903360.0
2011-05-03,4.57,4.58,4.57,4.53,28090648.0,127885320.0
2011-04-29,4.6,4.6,4.56,4.51,36274116.0,165209968.0
2011-04-28,4.56,4.67,4.59,4.54,81373520.0,375234272.0
2011-04-27,4.51,4.56,4.54,4.51,52220004.0,237211424.0
2011-04-26,4.49,4.55,4.5,4.48,46434520.0,209697760.0
2011-04-25,4.51,4.55,4.49,4.47,42608084.0,191812272.0
2011-04-22,4.58,4.58,4.54,4.53,26639620.0,121235144.0
2011-04-21,4.58,4.6,4.58,4.56,34920932.0,159960048.0
2011-04-20,4.57,4.61,4.56,4.54,49903504.0,228394064.0
2011-04-19,4.65,4.66,4.56,4.56,55402676.0,254437392.0
2011-04-18,4.68,4.7,4.67,4.66,39856992.0,186304992.0
2011-04-15,4.61,4.7,4.7,4.6,104411792.0,488174624.0
2011-04-14,4.63,4.65,4.63,4.6,61414540.0,284015808.0
2011-04-13,4.59,4.63,4.63,4.55,50714436.0,232646928.0
2011-04-12,4.58,4.63,4.61,4.57,68723976.0,316124288.0
2011-04-11,4.56,4.63,4.59,4.54,76653512.0,352086144.0
2011-04-08,4.57,4.57,4.55,4.53,27544384.0,125348584.0
2011-04-07,4.58,4.6,4.57,4.54,51748684.0,236022784.0
2011-04-06,4.51,4.63,4.58,4.51,83819984.0,384393952.0
2011-04-01,4.49,4.52,4.5,4.45,55309484.0,248482624.0
2011-03-31,4.52,4.54,4.47,4.46,73641608.0,331185440.0
2011-03-30,4.51,4.56,4.52,4.5,91030256.0,413038528.0
2011-03-29,4.5,4.56,4.51,4.49,108353776.0,491231424.0
2011-03-28,4.48,4.53,4.5,4.46,103624648.0,466866336.0
2011-03-25,4.42,4.49,4.46,4.4,100608112.0,449025824.0
2011-03-24,4.4,4.43,4.41,4.37,83052328.0,366882048.0
2011-03-23,4.35,4.42,4.4,4.35,80875064.0,355809216.0
2011-03-22,4.33,4.39,4.36,4.31,73401912.0,319789440.0
2011-03-21,4.28,4.35,4.34,4.26,63911628.0,275293056.0
2011-03-18,4.28,4.33,4.26,4.21,56909640.0,244134608.0
2011-03-17,4.29,4.31,4.27,4.26,45968648.0,196934528.0
2011-03-16,4.26,4.31,4.31,4.26,42748336.0,183157968.0
2011-03-15,4.28,4.29,4.27,4.2,77796056.0,330019712.0
2011-03-14,4.3,4.32,4.29,4.28,45237664.0,194284608.0
2011-03-11,4.35,4.38,4.3,4.29,55984300.0,242418336.0
2011-03-10,4.41,4.42,4.35,4.35,73602728.0,322545952.0
2011-03-09,4.42,4.44,4.42,4.41,60939508.0,269740672.0
2011-03-08,4.4,4.42,4.41,4.38,75368152.0,331720160.0
2011-03-07,4.35,4.41,4.4,4.35,109516432.0,480518816.0
2011-03-04,4.31,4.38,4.35,4.29,94434288.0,408392704.0
2011-03-03,4.28,4.4,4.3,4.26,226024592.0,979734272.0
2011-03-02,4.25,4.31,4.28,4.24,52913088.0,225884960.0
2011-03-01,4.26,4.3,4.27,4.23,37636264.0,160428768.0
2011-02-28,4.27,4.28,4.26,4.23,22824608.0,97078008.0
2011-02-25,4.24,4.29,4.27,4.22,55717816.0,237541408.0
2011-02-24,4.22,4.25,4.24,4.2,44565464.0,187753328.0
2011-02-23,4.22,4.25,4.23,4.2,46146744.0,194978368.0
2011-02-22,4.29,4.3,4.23,4.21,72057408.0,305724704.0
2011-02-21,4.3,4.32,4.3,4.27,55227296.0,237050624.0
2011-02-18,4.33,4.34,4.33,4.3,55107204.0,238005808.0
2011-02-17,4.34,4.36,4.33,4.32,60544856.0,262590160.0
2011-02-16,4.33,4.36,4.34,4.31,103424056.0,447522240.0
2011-02-15,4.37,4.4,4.34,4.33,131231832.0,571473216.0
2011-02-14,4.29,4.38,4.37,4.28,142475680.0,619274432.0
2011-02-11,4.27,4.29,4.29,4.25,52281076.0,223474128.0
2011-02-10,4.23,4.28,4.27,4.22,29389764.0,125022048.0
2011-02-09,4.24,4.29,4.24,4.22,42139560.0,179075984.0
2011-02-01,4.24,4.28,4.26,4.22,32352504.0,137800320.0
2011-01-31,4.21,4.25,4.25,4.19,28038306.0,118514064.0
2011-01-28,4.22,4.24,4.21,4.2,29689134.0,125149704.0
2011-01-27,4.18,4.25,4.24,4.16,58213856.0,244835968.0
2011-01-26,4.19,4.21,4.2,4.18,27888528.0,117116312.0
2011-01-25,4.19,4.22,4.19,4.15,38991636.0,163357712.0
2011-01-24,4.23,4.25,4.19,4.18,31638928.0,133111384.0
2011-01-21,4.15,4.28,4.22,4.14,46051092.0,194385248.0
2011-01-20,4.23,4.23,4.15,4.15,39855248.0,166664432.0
2011-01-19,4.23,4.26,4.23,4.2,41352176.0,174801520.0
2011-01-18,4.21,4.26,4.26,4.18,52465824.0,221088544.0
2011-01-17,4.31,4.33,4.23,4.17,76630960.0,323945824.0
2011-01-14,4.32,4.37,4.35,4.3,73508208.0,319137952.0
2011-01-13,4.3,4.35,4.34,4.28,91422152.0,394631936.0
2011-01-12,4.26,4.3,4.29,4.25,58418096.0,249964208.0
2011-01-11,4.24,4.28,4.26,4.23,57881660.0,246676192.0
2011-01-10,4.26,4.31,4.24,4.23,112870448.0,480637184.0
2011-01-07,4.17,4.3,4.3,4.13,191327072.0,812543360.0
2011-01-06,4.18,4.21,4.16,4.15,57509796.0,240061296.0
2011-01-05,4.22,4.24,4.19,4.17,67185968.0,282113472.0
2011-01-04,4.24,4.25,4.24,4.18,49201080.0,207611088.0
