date,open,high,close,low,volume,amount
2015-12-31,4.26,4.29,4.24,4.24,124276693.0,529781494.0
2015-12-30,4.27,4.27,4.26,4.22,82027933.0,348227689.0
2015-12-29,4.22,4.27,4.26,4.21,84053328.0,356253044.0
2015-12-28,4.34,4.35,4.22,4.21,202330024.0,866611621.0
2015-12-25,4.34,4.36,4.34,4.3,113135275.0,490214222.0
2015-12-24,4.37,4.38,4.33,4.27,204391584.0,884696960.0
2015-12-23,4.34,4.45,4.37,4.32,301723616.0,1319912192.0
2015-12-22,4.38,4.4,4.35,4.31,211746945.0,920445432.0
2015-12-21,4.26,4.44,4.4,4.25,332711648.0,1449671680.0
2015-12-18,4.27,4.43,4.3,4.24,260338160.0,1125881344.0
2015-12-17,4.25,4.3,4.27,4.24,178197072.0,760528576.0
2015-12-16,4.24,4.27,4.24,4.22,98505744.0,418246272.0
2015-12-15,4.31,4.36,4.23,4.23,139956176.0,598140736.0
2015-12-14,4.2,4.38,4.33,4.18,169645360.0,725636032.0
2015-12-11,4.26,4.27,4.24,4.19,105220968.0,444900704.0
2015-12-10,4.29,4.36,4.27,4.24,98419944.0,423178240.0
2015-12-09,4.25,4.32,4.3,4.24,74045637.0,317794647.0
2015-12-08,4.34,4.34,4.28,4.26,101364992.0,434914880.0
2015-12-07,4.41,4.43,4.36,4.34,78537479.0,343274436.0
2015-12-04,4.49,4.49,4.4,4.36,164894864.0,727890368.0
2015-12-03,4.47,4.62,4.54,4.42,324177576.0,1470488961.0
2015-12-02,4.22,4.54,4.5,4.22,302768192.0,1334788352.0
2015-12-01,4.31,4.33,4.25,4.21,118280424.0,502894364.0
2015-11-30,4.21,4.35,4.33,4.19,170439328.0,728346560.0
2015-11-27,4.42,4.43,4.22,4.16,174853216.0,751438848.0
2015-11-26,4.44,4.49,4.44,4.44,123388168.0,551104896.0
2015-11-25,4.39,4.48,4.44,4.37,111249824.0,491261728.0
2015-11-24,4.4,4.43,4.41,4.37,94863552.0,416670208.0
2015-11-23,4.45,4.47,4.42,4.4,107152064.0,475669024.0
2015-11-20,4.49,4.52,4.46,4.43,143867376.0,643412160.0
2015-11-19,4.51,4.53,4.51,4.45,166046976.0,744845376.0
2015-11-18,4.47,4.64,4.49,4.35,278717248.0,1253061376.0
2015-11-17,4.46,4.57,4.47,4.42,267781856.0,1206966016.0
2015-11-16,4.35,4.49,4.43,4.32,175890576.0,780629568.0
2015-11-13,4.4,4.49,4.38,4.37,162872304.0,720853440.0
2015-11-12,4.55,4.57,4.45,4.43,173889840.0,777342976.0
2015-11-11,4.6,4.6,4.54,4.48,247251632.0,1120491008.0
2015-11-10,4.6,4.73,4.62,4.55,528810752.0,2443121152.0
2015-11-09,4.43,4.76,4.75,4.42,831468288.0,3908443136.0
2015-11-06,4.25,4.34,4.33,4.2,259491584.0,1107948544.0
2015-11-05,4.11,4.38,4.28,4.1,417298848.0,1786314624.0
2015-11-04,3.98,4.15,4.14,3.98,166444496.0,679193792.0
2015-11-03,4.04,4.05,3.98,3.96,92675024.0,371970624.0
2015-11-02,4.09,4.11,4.04,4.03,70370144.0,287350016.0
2015-10-30,4.1,4.14,4.11,4.08,82462544.0,338841728.0
2015-10-29,4.12,4.13,4.11,4.1,76190912.0,313279712.0
2015-10-28,4.12,4.17,4.13,4.11,112543568.0,465794880.0
2015-10-27,4.16,4.17,4.14,4.11,95923384.0,396785056.0
2015-10-26,4.19,4.21,4.17,4.16,132731256.0,555899968.0
2015-10-23,4.18,4.19,4.17,4.14,147938736.0,616308480.0
2015-10-22,4.16,4.27,4.2,4.13,218857488.0,915858176.0
2015-10-21,4.08,4.49,4.33,4.05,362892800.0,1506431744.0
2015-10-20,4.08,4.1,4.09,4.05,82127304.0,334340064.0
2015-10-19,4.11,4.13,4.09,4.06,113318928.0,464562336.0
2015-10-16,4.07,4.13,4.1,4.05,150060144.0,613777792.0
2015-10-15,3.99,4.07,4.05,3.99,92942896.0,375205888.0
2015-10-14,4.01,4.05,4.0,4.0,73773288.0,296908864.0
2015-10-13,4.08,4.08,4.04,4.01,97834376.0,395465792.0
2015-10-12,3.98,4.12,4.08,3.96,138730928.0,561462912.0
2015-10-09,3.93,3.98,3.96,3.93,85025408.0,336448704.0
2015-10-08,3.98,4.0,3.94,3.93,79912952.0,316214208.0
2015-09-30,3.87,3.94,3.88,3.85,56607200.0,221075072.0
2015-09-29,3.94,3.99,3.89,3.87,78150696.0,305926624.0
2015-09-28,3.99,4.06,4.01,3.95,104352248.0,417090400.0
2015-09-11,4.17,4.19,4.15,4.09,88145552.0,365903488.0
2015-09-10,4.12,4.21,4.19,4.11,142684320.0,595473856.0
2015-09-09,4.11,4.19,4.16,4.09,160766496.0,666866304.0
2015-09-08,3.99,4.26,4.15,3.96,204081648.0,843289088.0
2015-09-07,4.25,4.29,4.03,4.0,270674560.0,1127516416.0
2015-09-02,4.12,4.43,4.38,4.08,797648448.0,3431286784.0
2015-09-01,4.03,4.43,4.29,3.95,650298560.0,2738933760.0
2015-08-31,3.82,4.22,4.21,3.68,472670752.0,1840134016.0
2015-08-28,3.83,3.86,3.84,3.72,391469280.0,1489503616.0
2015-08-27,3.57,3.8,3.79,3.46,392916192.0,1414470272.0
2015-08-26,3.4,3.63,3.48,3.34,423200864.0,1471841920.0
2015-08-25,3.55,3.74,3.34,3.33,407408352.0,1434886144.0
2015-08-24,3.99,4.02,3.7,3.67,436024736.0,1649208960.0
2015-08-21,4.12,4.2,4.08,4.05,205756496.0,849604608.0
2015-08-20,4.28,4.34,4.2,4.18,200516784.0,856049600.0
2015-08-19,4.21,4.28,4.24,4.07,269779072.0,1127565824.0
2015-08-18,4.47,4.53,4.24,4.23,285165824.0,1258171776.0
2015-08-17,4.52,4.53,4.47,4.44,227855728.0,1017629632.0
2015-08-14,4.57,4.58,4.54,4.52,172986128.0,785774720.0
2015-08-13,4.56,4.61,4.56,4.5,170153360.0,773856960.0
2015-08-12,4.58,4.6,4.53,4.53,167329632.0,763892672.0
2015-08-11,4.65,4.68,4.62,4.6,194897136.0,902902144.0
2015-08-10,4.56,4.7,4.68,4.51,255964912.0,1181686016.0
2015-08-07,4.55,4.59,4.55,4.51,132147688.0,602346176.0
2015-08-06,4.5,4.58,4.51,4.48,104527976.0,474031040.0
2015-08-05,4.65,4.65,4.55,4.54,141558640.0,651517248.0
2015-08-04,4.62,4.66,4.65,4.53,172282656.0,793478016.0
2015-08-03,4.51,4.65,4.63,4.45,255111568.0,1160382336.0
2015-07-31,4.55,4.58,4.54,4.48,228892288.0,1034609536.0
2015-07-30,4.71,4.74,4.58,4.57,239685872.0,1116472192.0
2015-07-29,4.7,4.73,4.7,4.6,278591104.0,1294242560.0
2015-07-28,4.55,4.84,4.69,4.55,455416160.0,2136368256.0
2015-07-27,5.1,5.15,4.65,4.64,471005728.0,2329380608.0
2015-07-24,5.22,5.25,5.16,5.14,312651968.0,1627325952.0
2015-07-23,5.13,5.23,5.2,5.13,294767328.0,1530798976.0
2015-07-22,5.2,5.24,5.15,5.14,319212672.0,1652830976.0
2015-07-21,5.25,5.34,5.24,5.22,299698560.0,1576725632.0
2015-07-20,5.36,5.37,5.29,5.27,341044352.0,1808935936.0
2015-07-17,5.38,5.4,5.38,5.26,415598048.0,2216121088.0
2015-07-16,5.52,5.55,5.37,5.32,415323328.0,2248503296.0
2015-07-15,5.35,5.57,5.52,5.29,656331328.0,3560254720.0
2015-07-14,5.43,5.5,5.37,5.2,648801792.0,3457816576.0
2015-07-13,5.6,5.7,5.53,5.49,788316224.0,4393407488.0
2015-07-10,5.56,6.1,5.79,5.42,1227686144.0,7204992512.0
2015-07-09,5.48,5.91,5.71,5.15,1097003904.0,6125029888.0
2015-07-08,5.38,5.88,5.48,5.13,1722092928.0,9517048832.0
2015-07-07,5.15,5.72,5.7,5.08,1673943680.0,9153559552.0
2015-07-06,5.19,5.24,5.21,5.01,1143464960.0,5854685696.0
2015-07-03,5.12,5.19,4.78,4.68,761570624.0,3758563328.0
2015-07-02,5.21,5.29,5.12,4.91,797975488.0,4090835712.0
2015-07-01,5.3,5.43,5.15,5.13,722392384.0,3812503552.0
2015-06-30,5.05,5.43,5.36,5.0,968001024.0,5051632640.0
2015-06-29,5.19,5.25,5.05,4.69,855951680.0,4330543104.0
2015-06-26,5.25,5.48,5.05,4.86,801656640.0,4155301120.0
2015-06-25,5.75,5.75,5.39,5.37,787577600.0,4408046592.0
2015-06-24,5.43,5.59,5.57,5.33,652698944.0,3548130048.0
2015-06-23,5.3,5.46,5.43,5.13,574722816.0,3062900736.0
2015-06-19,5.61,5.71,5.31,5.24,598684288.0,3311342336.0
2015-06-18,5.91,5.93,5.6,5.56,797615104.0,4609259520.0
2015-06-17,6.03,6.12,6.02,5.92,921973952.0,5565755392.0
2015-06-16,5.96,6.12,5.94,5.89,725755712.0,4365666304.0
2015-06-15,6.22,6.23,6.0,5.98,904016896.0,5511062528.0
2015-06-12,5.99,6.27,6.22,5.88,979789632.0,5900472832.0
2015-06-11,6.03,6.08,5.95,5.89,617441856.0,3677023744.0
2015-06-10,6.12,6.19,6.05,6.03,917542272.0,5581552640.0
2015-06-09,6.38,6.5,6.25,6.12,1291104768.0,8127568384.0
2015-06-08,5.96,6.45,6.38,5.89,1800115328.0,11165820928.0
2015-06-05,6.22,6.28,5.93,5.81,1599579904.0,9552553984.0
2015-06-04,5.62,6.15,6.1,5.53,1904745984.0,11200745472.0
2015-06-03,5.54,5.6,5.59,5.38,1208459136.0,6662374912.0
2015-06-02,5.45,5.76,5.74,5.37,1423478656.0,7972998656.0
2015-06-01,5.18,5.48,5.47,5.11,721471808.0,3847525632.0
2015-05-29,5.16,5.26,5.17,5.06,555274176.0,2872769792.0
2015-05-28,5.48,5.53,5.16,5.1,750861504.0,4045107968.0
2015-05-27,5.54,5.59,5.49,5.45,620136960.0,3412641536.0
2015-05-26,5.55,5.56,5.55,5.43,764822464.0,4199991808.0
2015-05-25,5.49,5.55,5.53,5.43,792658112.0,4358256640.0
2015-05-22,5.25,5.46,5.41,5.22,748336576.0,4002078976.0
2015-05-21,5.22,5.25,5.22,5.16,361782400.0,1883492992.0
2015-05-20,5.23,5.32,5.2,5.16,547944384.0,2870238208.0
2015-05-19,5.03,5.29,5.23,5.03,483126752.0,2505723648.0
2015-05-18,5.1,5.16,5.07,5.05,327775328.0,1667886080.0
2015-05-15,5.33,5.36,5.16,5.12,446420256.0,2334078976.0
2015-05-14,5.35,5.39,5.29,5.27,449292000.0,2392576256.0
2015-05-13,5.47,5.5,5.31,5.27,581559872.0,3132210944.0
2015-05-12,5.4,5.49,5.42,5.33,796763072.0,4319926272.0
2015-05-11,5.13,5.49,5.42,5.03,834944512.0,4380930560.0
2015-05-08,5.12,5.18,5.13,5.01,389106176.0,1989211904.0
2015-05-07,5.17,5.25,5.08,5.06,412814112.0,2119665920.0
2015-05-06,5.27,5.37,5.17,5.11,561467072.0,2957980928.0
2015-05-05,5.45,5.47,5.22,5.11,797506304.0,4228236288.0
2015-05-04,5.54,5.56,5.49,5.39,570995392.0,3122557184.0
2015-04-30,5.68,5.74,5.55,5.53,632871232.0,3544369920.0
2015-04-29,5.58,5.79,5.67,5.56,856647040.0,4852688384.0
2015-04-28,5.43,5.94,5.76,5.42,1952947712.0,11196266496.0
2015-04-27,5.22,5.4,5.4,5.22,748863296.0,3988476160.0
2015-04-24,5.28,5.32,5.21,5.15,777704256.0,4067746560.0
2015-04-23,5.48,5.51,5.39,5.33,713349184.0,3871065344.0
2015-04-22,5.43,5.48,5.48,5.38,796463360.0,4328044032.0
2015-04-21,5.32,5.43,5.41,5.29,650617344.0,3487672064.0
2015-04-20,5.69,5.69,5.36,5.3,1177751552.0,6493363200.0
2015-04-17,5.69,5.74,5.61,5.57,845840384.0,4774417920.0
2015-04-16,5.38,5.6,5.59,5.34,843999040.0,4645383680.0
2015-04-15,5.43,5.59,5.45,5.37,874713280.0,4825820672.0
2015-04-14,5.44,5.55,5.45,5.31,778103232.0,4218887936.0
2015-04-13,5.47,5.54,5.45,5.34,973756672.0,5301711872.0
2015-04-10,5.12,5.37,5.34,5.09,1026017600.0,5394876416.0
2015-04-09,5.26,5.41,5.15,5.12,1139642752.0,5963398144.0
2015-04-08,5.09,5.31,5.25,5.06,1353130112.0,7030077952.0
2015-04-07,4.92,5.1,5.05,4.85,1239165696.0,6158789632.0
2015-04-03,4.76,4.86,4.83,4.73,584446720.0,2812883456.0
2015-04-02,4.85,4.92,4.81,4.73,628863168.0,3023583488.0
2015-04-01,4.73,4.95,4.83,4.67,764892160.0,3686584064.0
2015-03-31,4.95,5.02,4.73,4.72,1012160192.0,4942957056.0
2015-03-30,4.8,4.92,4.86,4.67,1236852864.0,5954427392.0
2015-03-27,4.54,4.75,4.63,4.47,765782592.0,3553378560.0
2015-03-26,4.49,4.61,4.54,4.42,481678112.0,2183268608.0
2015-03-25,4.66,4.68,4.53,4.48,681572672.0,3108928000.0
2015-03-24,4.74,4.82,4.68,4.64,811452032.0,3809886976.0
2015-03-23,4.76,4.83,4.75,4.71,713914432.0,3404118528.0
2015-03-20,4.68,4.84,4.72,4.6,926002560.0,4364316160.0
2015-03-19,4.76,4.77,4.7,4.65,913925376.0,4294823936.0
2015-03-18,4.47,4.85,4.84,4.44,1477495296.0,6869717504.0
2015-03-17,4.51,4.59,4.42,4.35,1060597632.0,4700220416.0
2015-03-16,4.23,4.26,4.24,4.17,480245472.0,2029502464.0
2015-03-13,4.19,4.3,4.2,4.16,579022848.0,2449672704.0
2015-03-12,4.1,4.28,4.19,4.06,846851008.0,3532594176.0
2015-03-11,4.02,4.1,4.03,4.01,278088512.0,1127185024.0
2015-03-10,4.06,4.07,4.01,3.99,355677728.0,1431132416.0
2015-03-09,3.92,4.15,4.1,3.86,657312832.0,2647640832.0
2015-03-06,3.88,3.93,3.89,3.86,191596928.0,747122240.0
2015-03-05,3.95,3.96,3.88,3.85,318441696.0,1238778240.0
2015-03-04,4.0,4.01,3.97,3.95,228500784.0,908229696.0
2015-03-03,4.1,4.11,3.99,3.98,371396544.0,1497622528.0
2015-03-02,4.12,4.14,4.13,4.08,356823744.0,1464203392.0
2015-02-27,4.14,4.16,4.11,4.08,262467776.0,1081607808.0
2015-02-26,4.04,4.15,4.14,4.0,320778432.0,1310528384.0
2015-02-25,4.09,4.1,4.04,4.02,185181712.0,751306752.0
2015-02-17,4.09,4.14,4.09,4.08,163670912.0,672067520.0
2015-02-16,4.1,4.1,4.08,4.06,193391376.0,788531328.0
2015-02-13,4.1,4.18,4.11,4.08,304667104.0,1257178496.0
2015-02-12,4.11,4.13,4.1,4.04,162130720.0,661186752.0
2015-02-11,4.12,4.13,4.1,4.06,198021824.0,809165184.0
2015-02-10,3.98,4.16,4.12,3.95,363269088.0,1481766784.0
2015-02-09,3.95,4.03,3.97,3.87,262571664.0,1037469632.0
2015-02-06,4.0,4.06,3.95,3.89,303198464.0,1210351232.0
2015-02-05,4.25,4.27,4.03,4.03,508076000.0,2115313024.0
2015-02-04,4.14,4.18,4.05,4.04,275014048.0,1131327104.0
2015-02-03,4.05,4.14,4.13,4.0,328221760.0,1334486528.0
2015-02-02,4.08,4.09,4.0,3.99,353465312.0,1427367424.0
2015-01-30,4.21,4.24,4.17,4.14,258056496.0,1081725952.0
2015-01-29,4.2,4.22,4.18,4.13,356719360.0,1489314176.0
2015-01-28,4.26,4.35,4.26,4.21,352135328.0,1503472896.0
2015-01-27,4.4,4.42,4.3,4.22,446968384.0,1921217408.0
2015-01-26,4.44,4.44,4.39,4.33,352499232.0,1540968448.0
2015-01-23,4.45,4.54,4.44,4.41,542072512.0,2425639424.0
2015-01-22,4.48,4.48,4.44,4.38,475151232.0,2107715456.0
2015-01-21,4.31,4.53,4.5,4.24,711455424.0,3127699200.0
2015-01-20,4.27,4.39,4.28,4.18,715350144.0,3066006272.0
2015-01-19,4.48,4.56,4.36,4.36,748381824.0,3326626048.0
2015-01-16,4.86,4.92,4.84,4.75,771858368.0,3744094208.0
2015-01-15,4.65,4.81,4.8,4.58,573354240.0,2697656576.0
2015-01-14,4.6,4.73,4.64,4.58,464596896.0,2162181888.0
2015-01-13,4.51,4.63,4.56,4.51,317244672.0,1447894016.0
2015-01-12,4.56,4.65,4.52,4.48,478261824.0,2178732032.0
2015-01-09,4.52,4.85,4.6,4.48,808903424.0,3779071744.0
2015-01-08,4.75,4.79,4.55,4.52,562565952.0,2600012288.0
2015-01-07,4.75,4.85,4.76,4.68,633742272.0,3009661184.0
2015-01-06,4.83,5.05,4.83,4.8,917545088.0,4483556352.0
2015-01-05,4.92,5.1,4.92,4.85,1153340416.0,5716280320.0
2014-12-31,4.78,4.96,4.88,4.66,1212742656.0,5856748544.0
2014-12-30,4.52,4.89,4.84,4.46,1479431552.0,6942062592.0
2014-12-29,4.67,4.76,4.49,4.38,1290297344.0,5956511744.0
2014-12-26,4.25,4.55,4.5,4.23,1161351808.0,5120089088.0
2014-12-25,4.1,4.27,4.23,4.05,704721280.0,2940226560.0
2014-12-24,4.26,4.31,4.04,3.97,743404096.0,3055182336.0
2014-12-23,4.44,4.52,4.24,4.2,823888000.0,3605604864.0
2014-12-22,4.36,4.69,4.53,4.31,1572329088.0,7127351296.0
2014-12-19,4.24,4.44,4.35,4.15,909291904.0,3928742656.0
2014-12-18,4.45,4.45,4.23,4.18,850964800.0,3654752768.0
2014-12-17,4.15,4.48,4.38,4.08,1593458432.0,6790768128.0
2014-12-16,3.83,4.11,4.1,3.81,841574016.0,3328970752.0
2014-12-15,3.85,3.86,3.84,3.74,514061824.0,1951344128.0
2014-12-12,3.96,4.03,3.91,3.87,576045696.0,2273708032.0
2014-12-11,3.98,4.11,3.96,3.92,795220864.0,3188417536.0
2014-12-10,4.03,4.15,4.09,3.72,1147752448.0,4538194432.0
2014-12-09,4.29,4.65,4.0,3.82,1673458048.0,7309108224.0
2014-12-08,4.11,4.34,4.24,4.0,1306499328.0,5450406400.0
2014-12-05,4.26,4.52,4.23,4.08,1500647424.0,6420197376.0
2014-12-04,4.0,4.25,4.24,3.9,1327723648.0,5402773504.0
2014-12-03,4.16,4.28,4.0,3.95,1401740288.0,5789149696.0
2014-12-02,3.86,4.29,4.2,3.77,1304267520.0,5200087552.0
2014-12-01,3.95,4.18,3.91,3.82,1511237120.0,6018227712.0
2014-11-28,3.51,3.8,3.8,3.43,1455532032.0,5341157376.0
2014-11-27,3.22,3.5,3.45,3.22,1230706560.0,4137758720.0
2014-11-26,3.0,3.29,3.2,2.99,806361344.0,2544822016.0
2014-11-25,2.94,2.99,2.99,2.9,298391616.0,878253184.0
2014-11-24,2.88,2.99,2.94,2.8,456785824.0,1336856704.0
2014-11-21,2.88,2.95,2.93,2.85,229378688.0,666043584.0
2014-11-20,2.86,2.9,2.88,2.86,145489392.0,418374720.0
2014-11-19,2.89,2.9,2.88,2.85,183054864.0,525655456.0
2014-11-18,2.99,2.99,2.9,2.87,290713440.0,846617152.0
2014-11-17,3.12,3.13,2.98,2.97,236918448.0,715986432.0
2014-11-14,3.06,3.07,3.03,2.99,214610144.0,648153664.0
2014-11-13,3.1,3.16,3.06,3.03,332133664.0,1028712704.0
2014-11-12,3.05,3.09,3.09,3.01,259348064.0,791710912.0
2014-11-11,3.0,3.2,3.08,3.0,967164032.0,2999122432.0
2014-11-10,2.92,3.0,2.97,2.92,392941088.0,1160207360.0
2014-11-07,2.87,2.98,2.89,2.85,365919008.0,1065801216.0
2014-11-06,2.88,2.9,2.87,2.85,155174784.0,445221568.0
2014-11-05,2.91,2.92,2.87,2.84,277295904.0,795644160.0
2014-11-04,2.92,2.94,2.91,2.89,250215392.0,729100736.0
2014-11-03,2.99,3.0,2.93,2.9,388155296.0,1139611904.0
2014-10-31,2.81,3.01,2.98,2.8,793932608.0,2305152256.0
2014-10-30,2.69,2.81,2.81,2.67,395671584.0,1087872384.0
2014-10-29,2.66,2.7,2.69,2.64,150854160.0,402431648.0
2014-10-28,2.62,2.66,2.65,2.62,88497768.0,233316032.0
2014-10-27,2.65,2.66,2.62,2.61,86975384.0,228547312.0
2014-10-24,2.67,2.67,2.65,2.65,66828168.0,177738912.0
2014-10-23,2.69,2.71,2.66,2.65,119900520.0,321357440.0
2014-10-22,2.69,2.71,2.69,2.68,85584688.0,230787968.0
2014-10-21,2.71,2.72,2.69,2.68,65835480.0,177634976.0
2014-10-20,2.71,2.73,2.71,2.69,102419832.0,277488032.0
2014-10-17,2.71,2.72,2.7,2.68,155063072.0,418363552.0
2014-10-16,2.7,2.78,2.73,2.69,254522016.0,696552704.0
2014-10-15,2.71,2.74,2.72,2.68,147855232.0,400350528.0
2014-10-14,2.73,2.74,2.71,2.7,120923512.0,328691616.0
2014-10-13,2.75,2.76,2.74,2.71,101589440.0,277250752.0
2014-10-10,2.76,2.77,2.75,2.74,116107488.0,320145440.0
2014-10-09,2.77,2.79,2.77,2.76,87555704.0,243025360.0
2014-10-08,2.77,2.78,2.78,2.75,97706480.0,270189472.0
2014-09-30,2.77,2.78,2.77,2.76,86326080.0,239019792.0
2014-09-29,2.76,2.78,2.78,2.76,119584528.0,330949984.0
2014-09-26,2.75,2.77,2.76,2.74,64198604.0,176894128.0
2014-09-25,2.77,2.79,2.76,2.75,122566976.0,339477440.0
2014-09-24,2.71,2.78,2.77,2.71,149729744.0,411991168.0
2014-09-23,2.69,2.73,2.73,2.68,91271736.0,247191808.0
2014-09-22,2.77,2.77,2.69,2.67,162755120.0,442563456.0
2014-09-19,2.76,2.79,2.78,2.74,150017504.0,414960064.0
2014-09-18,2.73,2.83,2.77,2.72,222187184.0,614993856.0
2014-09-17,2.75,2.75,2.74,2.71,165339648.0,451975424.0
2014-09-16,2.72,2.84,2.75,2.7,307528160.0,851143168.0
2014-09-15,2.74,2.74,2.71,2.7,94742352.0,257554016.0
2014-09-12,2.71,2.74,2.74,2.71,75103296.0,204511568.0
2014-09-11,2.71,2.75,2.72,2.71,94560744.0,257790288.0
2014-09-10,2.72,2.73,2.72,2.7,96417696.0,261731936.0
2014-09-09,2.75,2.75,2.73,2.71,110235872.0,300735904.0
2014-09-05,2.74,2.76,2.75,2.73,125869808.0,345617856.0
2014-09-04,2.72,2.74,2.73,2.69,106019936.0,287943680.0
2014-09-03,2.69,2.73,2.71,2.69,110497360.0,299902976.0
2014-09-02,2.66,2.7,2.68,2.64,121363544.0,323335072.0
2014-09-01,2.66,2.67,2.65,2.64,106063216.0,281656384.0
2014-08-29,2.64,2.67,2.67,2.63,47752540.0,126590624.0
2014-08-28,2.66,2.67,2.62,2.62,81728192.0,216859680.0
2014-08-27,2.68,2.69,2.67,2.66,60494736.0,161722816.0
2014-08-26,2.67,2.69,2.68,2.66,70701064.0,189272432.0
2014-08-25,2.69,2.7,2.68,2.67,74737576.0,200272512.0
2014-08-22,2.67,2.7,2.69,2.66,67958640.0,182594560.0
2014-08-21,2.7,2.71,2.67,2.65,108987480.0,291575232.0
2014-08-20,2.71,2.71,2.7,2.68,112490096.0,303464704.0
2014-08-19,2.72,2.73,2.71,2.7,80814936.0,219051632.0
2014-08-18,2.72,2.74,2.72,2.71,63694528.0,173452544.0
2014-08-15,2.71,2.74,2.72,2.69,76946784.0,209085120.0
2014-08-14,2.73,2.74,2.71,2.71,79112072.0,215530720.0
2014-08-13,2.74,2.76,2.74,2.72,93536600.0,255738768.0
2014-08-12,2.76,2.76,2.74,2.72,108891656.0,297987456.0
2014-08-11,2.72,2.77,2.76,2.72,117513216.0,323794112.0
2014-08-08,2.69,2.74,2.72,2.68,116765544.0,316634848.0
2014-08-07,2.74,2.75,2.69,2.69,136971040.0,372389248.0
2014-08-06,2.75,2.75,2.74,2.68,169205616.0,460752864.0
2014-08-05,2.75,2.78,2.76,2.73,211714448.0,583160512.0
2014-08-04,2.8,2.84,2.78,2.74,529921824.0,1478527744.0
2014-08-01,2.61,2.77,2.66,2.6,457601856.0,1233234816.0
2014-07-31,2.59,2.62,2.62,2.58,154107296.0,401080480.0
2014-07-30,2.62,2.66,2.59,2.59,218867952.0,573039104.0
2014-07-29,2.6,2.65,2.63,2.58,225198592.0,589915328.0
2014-07-28,2.5,2.63,2.6,2.5,347651904.0,898446336.0
2014-07-25,2.47,2.5,2.49,2.47,116360208.0,288732640.0
2014-07-24,2.42,2.48,2.47,2.42,189680256.0,465857344.0
2014-07-23,2.41,2.43,2.42,2.4,109969104.0,265908080.0
2014-07-22,2.4,2.42,2.41,2.39,96505232.0,232468784.0
2014-07-21,2.4,2.41,2.41,2.39,63888040.0,153246192.0
2014-07-18,2.39,2.41,2.39,2.39,80460936.0,192873248.0
2014-07-17,2.4,2.41,2.39,2.39,87970520.0,210858432.0
2014-07-16,2.55,2.56,2.56,2.54,116722144.0,297994752.0
2014-07-15,2.54,2.56,2.56,2.53,94438304.0,240372688.0
2014-07-14,2.54,2.55,2.55,2.52,96023464.0,243345200.0
2014-07-11,2.54,2.56,2.53,2.53,78875416.0,200711072.0
2014-07-10,2.54,2.55,2.54,2.53,56206448.0,142818928.0
2014-07-09,2.56,2.57,2.53,2.53,109096872.0,277859680.0
2014-07-08,2.56,2.57,2.56,2.55,55503744.0,142053568.0
2014-07-07,2.56,2.57,2.56,2.55,41943132.0,107462048.0
2014-07-04,2.55,2.57,2.56,2.54,71162568.0,182087008.0
2014-07-03,2.54,2.56,2.55,2.53,59379868.0,151315200.0
2014-07-02,2.55,2.55,2.54,2.53,48572728.0,123418064.0
2014-07-01,2.55,2.56,2.55,2.53,42025224.0,106822304.0
2014-06-30,2.53,2.56,2.54,2.52,61955344.0,157649408.0
2014-06-27,2.52,2.54,2.53,2.52,58801000.0,148467872.0
2014-06-26,2.53,2.54,2.53,2.52,56357796.0,142634272.0
2014-06-25,2.53,2.53,2.52,2.51,59025168.0,148541376.0
2014-06-24,2.51,2.54,2.53,2.51,46863508.0,118369544.0
2014-06-23,2.51,2.53,2.51,2.5,53618884.0,134920656.0
2014-06-20,2.48,2.52,2.5,2.48,63093380.0,157739488.0
2014-06-19,2.49,2.51,2.48,2.48,95646000.0,238969984.0
2014-06-18,2.55,2.55,2.5,2.48,184349824.0,463660992.0
2014-06-17,2.56,2.57,2.55,2.54,71747464.0,183207088.0
2014-06-16,2.53,2.58,2.58,2.52,137573456.0,351355680.0
2014-06-13,2.49,2.54,2.54,2.49,115193680.0,290583456.0
2014-06-12,2.49,2.5,2.5,2.48,57977100.0,144601408.0
2014-06-11,2.5,2.5,2.49,2.48,74072504.0,184436208.0
2014-06-10,2.48,2.5,2.5,2.47,81835616.0,203484256.0
2014-06-09,2.47,2.5,2.48,2.46,68963328.0,171290144.0
2014-06-06,2.48,2.49,2.47,2.46,48277472.0,119532032.0
2014-06-05,2.46,2.49,2.48,2.46,60735756.0,150298208.0
2014-06-04,2.48,2.49,2.46,2.45,96101720.0,236738768.0
2014-06-03,2.48,2.49,2.48,2.47,56900104.0,141206496.0
2014-05-30,2.48,2.48,2.47,2.47,38768512.0,95892800.0
2014-05-29,2.49,2.5,2.47,2.47,52521224.0,130559616.0
2014-05-28,2.48,2.49,2.49,2.46,59166408.0,146609072.0
2014-05-27,2.48,2.49,2.48,2.47,55800360.0,138394160.0
2014-05-26,2.49,2.49,2.48,2.47,35678416.0,88565328.0
2014-05-23,2.47,2.48,2.48,2.46,41784048.0,103309072.0
2014-05-22,2.46,2.49,2.47,2.45,70755792.0,175062880.0
2014-05-21,2.44,2.47,2.47,2.43,68551928.0,168196912.0
2014-05-20,2.45,2.46,2.45,2.44,75318488.0,184408960.0
2014-05-19,2.46,2.47,2.44,2.43,53271624.0,130299696.0
2014-05-16,2.46,2.48,2.47,2.46,42572160.0,105036312.0
2014-05-15,2.47,2.48,2.47,2.46,46649336.0,115214920.0
2014-05-14,2.46,2.48,2.46,2.45,47178240.0,116385552.0
2014-05-13,2.46,2.47,2.46,2.45,41338704.0,101726192.0
2014-05-12,2.44,2.48,2.46,2.43,71108448.0,174762544.0
2014-05-09,2.44,2.44,2.43,2.42,33928264.0,82510776.0
2014-05-08,2.42,2.46,2.43,2.42,54382976.0,132611160.0
2014-05-07,2.44,2.44,2.43,2.42,47020760.0,114206520.0
2014-05-06,2.43,2.45,2.43,2.42,58610968.0,142662000.0
2014-05-05,2.45,2.46,2.43,2.42,70840392.0,172295520.0
2014-04-30,2.44,2.47,2.46,2.43,78853624.0,192765664.0
2014-04-29,2.45,2.45,2.45,2.4,135447936.0,329233600.0
2014-04-28,2.48,2.5,2.47,2.46,82362208.0,203892064.0
2014-04-25,2.47,2.52,2.48,2.46,92108416.0,229820688.0
2014-04-24,2.47,2.49,2.47,2.45,64383852.0,159158384.0
2014-04-23,2.47,2.49,2.47,2.46,66328048.0,163963216.0
2014-04-22,2.47,2.49,2.48,2.45,76413008.0,188789936.0
2014-04-21,2.5,2.52,2.47,2.47,51663120.0,129161536.0
2014-04-18,2.51,2.52,2.51,2.49,57778824.0,144620448.0
2014-04-17,2.54,2.54,2.51,2.51,42746048.0,107784240.0
2014-04-16,2.52,2.55,2.53,2.51,50215920.0,127071656.0
2014-04-15,2.57,2.57,2.53,2.51,87496776.0,221882208.0
2014-04-14,2.58,2.59,2.58,2.56,84139352.0,216511216.0
2014-04-11,2.57,2.6,2.59,2.56,120092272.0,310088352.0
2014-04-10,2.55,2.6,2.57,2.54,141896432.0,363873984.0
2014-04-09,2.54,2.56,2.55,2.53,122276464.0,311751200.0
2014-04-08,2.48,2.57,2.55,2.48,237621712.0,600734400.0
2014-04-04,2.46,2.49,2.49,2.45,53723944.0,132778592.0
2014-04-03,2.52,2.52,2.46,2.46,130660728.0,324645824.0
2014-04-02,2.48,2.53,2.51,2.48,117267472.0,293089504.0
2014-04-01,2.48,2.49,2.48,2.46,75617672.0,187307408.0
2014-03-31,2.48,2.5,2.48,2.46,107795568.0,266918816.0
2014-03-28,2.46,2.5,2.48,2.45,149707696.0,371119776.0
2014-03-27,2.45,2.5,2.45,2.43,116702872.0,287181568.0
2014-03-26,2.45,2.46,2.45,2.44,64013192.0,156783712.0
2014-03-25,2.46,2.47,2.44,2.43,126404304.0,310061856.0
2014-03-24,2.43,2.51,2.47,2.41,298661728.0,733997312.0
2014-03-21,2.34,2.43,2.42,2.33,222523488.0,532744544.0
2014-03-20,2.36,2.38,2.34,2.34,81729480.0,193080128.0
2014-03-19,2.36,2.37,2.36,2.34,65897880.0,155210240.0
2014-03-18,2.38,2.39,2.37,2.36,60005196.0,142317232.0
2014-03-17,2.38,2.38,2.38,2.36,76315960.0,180935328.0
2014-03-14,2.38,2.39,2.38,2.35,125530864.0,297202912.0
2014-03-13,2.38,2.45,2.4,2.37,206366128.0,496023936.0
2014-03-12,2.35,2.39,2.37,2.34,122051608.0,288207552.0
2014-03-11,2.37,2.38,2.36,2.35,91873712.0,216898096.0
2014-03-10,2.41,2.41,2.37,2.36,146112368.0,348178208.0
2014-03-07,2.42,2.44,2.42,2.41,171197568.0,414683904.0
2014-03-06,2.42,2.46,2.42,2.38,261784192.0,632690240.0
2014-03-05,2.44,2.44,2.43,2.42,71260072.0,173052128.0
2014-03-04,2.43,2.45,2.44,2.41,94836520.0,230224512.0
2014-03-03,2.45,2.46,2.44,2.43,95561376.0,233250288.0
2014-02-28,2.45,2.46,2.45,2.42,103273496.0,252070432.0
2014-02-27,2.43,2.49,2.46,2.42,174791216.0,427982368.0
2014-02-26,2.43,2.45,2.43,2.41,138293600.0,335551936.0
2014-02-25,2.48,2.49,2.43,2.43,141937968.0,349729440.0
2014-02-24,2.5,2.51,2.48,2.46,118942032.0,294877024.0
2014-02-21,2.54,2.54,2.52,2.5,107491448.0,270993696.0
2014-02-20,2.57,2.6,2.54,2.53,213081232.0,546945600.0
2014-02-19,2.5,2.59,2.57,2.5,285692032.0,726371840.0
2014-02-18,2.55,2.55,2.5,2.5,137408096.0,346081696.0
2014-02-17,2.57,2.57,2.55,2.53,143873472.0,366206784.0
2014-02-14,2.57,2.58,2.56,2.54,190714448.0,486867360.0
2014-02-13,2.55,2.64,2.58,2.52,405869568.0,1045317952.0
2014-02-12,2.57,2.6,2.56,2.55,173063120.0,444195808.0
2014-02-11,2.51,2.59,2.58,2.5,182221792.0,467220384.0
2014-02-10,2.49,2.52,2.51,2.48,73820544.0,185093696.0
2014-02-07,2.48,2.49,2.48,2.47,41694436.0,103281264.0
2014-01-30,2.51,2.52,2.49,2.48,49018688.0,122253824.0
2014-01-29,2.51,2.53,2.52,2.49,83474088.0,209446864.0
2014-01-28,2.48,2.51,2.5,2.47,66163860.0,165125632.0
2014-01-27,2.48,2.49,2.47,2.46,71931968.0,177795344.0
2014-01-24,2.48,2.5,2.49,2.46,83847232.0,208263904.0
2014-01-23,2.51,2.52,2.48,2.48,72164456.0,179768192.0
2014-01-22,2.48,2.53,2.51,2.48,131314168.0,329236832.0
2014-01-21,2.48,2.5,2.49,2.47,40832248.0,101579536.0
2014-01-20,2.5,2.5,2.47,2.46,49656952.0,123267808.0
2014-01-17,2.53,2.54,2.5,2.49,71655704.0,179374336.0
2014-01-16,2.54,2.55,2.53,2.53,45603256.0,115695936.0
2014-01-15,2.56,2.56,2.54,2.53,38984092.0,98999776.0
2014-01-14,2.55,2.57,2.56,2.54,41915448.0,107045120.0
2014-01-13,2.55,2.56,2.55,2.53,52948420.0,134849280.0
2014-01-10,2.54,2.56,2.53,2.53,65307600.0,166243008.0
2014-01-09,2.56,2.58,2.55,2.54,60436004.0,154835248.0
2014-01-08,2.57,2.59,2.57,2.55,61620024.0,158356064.0
2014-01-07,2.56,2.58,2.57,2.55,50939400.0,130391240.0
2014-01-06,2.61,2.62,2.57,2.54,96237288.0,246791088.0
2014-01-03,2.63,2.64,2.61,2.6,59661592.0,155746896.0
2014-01-02,2.65,2.66,2.64,2.63,42926052.0,113359584.0
2013-12-31,2.62,2.69,2.66,2.62,59592932.0,158389712.0
2013-12-30,2.65,2.66,2.63,2.62,55553928.0,146379856.0
2013-12-27,2.61,2.66,2.64,2.6,58394940.0,153951104.0
2013-12-26,2.66,2.67,2.61,2.6,67690040.0,177786304.0
2013-12-25,2.68,2.68,2.66,2.65,47302872.0,125887752.0
2013-12-24,2.7,2.71,2.67,2.66,54993496.0,147606096.0
2013-12-23,2.69,2.71,2.69,2.67,45773380.0,123181184.0
2013-12-20,2.78,2.79,2.67,2.63,95292040.0,259596720.0
2013-12-19,2.81,2.82,2.78,2.77,50920692.0,142298576.0
2013-12-18,2.8,2.82,2.8,2.79,39334856.0,110226488.0
2013-12-17,2.82,2.82,2.8,2.79,47142380.0,132318112.0
2013-12-16,2.83,2.84,2.81,2.8,59927400.0,168982576.0
2013-12-13,2.82,2.84,2.82,2.81,62849512.0,177404576.0
2013-12-12,2.84,2.85,2.83,2.83,48831064.0,138670064.0
2013-12-11,2.88,2.89,2.84,2.84,73261600.0,209386864.0
2013-12-10,2.88,2.89,2.89,2.87,73849448.0,212696624.0
2013-12-09,2.88,2.89,2.87,2.86,54972824.0,158152416.0
2013-12-06,2.88,2.89,2.88,2.87,65048824.0,187205184.0
2013-12-05,2.89,2.9,2.88,2.86,107811352.0,310119584.0
2013-12-04,2.85,2.9,2.88,2.85,175393216.0,505115552.0
2013-12-03,2.86,2.87,2.86,2.84,100248432.0,286135904.0
2013-12-02,2.85,2.9,2.86,2.84,216185984.0,619629312.0
2013-11-29,2.86,2.86,2.85,2.84,53396228.0,152243712.0
2013-11-28,2.84,2.88,2.85,2.83,114144696.0,326084256.0
2013-11-27,2.83,2.85,2.84,2.82,65094576.0,184633632.0
2013-11-26,2.83,2.84,2.83,2.82,40477092.0,114440680.0
2013-11-25,2.84,2.85,2.83,2.83,56699200.0,161179360.0
2013-11-22,2.86,2.87,2.84,2.83,66271448.0,188996000.0
2013-11-21,2.85,2.86,2.85,2.83,79512128.0,226260784.0
2013-11-20,2.87,2.88,2.87,2.85,60111948.0,171882304.0
2013-11-19,2.88,2.88,2.86,2.85,101198864.0,289250688.0
2013-11-18,2.83,2.89,2.88,2.82,152738624.0,435789408.0
2013-11-15,2.8,2.85,2.82,2.79,63341052.0,179028320.0
2013-11-14,2.81,2.82,2.79,2.79,48252472.0,135070528.0
2013-11-13,2.84,2.85,2.81,2.79,66596432.0,187599696.0
2013-11-12,2.85,2.86,2.86,2.84,47332164.0,134966448.0
2013-11-11,2.83,2.86,2.84,2.82,45453672.0,129037328.0
2013-11-08,2.85,2.86,2.84,2.83,32760132.0,93129352.0
2013-11-07,2.85,2.86,2.85,2.83,47902620.0,136128288.0
2013-11-06,2.86,2.87,2.84,2.84,50858672.0,145291360.0
2013-11-05,2.86,2.88,2.88,2.84,63219568.0,180877440.0
2013-11-04,2.89,2.9,2.88,2.86,71998032.0,207436656.0
2013-11-01,2.85,2.89,2.88,2.85,66547792.0,190869072.0
2013-10-31,2.88,2.88,2.85,2.84,71121944.0,202702224.0
2013-10-30,2.86,2.89,2.88,2.84,96124688.0,275594400.0
2013-10-29,2.82,2.91,2.87,2.81,175036320.0,500649376.0
2013-10-28,2.82,2.83,2.83,2.8,46639756.0,131315800.0
2013-10-25,2.81,2.85,2.81,2.8,81439376.0,229957248.0
2013-10-24,2.82,2.84,2.81,2.8,59101292.0,166538704.0
2013-10-23,2.83,2.89,2.83,2.82,96561576.0,275414400.0
2013-10-22,2.85,2.86,2.83,2.82,42899808.0,121538336.0
2013-10-21,2.83,2.86,2.86,2.82,65610528.0,186334176.0
2013-10-18,2.81,2.86,2.83,2.79,68903408.0,194947088.0
2013-10-17,2.83,2.84,2.81,2.8,48900496.0,137990096.0
2013-10-16,2.83,2.83,2.81,2.8,52135408.0,146930400.0
2013-10-15,2.85,2.86,2.83,2.83,47463988.0,134686304.0
2013-10-14,2.87,2.88,2.85,2.83,50544192.0,144323520.0
2013-10-11,2.85,2.88,2.87,2.84,62364992.0,178712672.0
2013-10-10,2.87,2.87,2.83,2.82,52086992.0,147920096.0
2013-10-09,2.85,2.89,2.87,2.84,53997824.0,154641984.0
2013-10-08,2.83,2.87,2.86,2.82,53726464.0,152768528.0
2013-09-30,2.83,2.85,2.85,2.82,54427376.0,154529840.0
2013-09-27,2.8,2.82,2.82,2.79,40791268.0,114523864.0
2013-09-26,2.86,2.87,2.81,2.79,72792440.0,205206896.0
2013-09-25,2.89,2.91,2.87,2.87,63213624.0,182476464.0
2013-09-24,2.95,2.95,2.89,2.86,97148544.0,280500960.0
2013-09-23,2.92,2.96,2.95,2.92,92445968.0,272467616.0
2013-09-18,2.9,2.96,2.93,2.86,113481336.0,328474112.0
2013-09-17,2.96,2.98,2.88,2.88,119387640.0,349926560.0
2013-09-16,3.0,3.01,2.96,2.92,189018064.0,560377408.0
2013-09-13,2.98,3.03,2.98,2.97,163823808.0,490266368.0
2013-09-12,2.9,3.06,3.01,2.89,328758720.0,980863488.0
2013-09-11,2.92,2.95,2.91,2.9,159695120.0,467240704.0
2013-09-10,2.95,2.95,2.92,2.87,243924256.0,707713984.0
2013-09-09,2.75,3.0,2.96,2.75,441947072.0,1274918144.0
2013-09-06,2.72,2.75,2.74,2.71,98046336.0,267912400.0
2013-09-05,2.74,2.75,2.72,2.71,52237580.0,142481184.0
2013-09-04,2.74,2.76,2.75,2.72,85842968.0,235192768.0
2013-09-03,2.71,2.77,2.75,2.7,133867872.0,366558272.0
2013-09-02,2.71,2.73,2.71,2.69,74023144.0,200456288.0
2013-08-30,2.7,2.72,2.71,2.69,81113120.0,219310960.0
2013-08-29,2.72,2.73,2.7,2.69,56800032.0,153820496.0
2013-08-28,2.71,2.72,2.7,2.69,64521580.0,174470128.0
2013-08-27,2.72,2.74,2.72,2.7,66622792.0,181034416.0
2013-08-26,2.68,2.73,2.72,2.66,75168112.0,203150704.0
2013-08-23,2.72,2.73,2.68,2.63,81227256.0,218049104.0
2013-08-22,2.72,2.75,2.71,2.71,58212632.0,158576128.0
2013-08-21,2.76,2.76,2.73,2.7,92283616.0,251143168.0
2013-08-20,2.75,2.8,2.75,2.74,86114016.0,237793504.0
2013-08-19,2.73,2.79,2.76,2.71,113438488.0,311170176.0
2013-08-16,2.75,3.03,2.76,2.73,208902176.0,591279744.0
2013-08-15,2.77,2.8,2.75,2.74,50473988.0,139930480.0
2013-08-14,2.79,2.83,2.78,2.76,66238116.0,185334064.0
2013-08-13,2.78,2.81,2.79,2.76,61807444.0,172003472.0
2013-08-12,2.69,2.79,2.79,2.69,99931256.0,274689952.0
2013-08-09,2.71,2.72,2.7,2.67,37701252.0,101657144.0
2013-08-08,2.7,2.73,2.69,2.68,37633520.0,101681696.0
2013-08-07,2.72,2.75,2.7,2.69,55868736.0,151990272.0
2013-08-06,2.73,2.74,2.72,2.71,47646012.0,129859520.0
2013-08-05,2.71,2.74,2.73,2.69,36459796.0,98951224.0
2013-08-02,2.72,2.75,2.71,2.7,45880312.0,124848408.0
2013-08-01,2.67,2.72,2.71,2.66,70225528.0,189454928.0
2013-07-31,2.67,2.69,2.66,2.65,31857728.0,84972216.0
2013-07-30,2.64,2.69,2.65,2.63,49386064.0,131463448.0
2013-07-29,2.67,2.67,2.62,2.62,57773628.0,152346016.0
2013-07-26,2.69,2.71,2.68,2.68,35599056.0,95693112.0
2013-07-25,2.71,2.72,2.7,2.69,43483568.0,117605336.0
2013-07-24,2.73,2.74,2.7,2.67,80565416.0,217358784.0
2013-07-23,2.72,2.79,2.75,2.7,85551048.0,235247904.0
2013-07-22,2.71,2.73,2.71,2.68,76252608.0,206284016.0
2013-07-19,2.8,2.8,2.73,2.73,59383428.0,164318000.0
2013-07-18,2.85,2.86,2.79,2.77,70042368.0,196554528.0
2013-07-17,2.91,2.92,2.85,2.85,49986436.0,144189584.0
2013-07-16,2.88,2.92,2.91,2.87,42030876.0,121596104.0
2013-07-15,2.9,2.98,2.9,2.88,65714572.0,191849088.0
2013-07-12,2.95,2.97,2.88,2.87,99559632.0,291804416.0
2013-07-11,2.84,3.03,2.97,2.83,204235040.0,600820736.0
2013-07-10,2.78,2.84,2.83,2.77,44401140.0,124623720.0
2013-07-09,2.76,2.81,2.78,2.76,41952412.0,117147480.0
2013-07-08,2.77,2.81,2.78,2.72,55858804.0,154604720.0
2013-07-05,2.82,2.84,2.79,2.79,34185032.0,96304840.0
2013-07-04,2.77,2.85,2.81,2.76,56065284.0,157015568.0
2013-07-03,2.86,2.86,2.79,2.77,54509684.0,153048704.0
2013-07-02,2.91,2.91,2.87,2.86,65350376.0,188114848.0
2013-07-01,2.84,2.92,2.91,2.83,92480216.0,266796240.0
2013-06-28,2.76,2.9,2.89,2.73,143136176.0,403638624.0
2013-06-27,2.72,2.77,2.76,2.72,108217168.0,296879680.0
2013-06-26,2.76,2.77,2.72,2.68,120964408.0,328262912.0
2013-06-25,2.72,2.77,2.76,2.53,199944432.0,533217280.0
2013-06-24,2.9,2.9,2.74,2.72,146715376.0,408686976.0
2013-06-21,2.86,2.96,2.91,2.84,96746856.0,282193376.0
2013-06-20,2.93,2.96,2.89,2.87,89512400.0,259757520.0
2013-06-19,2.98,2.98,2.95,2.91,59827764.0,176072576.0
2013-06-18,3.0,3.02,3.0,2.97,61099936.0,182856512.0
2013-06-17,3.0,3.03,2.99,2.98,97215616.0,291341376.0
2013-06-14,2.91,2.93,2.93,2.89,88579064.0,257478064.0
2013-06-13,2.96,2.96,2.9,2.86,101821368.0,294751808.0
2013-06-07,3.01,3.03,2.98,2.97,63204084.0,189145888.0
2013-06-06,3.05,3.06,3.0,3.0,45158456.0,136526064.0
2013-06-05,3.12,3.13,3.1,3.09,42028152.0,130560656.0
2013-06-04,3.14,3.15,3.12,3.11,52976920.0,165527312.0
2013-06-03,3.13,3.15,3.15,3.12,55782704.0,174892560.0
2013-05-31,3.16,3.18,3.13,3.13,52177864.0,164570704.0
2013-05-30,3.15,3.18,3.15,3.14,59698672.0,188586144.0
2013-05-29,3.18,3.2,3.16,3.15,90234120.0,286475744.0
2013-05-28,3.13,3.18,3.18,3.11,107162672.0,337413280.0
2013-05-27,3.14,3.15,3.13,3.12,45830224.0,143521472.0
2013-05-24,3.12,3.16,3.15,3.12,63328508.0,198936928.0
2013-05-23,3.17,3.18,3.12,3.12,73416200.0,230840688.0
2013-05-22,3.18,3.18,3.18,3.16,61628480.0,195417616.0
2013-05-21,3.19,3.2,3.18,3.15,79159440.0,251016592.0
2013-05-20,3.2,3.23,3.2,3.17,155756032.0,498856608.0
2013-05-17,3.14,3.19,3.18,3.13,91393440.0,288843936.0
2013-05-16,3.09,3.16,3.15,3.07,90269392.0,281807552.0
2013-05-15,3.1,3.11,3.11,3.08,33890192.0,104956456.0
2013-05-14,3.1,3.12,3.1,3.06,47980012.0,148053888.0
2013-05-13,3.12,3.14,3.12,3.09,54636832.0,170082112.0
2013-05-10,3.1,3.15,3.14,3.08,69060720.0,215555280.0
2013-05-09,3.14,3.16,3.11,3.09,60852400.0,189793728.0
2013-05-08,3.15,3.2,3.14,3.13,68753120.0,217102496.0
2013-05-07,3.15,3.17,3.14,3.12,50102308.0,157351440.0
2013-05-06,3.11,3.18,3.16,3.11,96662536.0,304584416.0
2013-05-03,3.05,3.15,3.11,3.05,106612128.0,331812768.0
2013-05-02,3.02,3.05,3.05,3.0,81480336.0,246695088.0
2013-04-26,3.0,3.02,3.0,2.98,55031876.0,165066320.0
2013-04-25,3.02,3.04,3.0,2.98,63822096.0,191863824.0
2013-04-24,3.0,3.06,3.04,2.98,109282456.0,330119072.0
2013-04-23,3.12,3.13,3.0,2.99,105966728.0,320558880.0
2013-04-22,3.09,3.13,3.11,3.08,76657272.0,237958208.0
2013-04-19,3.02,3.14,3.11,3.01,114990616.0,354732288.0
2013-04-18,3.0,3.02,3.02,2.97,50432164.0,151009248.0
2013-04-17,3.04,3.04,3.01,2.98,43279064.0,130161848.0
2013-04-16,3.02,3.05,3.04,3.0,55392252.0,167496592.0
2013-04-15,3.02,3.04,3.04,3.01,57192152.0,173033776.0
2013-04-12,3.05,3.07,3.02,3.01,47834468.0,145480928.0
2013-04-11,3.08,3.1,3.06,3.05,44894232.0,137616112.0
2013-04-10,3.1,3.11,3.07,3.04,51831692.0,159010560.0
2013-04-09,3.11,3.15,3.1,3.1,54727404.0,170582416.0
2013-04-08,3.1,3.11,3.11,3.06,64683432.0,199161920.0
2013-04-03,3.14,3.17,3.13,3.12,50349328.0,158224352.0
2013-04-02,3.14,3.18,3.13,3.11,87418616.0,273958848.0
2013-04-01,3.18,3.22,3.18,3.16,59216404.0,188353008.0
2013-03-29,3.12,3.24,3.22,3.1,210295664.0,670195968.0
2013-03-28,3.2,3.2,3.13,3.01,234490528.0,729989760.0
2013-03-27,3.3,3.35,3.28,3.26,99553456.0,328205824.0
2013-03-26,3.33,3.34,3.29,3.25,117180200.0,384228256.0
2013-03-25,3.39,3.41,3.35,3.34,119815272.0,403390720.0
2013-03-22,3.36,3.41,3.38,3.35,110941816.0,375264672.0
2013-03-21,3.4,3.42,3.37,3.35,207821840.0,704166848.0
2013-03-20,3.19,3.4,3.4,3.19,285423072.0,951085440.0
2013-03-19,3.17,3.21,3.2,3.15,69781456.0,221732912.0
2013-03-18,3.21,3.24,3.17,3.16,77610904.0,247885232.0
2013-03-15,3.18,3.29,3.23,3.15,130625320.0,421542752.0
2013-03-14,3.17,3.22,3.18,3.15,74982432.0,239134176.0
2013-03-13,3.2,3.21,3.17,3.15,88490664.0,281036064.0
2013-03-12,3.24,3.29,3.22,3.18,109250928.0,352558912.0
2013-03-11,3.28,3.29,3.25,3.21,67002424.0,217651504.0
2013-03-08,3.29,3.32,3.29,3.26,70375528.0,231382448.0
2013-03-07,3.36,3.38,3.29,3.25,147683776.0,490125312.0
2013-03-06,3.43,3.43,3.4,3.37,163785648.0,556936960.0
2013-03-05,3.21,3.38,3.37,3.21,196999456.0,649912640.0
2013-03-04,3.34,3.36,3.22,3.19,178184528.0,584487040.0
2013-03-01,3.43,3.46,3.41,3.35,135622144.0,461972320.0
2013-02-28,3.36,3.44,3.43,3.31,185227552.0,626488128.0
2013-02-27,3.31,3.37,3.33,3.27,158389232.0,524879616.0
2013-02-26,3.28,3.41,3.29,3.26,210261504.0,704816704.0
2013-02-25,3.3,3.36,3.31,3.28,141303760.0,468463488.0
2013-02-22,3.27,3.33,3.28,3.25,149020256.0,491221088.0
2013-02-21,3.4,3.4,3.28,3.26,245397216.0,814094272.0
2013-02-20,3.48,3.48,3.44,3.37,209712800.0,716212160.0
2013-02-19,3.53,3.54,3.47,3.42,213914768.0,743022592.0
2013-02-18,3.62,3.64,3.53,3.52,172166272.0,615969024.0
2013-02-08,3.63,3.65,3.58,3.54,174233120.0,628036352.0
2013-02-07,3.76,3.77,3.65,3.53,296417440.0,1083891200.0
2013-02-06,3.63,3.8,3.77,3.62,277116544.0,1029417536.0
2013-02-05,3.62,3.67,3.65,3.58,237196928.0,860554112.0
2013-02-04,3.63,3.71,3.67,3.6,420870304.0,1541194240.0
2013-02-01,3.47,3.59,3.58,3.45,336824544.0,1189613184.0
2013-01-31,3.46,3.49,3.48,3.41,224152704.0,775716480.0
2013-01-30,3.49,3.51,3.46,3.42,295539744.0,1019738944.0
2013-01-29,3.48,3.52,3.49,3.42,331812352.0,1154067968.0
2013-01-28,3.36,3.48,3.48,3.36,296710432.0,1019224832.0
2013-01-25,3.36,3.37,3.35,3.32,161331872.0,540325120.0
2013-01-24,3.33,3.5,3.34,3.29,482651488.0,1635008896.0
2013-01-23,3.18,3.33,3.32,3.17,458705568.0,1497550336.0
2013-01-22,3.07,3.36,3.22,3.04,598719744.0,1908728192.0
2013-01-21,3.05,3.08,3.07,3.02,212430688.0,649335424.0
2013-01-18,3.0,3.06,3.04,2.98,120598800.0,364576928.0
2013-01-17,3.0,3.01,2.99,2.97,94598120.0,282778240.0
2013-01-16,3.04,3.06,3.01,2.96,133610432.0,403048128.0
2013-01-15,3.06,3.08,3.05,3.04,175098144.0,534960992.0
2013-01-14,2.94,3.08,3.07,2.93,289794272.0,878239488.0
2013-01-11,3.03,3.04,2.95,2.93,146333264.0,436267712.0
2013-01-10,3.03,3.06,3.03,3.01,98934840.0,299797248.0
2013-01-09,3.03,3.07,3.03,3.01,165150128.0,500838080.0
2013-01-08,3.07,3.08,3.01,2.99,160635440.0,485541376.0
2013-01-07,3.07,3.1,3.06,3.03,182882592.0,560371008.0
2013-01-04,3.11,3.15,3.07,3.03,174675072.0,538085056.0
2012-12-31,2.98,3.07,3.05,2.98,161137936.0,488659392.0
2012-12-28,2.95,2.99,2.98,2.93,119171408.0,353206592.0
2012-12-27,2.98,3.0,2.94,2.93,104202976.0,308563072.0
2012-12-26,3.0,3.0,2.98,2.95,99326144.0,295988960.0
2012-12-25,2.87,3.01,2.98,2.86,212737744.0,629984128.0
2012-12-24,2.84,2.92,2.88,2.84,94395968.0,271955648.0
2012-12-21,2.89,2.9,2.84,2.83,107006800.0,305825952.0
2012-12-20,2.91,2.91,2.9,2.83,149654256.0,429531008.0
2012-12-19,2.91,2.95,2.92,2.9,125773160.0,367395168.0
2012-12-18,2.89,2.97,2.92,2.88,244458736.0,717194368.0
2012-12-17,2.91,2.94,2.89,2.87,263421344.0,765488512.0
2012-12-14,2.71,2.92,2.89,2.7,361412128.0,1023586368.0
2012-12-13,2.73,2.74,2.71,2.69,72528976.0,196736384.0
2012-12-12,2.72,2.77,2.74,2.71,117789608.0,322244608.0
2012-12-11,2.7,2.75,2.72,2.69,176294816.0,480285056.0
2012-12-10,2.71,2.73,2.71,2.68,163236240.0,441270048.0
2012-12-07,2.62,2.69,2.69,2.61,247136016.0,658073856.0
2012-12-06,2.63,2.65,2.62,2.61,134186560.0,352692928.0
2012-12-05,2.57,2.65,2.64,2.56,205408832.0,538432320.0
2012-12-04,2.56,2.58,2.57,2.55,35221728.0,90444304.0
2012-12-03,2.57,2.58,2.56,2.56,36609020.0,93985632.0
2012-11-30,2.58,2.59,2.58,2.57,39070208.0,100810400.0
2012-11-29,2.59,2.59,2.58,2.57,37828648.0,97724016.0
2012-11-28,2.58,2.59,2.59,2.57,37409288.0,96554120.0
2012-11-27,2.58,2.6,2.59,2.57,40227828.0,104107968.0
2012-11-26,2.59,2.6,2.59,2.58,23225092.0,60076260.0
2012-11-23,2.58,2.61,2.6,2.58,60797284.0,157906624.0
2012-11-22,2.58,2.59,2.58,2.57,23999894.0,61898800.0
2012-11-21,2.57,2.6,2.59,2.56,41203652.0,106267400.0
2012-11-20,2.58,2.58,2.57,2.56,17802574.0,45751852.0
2012-11-19,2.57,2.58,2.57,2.56,20177404.0,51771980.0
2012-11-16,2.56,2.58,2.56,2.55,33599852.0,86141272.0
2012-11-15,2.59,2.59,2.57,2.56,40333236.0,104013968.0
2012-11-14,2.58,2.6,2.6,2.58,29158644.0,75485008.0
2012-11-13,2.6,2.61,2.59,2.57,72679064.0,187904016.0
2012-11-12,2.6,2.61,2.61,2.59,102740920.0,267210352.0
2012-11-09,2.6,2.61,2.6,2.59,102574016.0,266733328.0
2012-11-08,2.62,2.62,2.59,2.59,73025192.0,190169408.0
2012-11-07,2.63,2.63,2.63,2.61,62582480.0,164133184.0
2012-11-06,2.64,2.65,2.63,2.61,102588560.0,269051840.0
2012-11-05,2.72,2.72,2.65,2.63,350803104.0,930542144.0
2012-11-02,2.71,2.73,2.73,2.69,37008196.0,100423856.0
2012-11-01,2.66,2.72,2.72,2.66,42544828.0,114485720.0
2012-10-31,2.67,2.68,2.67,2.66,14535927.0,38834572.0
2012-10-30,2.67,2.69,2.67,2.65,27562594.0,73705272.0
2012-10-29,2.69,2.69,2.67,2.66,16514636.0,44178080.0
2012-10-26,2.73,2.73,2.68,2.67,19574154.0,52826236.0
2012-10-25,2.72,2.75,2.72,2.72,34450748.0,94237056.0
2012-10-24,2.71,2.73,2.72,2.7,15421299.0,41958992.0
2012-10-23,2.73,2.74,2.71,2.71,18949528.0,51603796.0
2012-10-22,2.71,2.74,2.73,2.7,25079896.0,68180304.0
2012-10-19,2.71,2.73,2.72,2.7,17456664.0,47407840.0
2012-10-18,2.71,2.73,2.72,2.69,29966316.0,81369936.0
2012-10-17,2.69,2.71,2.7,2.67,25578782.0,68835296.0
2012-10-16,2.68,2.7,2.69,2.67,22209896.0,59662760.0
2012-10-15,2.7,2.7,2.68,2.67,14341038.0,38435312.0
2012-10-12,2.69,2.71,2.69,2.68,23641540.0,63737392.0
2012-10-11,2.68,2.69,2.68,2.66,23891692.0,64009948.0
2012-10-10,2.68,2.7,2.68,2.67,20576868.0,55221056.0
2012-10-09,2.64,2.7,2.68,2.63,45284568.0,121199568.0
2012-10-08,2.66,2.67,2.63,2.61,22023928.0,58197176.0
2012-09-28,2.63,2.68,2.66,2.62,36585868.0,96781384.0
2012-09-27,2.6,2.69,2.65,2.59,35862224.0,94803792.0
2012-09-26,2.59,2.61,2.6,2.59,15380715.0,39944728.0
2012-09-25,2.62,2.62,2.6,2.59,16053887.0,41835016.0
2012-09-24,2.62,2.63,2.62,2.6,24170952.0,63130736.0
2012-09-21,2.65,2.66,2.63,2.63,27512856.0,72676672.0
2012-09-20,2.68,2.69,2.66,2.63,29702826.0,79054168.0
2012-09-19,2.7,2.7,2.69,2.68,21393194.0,57524884.0
2012-09-18,2.71,2.72,2.69,2.69,20865282.0,56352460.0
2012-09-17,2.74,2.74,2.71,2.71,24658692.0,67299488.0
2012-09-14,2.74,2.76,2.73,2.73,34257084.0,94059768.0
2012-09-13,2.74,2.75,2.73,2.73,20376048.0,55825968.0
2012-09-12,2.75,2.76,2.75,2.72,22240868.0,60963388.0
2012-09-11,2.75,2.76,2.75,2.72,19614106.0,53670364.0
2012-09-10,2.77,2.78,2.76,2.75,29374604.0,81010016.0
2012-09-07,2.72,2.8,2.78,2.7,73184760.0,201974320.0
2012-09-06,2.71,2.72,2.71,2.68,28935342.0,78088752.0
2012-09-05,2.71,2.72,2.71,2.69,19915946.0,53841640.0
2012-09-04,2.75,2.76,2.72,2.7,34848628.0,94917496.0
2012-09-03,2.77,2.79,2.75,2.74,31456128.0,86907872.0
2012-08-31,2.8,2.8,2.77,2.77,22227254.0,61968144.0
2012-08-30,2.77,2.8,2.8,2.76,34383232.0,95817840.0
2012-08-29,2.76,2.78,2.77,2.75,29022200.0,80333776.0
2012-08-28,2.75,2.78,2.77,2.74,25908372.0,71590896.0
2012-08-27,2.75,2.77,2.75,2.74,29719894.0,81881952.0
2012-08-24,2.75,2.76,2.74,2.74,20914072.0,57558112.0
2012-08-23,2.76,2.77,2.75,2.75,23844700.0,65822004.0
2012-08-22,2.76,2.77,2.76,2.74,16994732.0,46814708.0
2012-08-21,2.76,2.78,2.75,2.75,26876900.0,74218320.0
2012-08-20,2.76,2.77,2.75,2.74,13805199.0,37985428.0
2012-08-17,2.76,2.78,2.77,2.75,18212646.0,50368540.0
2012-08-16,2.76,2.77,2.75,2.75,10008863.0,27638460.0
2012-08-15,2.79,2.8,2.76,2.76,11073015.0,30717010.0
2012-08-14,2.79,2.8,2.79,2.77,21527264.0,60109496.0
2012-08-13,2.79,2.81,2.78,2.77,29762996.0,83140200.0
2012-08-10,2.79,2.81,2.79,2.78,26510068.0,74010848.0
2012-08-09,2.78,2.79,2.78,2.75,17479930.0,48398820.0
2012-08-08,2.77,2.79,2.78,2.76,26301716.0,73152056.0
2012-08-07,2.76,2.78,2.77,2.75,21800304.0,60167720.0
2012-08-06,2.76,2.78,2.76,2.75,22870058.0,63242472.0
2012-08-03,2.76,2.77,2.76,2.75,19668988.0,54349304.0
2012-08-02,2.76,2.77,2.76,2.75,15961728.0,44081992.0
2012-08-01,2.78,2.78,2.76,2.75,22847462.0,63242844.0
2012-07-31,2.76,2.78,2.78,2.75,36241820.0,100283152.0
2012-07-30,2.75,2.78,2.75,2.74,28301984.0,78066936.0
2012-07-27,2.72,2.75,2.74,2.71,33470560.0,91586232.0
2012-07-26,2.7,2.72,2.71,2.7,14289259.0,38735808.0
2012-07-25,2.71,2.72,2.7,2.7,10822226.0,29338854.0
2012-07-24,2.71,2.73,2.7,2.7,19185260.0,51984692.0
2012-07-23,2.74,2.75,2.72,2.7,20592512.0,56030248.0
2012-07-20,2.76,2.77,2.75,2.74,17639140.0,48470396.0
2012-07-19,2.75,2.77,2.76,2.74,27974648.0,77181688.0
2012-07-18,2.75,2.76,2.75,2.73,17622424.0,48400520.0
2012-07-17,2.74,2.76,2.75,2.73,22515932.0,61844172.0
2012-07-16,2.76,2.76,2.74,2.73,26902664.0,73918048.0
2012-07-13,2.74,2.76,2.75,2.73,17376338.0,47710432.0
2012-07-12,2.76,2.78,2.74,2.72,45433312.0,124425584.0
2012-07-11,2.76,2.78,2.76,2.76,15958882.0,44203184.0
2012-07-10,2.76,2.78,2.77,2.75,18779540.0,52074552.0
2012-07-09,2.8,2.81,2.76,2.75,30490552.0,84684056.0
2012-07-06,2.8,2.82,2.8,2.78,32314888.0,90291704.0
2012-07-05,2.83,2.85,2.83,2.81,31399644.0,88678600.0
2012-07-04,2.84,2.87,2.85,2.82,37807200.0,107780856.0
2012-07-03,2.84,2.87,2.83,2.82,29690928.0,84582624.0
2012-07-02,2.84,2.85,2.84,2.82,27338940.0,77518272.0
2012-06-29,2.82,2.85,2.84,2.8,26699476.0,75683408.0
2012-06-28,2.81,2.83,2.81,2.79,26269328.0,73802752.0
2012-06-27,2.81,2.82,2.81,2.79,18919342.0,53084088.0
2012-06-26,2.82,2.84,2.82,2.8,20924448.0,59088820.0
2012-06-25,2.81,2.85,2.81,2.81,28521360.0,80893592.0
2012-06-21,2.84,2.85,2.82,2.82,21342508.0,60426800.0
2012-06-20,2.84,2.86,2.84,2.83,22784428.0,64896652.0
2012-06-19,2.82,2.86,2.83,2.81,23138552.0,65497440.0
2012-06-18,2.84,2.84,2.83,2.82,21937324.0,62041584.0
2012-06-15,2.78,2.84,2.84,2.77,43729088.0,122918360.0
2012-06-14,2.81,2.81,2.76,2.76,28025284.0,77956704.0
2012-06-13,2.79,2.82,2.81,2.78,20226816.0,56595552.0
2012-06-12,2.81,2.82,2.79,2.76,24902328.0,69352224.0
2012-06-11,2.81,2.83,2.82,2.8,17444698.0,49044156.0
2012-06-08,2.84,2.84,2.8,2.79,35058004.0,98353440.0
2012-06-07,2.86,2.87,2.83,2.82,21134040.0,60201120.0
2012-06-06,2.83,2.85,2.84,2.83,16501384.0,46826840.0
2012-06-05,2.82,2.84,2.83,2.82,23590980.0,66797840.0
2012-06-04,2.86,2.86,2.82,2.82,30332416.0,86040928.0
2012-06-01,2.89,2.9,2.87,2.86,25201642.0,72721544.0
2012-05-31,2.91,2.91,2.88,2.88,27780432.0,80361528.0
2012-05-30,3.06,3.07,3.04,3.03,39102768.0,119005864.0
2012-05-29,3.02,3.07,3.06,3.0,58856276.0,178819632.0
2012-05-28,2.98,3.02,3.02,2.97,47787220.0,143042128.0
2012-05-25,2.97,2.99,2.98,2.96,29233452.0,86987120.0
2012-05-24,2.95,2.98,2.96,2.94,27207880.0,80650384.0
2012-05-23,2.97,2.98,2.96,2.94,34918912.0,103335040.0
2012-05-22,2.96,2.98,2.97,2.95,34220680.0,101324496.0
2012-05-21,2.95,2.96,2.95,2.93,23754270.0,70082832.0
2012-05-18,2.96,2.97,2.95,2.94,31552856.0,93163680.0
2012-05-17,2.95,2.99,2.97,2.94,31929980.0,94683192.0
2012-05-16,3.01,3.01,2.95,2.94,50475240.0,150052144.0
2012-05-14,3.05,3.05,3.01,3.01,39360748.0,119240536.0
2012-05-11,3.04,3.06,3.02,3.02,38323024.0,116666952.0
2012-05-10,3.03,3.06,3.05,3.03,41116024.0,125280336.0
2012-05-09,3.07,3.07,3.04,3.03,53460624.0,162933152.0
2012-05-08,3.06,3.09,3.08,3.05,99759152.0,306327296.0
2012-05-07,3.06,3.07,3.07,3.04,50176144.0,153299824.0
2012-05-04,3.06,3.08,3.07,3.05,79887048.0,244841552.0
2012-05-03,3.08,3.08,3.06,3.05,45048296.0,137909568.0
2012-05-02,3.07,3.09,3.07,3.04,120241456.0,369274976.0
2012-04-27,3.01,3.04,3.03,3.0,61862824.0,186812368.0
2012-04-26,3.0,3.01,2.98,2.97,35472200.0,105908160.0
2012-04-25,3.0,3.01,3.0,2.98,60803192.0,182050288.0
2012-04-24,2.94,3.07,3.01,2.93,137569200.0,414733408.0
2012-04-23,2.95,2.96,2.95,2.93,42499964.0,125222840.0
2012-04-20,2.91,2.96,2.95,2.9,43965816.0,129152160.0
2012-04-19,2.92,2.93,2.91,2.9,23333244.0,67887384.0
2012-04-18,2.87,2.93,2.92,2.86,45700948.0,132805456.0
2012-04-17,2.86,2.88,2.87,2.85,22842408.0,65465160.0
2012-04-16,2.86,2.87,2.86,2.85,24332396.0,69593752.0
2012-04-13,2.89,2.89,2.87,2.86,40578796.0,116484672.0
2012-04-12,2.83,2.89,2.88,2.82,49916696.0,142864368.0
2012-04-11,2.82,2.85,2.83,2.81,20522088.0,58014680.0
2012-04-10,2.81,2.84,2.84,2.8,22262716.0,62741568.0
2012-04-09,2.84,2.84,2.8,2.8,28756320.0,81084784.0
2012-04-06,2.85,2.86,2.85,2.83,29449538.0,83700464.0
2012-04-05,2.84,2.87,2.85,2.81,53098304.0,150624192.0
2012-03-30,2.83,2.86,2.85,2.82,25585156.0,72633416.0
2012-03-29,2.87,2.87,2.82,2.81,31898664.0,90762264.0
2012-03-28,2.92,2.93,2.88,2.87,31969300.0,92790624.0
2012-03-27,2.94,2.95,2.93,2.92,15287275.0,44784140.0
2012-03-26,2.93,2.94,2.94,2.92,12371575.0,36239804.0
2012-03-23,2.93,2.94,2.93,2.91,25940702.0,75895168.0
2012-03-22,2.92,2.97,2.94,2.91,30229872.0,88687288.0
2012-03-21,2.93,2.94,2.92,2.91,28404202.0,83126408.0
2012-03-20,2.95,2.96,2.92,2.91,40774672.0,119295480.0
2012-03-19,2.96,2.97,2.95,2.93,40798328.0,120347552.0
2012-03-16,2.96,2.98,2.97,2.95,31227500.0,92570216.0
2012-03-15,2.97,2.99,2.96,2.96,50211020.0,149533568.0
2012-03-14,3.03,3.05,2.97,2.97,96834864.0,291902592.0
2012-03-13,2.99,3.02,3.02,2.98,38265888.0,115062912.0
2012-03-12,3.0,3.01,2.99,2.98,34720856.0,103882064.0
2012-03-09,3.03,3.03,3.01,2.99,63884868.0,191884480.0
2012-03-08,3.01,3.04,3.02,3.01,28138832.0,85042384.0
2012-03-07,3.0,3.03,3.01,3.0,32669096.0,98422152.0
2012-03-06,3.07,3.07,3.03,3.03,42164824.0,128337336.0
2012-03-05,3.1,3.12,3.06,3.06,54844364.0,169532480.0
2012-03-02,3.07,3.11,3.1,3.07,59405080.0,183339088.0
2012-03-01,3.07,3.1,3.07,3.06,41983412.0,129479592.0
2012-02-29,3.1,3.1,3.08,3.06,45564232.0,140389216.0
2012-02-28,3.07,3.14,3.1,3.06,118006128.0,366549856.0
2012-02-27,3.06,3.11,3.06,3.04,114463824.0,351967872.0
2012-02-24,3.02,3.06,3.05,3.0,82090776.0,248619344.0
2012-02-23,3.01,3.02,3.02,2.99,62892948.0,189169344.0
2012-02-22,3.0,3.02,3.01,2.98,57322904.0,171676256.0
2012-02-21,3.0,3.01,3.0,2.97,24805220.0,74242464.0
2012-02-20,3.01,3.03,2.99,2.98,40490100.0,121714240.0
2012-02-17,2.98,3.0,2.98,2.97,23401112.0,69827328.0
2012-02-16,2.99,3.0,2.97,2.96,39634164.0,117982152.0
2012-02-15,2.98,3.0,2.99,2.97,32591832.0,97374208.0
2012-02-14,3.0,3.0,2.98,2.97,20851936.0,62245792.0
2012-02-13,3.0,3.04,3.0,2.99,30554652.0,91940600.0
2012-02-10,3.01,3.05,3.01,3.01,44360344.0,134377792.0
2012-02-09,3.03,3.04,3.03,3.01,36233200.0,109580504.0
2012-02-08,2.98,3.05,3.04,2.97,47354008.0,142804288.0
2012-02-07,3.01,3.02,2.98,2.96,27307556.0,81514264.0
2012-02-06,3.01,3.04,3.02,3.0,47492376.0,143456448.0
2012-02-03,3.0,3.04,3.02,2.97,55528736.0,167044384.0
2012-02-02,2.95,3.02,3.01,2.95,45023504.0,134189312.0
2012-02-01,2.99,3.0,2.95,2.94,34487800.0,102405096.0
2012-01-31,2.99,3.01,3.0,2.98,19197830.0,57513484.0
2012-01-30,3.04,3.04,3.0,2.99,41919984.0,126115672.0
2012-01-20,2.99,3.04,3.04,2.98,68201568.0,205584224.0
2012-01-19,2.94,2.98,2.98,2.93,41482808.0,122988784.0
2012-01-18,2.97,2.98,2.93,2.92,36581824.0,108183784.0
2012-01-17,2.91,2.99,2.98,2.88,63525096.0,186668368.0
2012-01-16,2.92,2.95,2.91,2.9,27092436.0,79070960.0
2012-01-13,2.96,2.97,2.94,2.91,41244336.0,121236792.0
2012-01-12,2.94,2.99,2.95,2.93,35424712.0,104939600.0
2012-01-11,2.96,2.97,2.94,2.94,39294348.0,116203904.0
2012-01-10,2.93,2.98,2.97,2.9,74354320.0,218680864.0
2012-01-09,2.89,2.95,2.94,2.88,44848776.0,131132192.0
2012-01-06,2.91,2.94,2.9,2.88,48712132.0,141704000.0
2012-01-05,2.87,2.97,2.92,2.87,72819312.0,213520208.0
2012-01-04,2.88,2.95,2.89,2.86,86858696.0,252173552.0
2011-12-30,2.82,2.88,2.88,2.81,64712916.0,184181072.0
2011-12-29,2.79,2.84,2.82,2.78,36269808.0,102163384.0
2011-12-28,2.79,2.82,2.81,2.74,50125000.0,139391008.0
2011-12-27,2.79,2.84,2.8,2.79,39417720.0,110975360.0
2011-12-26,2.78,2.83,2.8,2.78,32094176.0,90096880.0
2011-12-23,2.77,2.82,2.8,2.77,36175188.0,101134720.0
2011-12-22,2.74,2.8,2.77,2.74,42340404.0,116991232.0
2011-12-21,2.78,2.8,2.76,2.75,58956632.0,163888528.0
2011-12-19,2.74,2.76,2.76,2.71,40063440.0,109558416.0
2011-12-16,2.71,2.77,2.75,2.7,38310580.0,104589232.0
2011-12-15,2.74,2.75,2.72,2.7,37739388.0,102678272.0
2011-12-14,2.77,2.78,2.75,2.73,24182436.0,66618088.0
2011-12-13,2.81,2.82,2.77,2.76,44341580.0,123990728.0
2011-12-12,2.81,2.83,2.82,2.81,18048760.0,50850544.0
2011-12-09,2.82,2.83,2.81,2.81,20065792.0,56505456.0
2011-12-08,2.82,2.84,2.83,2.8,33904944.0,95721304.0
2011-12-07,2.82,2.84,2.82,2.81,18373520.0,51906968.0
2011-12-06,2.82,2.83,2.82,2.8,26941956.0,75818760.0
2011-12-05,2.84,2.85,2.83,2.81,30959552.0,87654800.0
2011-12-02,2.85,2.86,2.84,2.81,37936184.0,107355832.0
2011-12-01,2.89,2.92,2.86,2.86,86311792.0,249391088.0
2011-11-30,2.89,2.89,2.82,2.8,42615376.0,120681408.0
2011-11-29,2.88,2.9,2.89,2.87,31480076.0,90760944.0
2011-11-28,2.87,2.87,2.86,2.85,17857154.0,51088592.0
2011-11-25,2.87,2.88,2.86,2.85,27365072.0,78279136.0
2011-11-24,2.87,2.89,2.87,2.85,28224674.0,80936272.0
2011-11-23,2.91,2.91,2.88,2.87,31882544.0,91946432.0
2011-11-22,2.9,2.91,2.9,2.88,23139280.0,67069496.0
2011-11-21,2.9,2.91,2.91,2.88,31977110.0,92557672.0
2011-11-18,2.92,2.93,2.9,2.89,37832068.0,110094600.0
2011-11-17,2.94,2.95,2.93,2.92,24010288.0,70453072.0
2011-11-16,3.0,3.0,2.94,2.93,51466848.0,152233104.0
2011-11-15,3.0,3.02,3.0,2.98,26796168.0,80345920.0
2011-11-14,2.99,3.02,3.02,2.99,38289024.0,115180016.0
2011-11-11,2.99,3.0,2.98,2.97,26145896.0,77987336.0
2011-11-10,3.01,3.02,2.98,2.98,44371168.0,132974128.0
2011-11-09,3.02,3.04,3.03,3.0,34573872.0,104483344.0
2011-11-08,3.02,3.04,3.01,3.0,32938128.0,99468896.0
2011-11-07,3.05,3.05,3.02,3.01,36123576.0,109462968.0
2011-11-04,3.05,3.06,3.06,3.03,63845620.0,194542880.0
2011-11-03,3.04,3.05,3.04,3.02,83131272.0,252502064.0
2011-11-02,2.98,3.04,3.03,2.96,62317672.0,186751152.0
2011-11-01,2.99,3.05,3.01,2.98,59344376.0,179254240.0
2011-10-31,3.03,3.04,3.01,3.0,47041280.0,141726416.0
2011-10-28,3.03,3.05,3.03,3.01,72656768.0,220406976.0
2011-10-27,2.98,3.01,3.0,2.97,49905080.0,149471744.0
2011-10-26,2.95,3.01,2.98,2.94,69465792.0,207172640.0
2011-10-25,2.94,2.98,2.97,2.93,77494592.0,229260976.0
2011-10-24,2.91,2.97,2.95,2.88,87508272.0,256427872.0
2011-10-21,2.93,2.94,2.9,2.89,51596636.0,150414144.0
2011-10-20,2.95,2.96,2.92,2.91,30333428.0,88741336.0
2011-10-19,2.97,3.0,2.96,2.95,23271648.0,69094256.0
2011-10-18,2.99,3.0,2.96,2.95,32287846.0,95978160.0
2011-10-17,3.01,3.04,3.01,2.99,26074892.0,78572528.0
2011-10-14,3.01,3.03,3.01,2.98,28643026.0,85955200.0
2011-10-13,3.02,3.03,3.03,3.0,47559124.0,143475984.0
2011-10-12,2.95,3.05,3.04,2.92,80598160.0,243064048.0
2011-10-11,3.0,3.03,2.96,2.93,42012352.0,124865248.0
2011-10-10,2.95,2.96,2.92,2.9,24773240.0,72537760.0
2011-09-30,2.94,2.97,2.95,2.93,26875688.0,79183264.0
2011-09-29,2.96,2.97,2.94,2.93,33980876.0,100155808.0
2011-09-28,3.01,3.02,2.97,2.96,24884336.0,74288880.0
2011-09-27,3.0,3.02,3.0,2.98,29185424.0,87427080.0
2011-09-26,3.01,3.03,2.99,2.98,26093852.0,78226256.0
2011-09-23,3.0,3.03,3.02,2.98,40786164.0,122513664.0
2011-09-22,3.06,3.08,3.02,3.0,50509216.0,153340864.0
2011-09-21,3.04,3.1,3.09,3.02,64515592.0,198419312.0
2011-09-19,3.05,3.06,3.02,3.02,21466010.0,65084072.0
2011-09-16,3.06,3.08,3.07,3.05,55537360.0,170137600.0
2011-09-15,3.04,3.06,3.04,3.02,39280784.0,119543248.0
2011-09-14,3.05,3.05,3.04,3.0,40168944.0,121517040.0
2011-09-13,3.04,3.05,3.04,3.02,26472574.0,80293944.0
2011-09-09,3.05,3.09,3.07,3.05,27458066.0,84205576.0
2011-09-08,3.08,3.08,3.05,3.05,24326446.0,74376600.0
2011-09-07,3.04,3.08,3.07,3.02,40084936.0,122465040.0
2011-09-06,3.02,3.05,3.03,3.01,29582976.0,89647064.0
2011-09-05,3.03,3.06,3.03,3.02,32777110.0,99374464.0
2011-09-02,3.08,3.09,3.05,3.04,39222964.0,119943808.0
2011-09-01,3.08,3.12,3.09,3.07,31412940.0,97154440.0
2011-08-31,3.08,3.1,3.08,3.06,23272340.0,71614704.0
2011-08-30,3.1,3.14,3.07,3.07,43869156.0,136075808.0
2011-08-29,3.16,3.16,3.08,3.07,71091360.0,219971232.0
2011-08-26,3.16,3.18,3.16,3.13,57530072.0,181373632.0
2011-08-25,3.06,3.19,3.18,3.06,171269600.0,539271936.0
2011-08-24,3.08,3.11,3.06,3.05,43202880.0,133137088.0
2011-08-23,3.04,3.08,3.08,3.03,37986200.0,116134456.0
2011-08-22,3.03,3.06,3.03,3.02,25578784.0,77690944.0
2011-08-19,3.02,3.04,3.04,3.01,48921656.0,148086528.0
2011-08-18,3.1,3.1,3.06,3.05,48373340.0,148648592.0
2011-08-17,3.11,3.12,3.1,3.08,54439704.0,168517184.0
2011-08-16,3.15,3.18,3.13,3.1,84229600.0,263908496.0
2011-08-15,3.11,3.19,3.17,3.08,91933592.0,288537472.0
2011-08-12,3.12,3.14,3.12,3.09,55566384.0,173110336.0
2011-08-11,3.03,3.13,3.11,3.02,59204824.0,182980736.0
2011-08-10,3.12,3.14,3.08,3.07,56663464.0,175802592.0
2011-08-09,3.02,3.11,3.08,2.98,89812184.0,274081056.0
2011-08-08,3.1,3.18,3.06,3.03,100157208.0,310136640.0
2011-08-05,3.12,3.15,3.13,3.1,55486064.0,173654672.0
2011-08-04,3.2,3.22,3.19,3.18,20796448.0,66397060.0
2011-08-03,3.18,3.23,3.19,3.16,31887708.0,101983032.0
2011-08-02,3.2,3.23,3.21,3.14,56471876.0,179487248.0
2011-08-01,3.21,3.26,3.21,3.19,58834676.0,189194496.0
2011-07-29,3.14,3.35,3.26,3.13,121484736.0,394943392.0
2011-07-28,3.16,3.17,3.14,3.13,43551972.0,136954800.0
2011-07-27,3.18,3.19,3.19,3.15,38685080.0,122688536.0
2011-07-26,3.19,3.2,3.18,3.16,41033556.0,130457936.0
2011-07-25,3.27,3.28,3.2,3.18,68799728.0,222169408.0
2011-07-22,3.29,3.3,3.28,3.27,40058204.0,131662032.0
2011-07-21,3.32,3.33,3.28,3.27,44179308.0,145319232.0
2011-07-20,3.34,3.35,3.32,3.3,41640760.0,138145968.0
2011-07-19,3.34,3.35,3.33,3.32,52743776.0,175596768.0
2011-07-18,3.36,3.37,3.35,3.34,44662288.0,149816912.0
2011-07-15,3.34,3.37,3.37,3.33,65027892.0,217938320.0
2011-07-14,3.35,3.36,3.35,3.33,45322964.0,151524304.0
2011-07-13,3.32,3.36,3.36,3.32,46021052.0,153912832.0
2011-07-12,3.35,3.35,3.32,3.31,52913876.0,176348208.0
2011-07-11,3.37,3.38,3.37,3.33,44016168.0,147752496.0
2011-07-08,3.34,3.42,3.38,3.33,121617376.0,411593312.0
2011-07-07,3.37,3.39,3.34,3.33,70115120.0,235089904.0
2011-07-06,3.36,3.37,3.34,3.32,59847792.0,199703520.0
2011-07-05,3.39,3.39,3.38,3.36,44581808.0,150417984.0
2011-07-04,3.34,3.4,3.39,3.33,85374512.0,287833376.0
2011-07-01,3.35,3.37,3.33,3.31,73598288.0,245577056.0
2011-06-30,3.33,3.37,3.35,3.31,69178032.0,230957504.0
2011-06-29,3.38,3.39,3.33,3.32,40502444.0,135670560.0
2011-06-28,3.4,3.4,3.38,3.36,32576024.0,109977024.0
2011-06-27,3.4,3.41,3.4,3.37,53234336.0,180526496.0
2011-06-24,3.31,3.44,3.4,3.3,107662576.0,364419840.0
2011-06-23,3.28,3.33,3.33,3.26,53426856.0,176262352.0
2011-06-22,3.29,3.32,3.3,3.25,42322776.0,139122736.0
2011-06-21,3.29,3.3,3.3,3.24,41480448.0,135814912.0
2011-06-20,3.31,3.32,3.29,3.24,36196072.0,118932248.0
2011-06-17,3.32,3.34,3.32,3.31,21967344.0,73012200.0
2011-06-16,3.37,3.38,3.32,3.32,32051166.0,107020312.0
2011-06-15,3.45,3.46,3.45,3.43,27137290.0,93452272.0
2011-06-14,3.42,3.48,3.46,3.41,52499828.0,181618864.0
2011-06-13,3.42,3.44,3.43,3.39,33695696.0,114955912.0
2011-06-10,3.4,3.43,3.43,3.39,35556520.0,121158592.0
2011-06-09,3.42,3.43,3.39,3.38,34991604.0,119106736.0
2011-06-08,3.44,3.45,3.44,3.4,63324872.0,216259744.0
2011-06-07,3.43,3.46,3.45,3.41,31593500.0,108475456.0
2011-06-03,3.4,3.45,3.44,3.39,49519256.0,169633408.0
2011-06-02,3.5,3.51,3.4,3.38,107726232.0,368818624.0
2011-06-01,3.54,3.55,3.53,3.51,32297276.0,113897624.0
2011-05-31,3.52,3.55,3.54,3.49,50906792.0,179053360.0
2011-05-27,3.56,3.58,3.5,3.49,70527464.0,249150000.0
2011-05-26,3.59,3.61,3.55,3.54,48938136.0,174894672.0
2011-05-25,3.65,3.65,3.57,3.56,55283184.0,199156336.0
2011-05-24,3.67,3.69,3.64,3.63,53607556.0,195860592.0
2011-05-23,3.78,3.79,3.68,3.66,104493752.0,388597248.0
2011-05-20,3.76,3.83,3.8,3.75,70759536.0,268758496.0
2011-05-19,3.78,3.79,3.75,3.75,28866856.0,108770176.0
2011-05-18,3.74,3.79,3.78,3.74,40557968.0,152975024.0
2011-05-17,3.74,3.78,3.76,3.72,43594768.0,163701904.0
2011-05-16,3.76,3.77,3.74,3.74,28093892.0,105349088.0
2011-05-13,3.73,3.77,3.77,3.73,44724788.0,167562896.0
2011-05-12,3.76,3.77,3.74,3.73,46146224.0,173268864.0
2011-05-11,3.78,3.79,3.77,3.76,40460548.0,152771760.0
2011-05-10,3.79,3.8,3.8,3.76,35326136.0,133681112.0
2011-05-09,3.77,3.79,3.79,3.76,37422704.0,141270000.0
2011-05-06,3.76,3.79,3.77,3.75,37688168.0,142049696.0
2011-05-05,3.75,3.81,3.79,3.73,63301764.0,238836784.0
2011-05-04,3.8,3.8,3.76,3.75,80853856.0,305196288.0
2011-05-03,3.82,3.83,3.82,3.78,61402152.0,233411072.0
2011-04-29,3.86,3.87,3.82,3.75,129945808.0,492612128.0
2011-04-28,3.87,3.94,3.87,3.85,134779120.0,524508864.0
2011-04-27,3.86,3.89,3.85,3.83,64356328.0,248470320.0
2011-04-26,3.84,3.87,3.85,3.83,63579980.0,244713280.0
2011-04-25,3.9,3.91,3.85,3.84,103321624.0,399176000.0
2011-04-22,3.93,3.94,3.91,3.9,77651888.0,304002944.0
2011-04-21,3.93,3.99,3.94,3.91,92703496.0,365581888.0
2011-04-20,3.94,3.95,3.92,3.9,89088336.0,349707776.0
2011-04-19,3.97,3.98,3.93,3.92,113657088.0,447656896.0
2011-04-18,4.04,4.06,4.01,3.96,189141632.0,758734208.0
2011-04-14,4.02,4.1,4.02,4.01,277309504.0,1125746944.0
2011-04-13,3.95,4.02,4.02,3.92,218004304.0,865086784.0
2011-04-12,3.97,4.0,3.97,3.92,151157664.0,598594560.0
2011-04-11,3.98,4.04,3.97,3.95,143031600.0,570421824.0
2011-04-08,4.0,4.0,3.99,3.95,102519976.0,407204512.0
2011-04-07,4.0,4.05,4.0,3.99,168605952.0,675773248.0
2011-04-06,3.9,4.02,3.99,3.89,201237008.0,800829952.0
2011-04-01,3.84,3.94,3.92,3.83,107779608.0,420388256.0
2011-03-31,3.9,3.91,3.83,3.82,80379616.0,309663712.0
2011-03-30,3.92,3.94,3.9,3.88,114787920.0,448634112.0
2011-03-29,3.86,4.0,3.93,3.84,249488784.0,980713344.0
2011-03-28,3.88,3.95,3.88,3.87,124117864.0,484545888.0
2011-03-25,3.83,3.88,3.86,3.82,123321936.0,476621888.0
2011-03-24,3.84,3.85,3.82,3.81,57070780.0,218374960.0
2011-03-23,3.82,3.86,3.85,3.81,97224224.0,372934784.0
2011-03-22,3.82,3.85,3.84,3.78,84736456.0,324123840.0
2011-03-21,3.82,3.84,3.81,3.8,55900876.0,213134800.0
2011-03-18,3.81,3.85,3.84,3.8,57181084.0,218090688.0
2011-03-17,3.81,3.82,3.79,3.78,68100520.0,258673136.0
2011-03-16,3.81,3.84,3.84,3.8,66560448.0,254069392.0
2011-03-15,3.86,3.86,3.82,3.77,136523744.0,519117888.0
2011-03-11,3.85,3.88,3.86,3.85,85619568.0,330706240.0
2011-03-10,3.96,3.97,3.87,3.85,178689040.0,694972032.0
2011-03-09,3.98,4.02,3.97,3.96,129987920.0,518235680.0
2011-03-08,4.0,4.04,3.97,3.95,132894192.0,529619296.0
2011-03-07,4.02,4.05,4.01,3.97,206286992.0,826484416.0
2011-03-04,3.97,4.0,3.99,3.93,160411696.0,636154368.0
2011-03-03,3.91,4.08,3.98,3.89,352840640.0,1411748480.0
2011-03-02,3.87,3.95,3.92,3.85,175982656.0,687456256.0
2011-03-01,3.85,3.91,3.89,3.84,151939056.0,589872576.0
2011-02-28,3.84,3.87,3.86,3.81,62523024.0,240340080.0
2011-02-25,3.83,3.9,3.85,3.79,87282200.0,335411648.0
2011-02-24,3.82,3.85,3.84,3.79,76286632.0,291130240.0
2011-02-23,3.8,3.84,3.83,3.8,70975312.0,271123424.0
2011-02-22,3.96,3.96,3.82,3.81,147608288.0,571518272.0
2011-02-21,3.93,3.96,3.96,3.91,121852856.0,479188736.0
2011-02-18,4.01,4.02,3.97,3.95,95847096.0,381343584.0
2011-02-17,4.03,4.09,4.03,4.0,133929256.0,540877440.0
2011-02-16,4.0,4.02,4.02,3.97,107464744.0,428945312.0
2011-02-15,4.05,4.07,4.01,3.99,167672560.0,675007552.0
2011-02-14,3.88,4.08,4.05,3.87,288211552.0,1154084224.0
2011-02-11,3.85,3.89,3.88,3.83,99759712.0,384585696.0
2011-02-10,3.82,3.87,3.86,3.8,79573616.0,305450336.0
2011-02-09,3.87,3.9,3.83,3.82,83573640.0,322104800.0
2011-02-01,3.88,3.9,3.89,3.87,67059348.0,260523488.0
2011-01-31,3.85,3.91,3.89,3.82,115829696.0,448349152.0
2011-01-28,3.86,3.9,3.85,3.81,99399096.0,381692416.0
2011-01-27,3.82,3.93,3.89,3.79,156411840.0,603169408.0
2011-01-26,3.84,3.86,3.85,3.82,71185496.0,273556928.0
2011-01-25,3.81,3.85,3.84,3.77,71687184.0,273857856.0
2011-01-24,3.83,3.87,3.81,3.78,78144080.0,298377600.0
2011-01-21,3.7,3.93,3.83,3.7,145047056.0,555056128.0
2011-01-20,3.85,3.85,3.73,3.71,134640384.0,506777664.0
2011-01-19,3.81,3.87,3.86,3.74,125624744.0,478438624.0
2011-01-18,3.77,3.86,3.79,3.76,119820736.0,456579008.0
2011-01-17,3.95,3.99,3.78,3.76,196659328.0,759141440.0
2011-01-14,4.06,4.07,3.99,3.97,177666256.0,713726464.0
2011-01-13,4.17,4.17,4.09,4.08,173381776.0,712609280.0
2011-01-12,4.16,4.22,4.18,4.08,235318016.0,973950976.0
2011-01-11,4.06,4.22,4.16,4.05,202239744.0,837106176.0
2011-01-10,4.13,4.19,4.09,4.08,179024432.0,738968896.0
2011-01-07,4.0,4.28,4.19,3.94,407738048.0,1691367424.0
2011-01-06,4.04,4.08,4.02,3.98,112530384.0,452336800.0
2011-01-05,4.05,4.12,4.04,4.01,154783392.0,627816448.0
2011-01-04,3.98,4.15,4.07,3.93,213397632.0,867259712.0
