date,open,high,close,low,volume,amount
2015-12-31,7.32,7.44,7.22,7.2,53857960.0,394754638.0
2015-12-30,7.27,7.33,7.32,7.22,44786607.0,325959317.0
2015-12-29,7.26,7.34,7.31,7.2,48857465.0,354800001.0
2015-12-28,7.63,7.65,7.26,7.25,118415118.0,877703384.0
2015-12-25,7.61,7.69,7.64,7.57,67149613.0,512377923.0
2015-12-24,7.63,7.79,7.65,7.5,116499920.0,890963584.0
2015-12-23,7.48,7.98,7.71,7.44,191169968.0,1467633664.0
2015-12-22,7.53,7.58,7.5,7.42,93634694.0,700524798.0
2015-12-21,7.35,7.8,7.6,7.3,160593600.0,1215994624.0
2015-12-18,7.38,7.81,7.45,7.34,190694368.0,1445736832.0
2015-12-17,7.32,7.56,7.44,7.24,117097888.0,868658368.0
2015-12-16,7.31,7.36,7.26,7.2,76630360.0,556258240.0
2015-12-15,7.52,7.52,7.31,7.3,72775888.0,537974656.0
2015-12-14,7.16,7.61,7.57,7.13,91784736.0,679525184.0
2015-12-11,7.31,7.37,7.27,7.14,64198396.0,464890176.0
2015-12-10,7.45,7.8,7.35,7.31,99095408.0,741807104.0
2015-12-09,7.41,7.61,7.5,7.4,75269852.0,565518678.0
2015-12-08,7.6,7.61,7.46,7.34,96621432.0,720499840.0
2015-12-07,7.67,7.76,7.64,7.5,82667428.0,629626099.0
2015-12-04,7.77,7.89,7.7,7.61,121459952.0,941263744.0
2015-12-03,8.0,8.47,7.93,7.69,271696426.0,2180027150.0
2015-12-02,7.09,7.83,7.83,7.05,191420976.0,1450098688.0
2015-12-01,7.22,7.28,7.12,6.93,83112402.0,588814644.0
2015-11-30,7.09,7.43,7.26,7.01,110108048.0,795190144.0
2015-11-27,7.51,7.63,7.05,6.98,78707448.0,577581184.0
2015-11-26,7.61,7.9,7.58,7.56,99389360.0,764385600.0
2015-11-25,7.52,7.67,7.59,7.48,63106872.0,476537440.0
2015-11-24,7.69,7.7,7.56,7.5,81114896.0,614470528.0
2015-11-23,7.7,7.87,7.71,7.59,96030008.0,740339456.0
2015-11-20,7.89,7.95,7.74,7.65,112911096.0,879824704.0
2015-11-19,8.0,8.0,7.9,7.77,179366544.0,1409237376.0
2015-11-18,7.6,8.18,8.13,7.49,312324928.0,2452120832.0
2015-11-13,7.51,7.66,7.44,7.4,93305576.0,700621952.0
2015-11-12,7.77,7.87,7.63,7.55,108851832.0,835453376.0
2015-11-11,7.7,7.81,7.68,7.51,140597456.0,1072818304.0
2015-11-10,7.68,8.1,7.83,7.45,256517008.0,1985728640.0
2015-11-09,7.2,7.66,7.66,7.1,133113136.0,1002610560.0
2015-11-06,6.71,6.99,6.96,6.61,141866720.0,967044160.0
2015-11-05,6.45,7.02,6.8,6.45,215255616.0,1465468032.0
2015-11-04,6.27,6.53,6.49,6.25,101533360.0,650444416.0
2015-11-03,6.28,6.33,6.26,6.21,46305984.0,290608096.0
2015-11-02,6.37,6.39,6.29,6.28,43742416.0,277742080.0
2015-10-30,6.35,6.52,6.4,6.33,69917288.0,448208096.0
2015-10-29,6.41,6.41,6.36,6.34,60439480.0,385061472.0
2015-10-28,6.34,6.55,6.43,6.33,112609288.0,726585984.0
2015-10-27,6.41,6.48,6.4,6.34,77779176.0,497621632.0
2015-10-26,6.53,6.62,6.45,6.41,109606688.0,714714496.0
2015-10-23,6.48,6.56,6.49,6.42,125483336.0,815356224.0
2015-10-22,6.44,6.66,6.5,6.33,141021200.0,912586112.0
2015-10-21,6.3,6.79,6.59,6.26,276608512.0,1810569216.0
2015-10-20,6.28,6.33,6.31,6.22,81608592.0,511893888.0
2015-10-19,6.34,6.44,6.31,6.26,98555168.0,625295616.0
2015-10-16,6.32,6.41,6.33,6.27,93671608.0,593253632.0
2015-10-15,6.18,6.3,6.29,6.16,97358768.0,608448768.0
2015-10-14,6.15,6.3,6.22,6.13,91743152.0,569251968.0
2015-10-13,6.15,6.2,6.18,6.1,57498116.0,354329344.0
2015-10-12,6.04,6.3,6.18,6.01,121337608.0,746823296.0
2015-10-09,5.98,6.04,6.01,5.96,49216776.0,295915616.0
2015-10-08,5.98,6.04,5.98,5.9,54231644.0,324624544.0
2015-09-30,5.85,5.95,5.87,5.85,29603784.0,174500880.0
2015-09-29,5.92,5.95,5.87,5.83,35488528.0,208871344.0
2015-09-28,5.96,5.99,5.96,5.93,34090432.0,203000544.0
2015-09-25,5.95,6.04,6.01,5.93,65811844.0,394878496.0
2015-09-24,5.96,6.05,5.99,5.94,33976652.0,203627888.0
2015-09-23,6.02,6.05,5.95,5.93,59709800.0,357170624.0
2015-09-22,6.03,6.19,6.09,6.01,79602080.0,485632736.0
2015-09-21,5.96,6.08,6.05,5.94,55346584.0,332062528.0
2015-09-18,6.1,6.13,6.05,6.04,41702720.0,253629024.0
2015-09-17,6.11,6.26,6.09,6.08,92884456.0,572859968.0
2015-09-16,6.01,6.34,6.24,5.93,141759664.0,861451840.0
2015-09-15,6.0,6.43,6.14,5.95,163499408.0,1017899648.0
2015-09-14,6.17,6.42,6.12,5.92,111665784.0,688609856.0
2015-09-11,6.2,6.28,6.17,6.13,53048412.0,328312128.0
2015-09-10,6.28,6.45,6.24,6.11,90577648.0,571288064.0
2015-09-09,6.15,6.41,6.38,6.1,148140784.0,931381504.0
2015-09-08,5.77,6.35,6.26,5.77,138400576.0,848971072.0
2015-09-07,6.22,6.22,5.85,5.81,115734280.0,700665792.0
2015-09-02,6.2,6.65,6.23,6.12,166177072.0,1058736832.0
2015-09-01,6.28,6.67,6.42,6.18,174011264.0,1126958976.0
2015-08-31,6.23,6.45,6.4,6.05,128883536.0,808236992.0
2015-08-28,6.35,6.48,6.37,6.26,153157600.0,974983488.0
2015-08-27,5.78,6.22,6.22,5.65,139189360.0,818356288.0
2015-08-26,5.61,5.88,5.65,5.41,137831376.0,779771264.0
2015-08-25,5.83,6.07,5.5,5.5,147060416.0,845835200.0
2015-08-24,6.6,6.69,6.11,6.11,117260344.0,737787328.0
2015-08-21,7.01,7.16,6.79,6.74,85415696.0,592957120.0
2015-08-20,7.4,7.4,7.09,7.08,83523840.0,602092992.0
2015-08-19,7.42,7.6,7.4,7.07,134616544.0,984801856.0
2015-08-18,7.46,7.78,7.6,7.44,170275952.0,1298476928.0
2015-08-17,7.58,7.58,7.46,7.4,76687600.0,571762560.0
2015-08-14,7.63,7.67,7.6,7.57,65960192.0,502502176.0
2015-08-13,7.59,7.67,7.63,7.5,69362168.0,525574624.0
2015-08-12,7.7,7.78,7.62,7.59,74538800.0,570479808.0
2015-08-11,7.81,7.86,7.79,7.71,99702648.0,775975360.0
2015-08-10,7.64,7.96,7.88,7.56,132364320.0,1026455488.0
2015-08-07,7.58,7.7,7.64,7.57,75382768.0,574696064.0
2015-08-06,7.6,7.75,7.61,7.52,62945928.0,482610048.0
2015-08-05,7.77,7.77,7.61,7.6,83833144.0,643039040.0
2015-08-04,7.66,7.82,7.79,7.52,90283624.0,693559168.0
2015-08-03,7.48,7.88,7.71,7.37,124551368.0,950459072.0
2015-07-31,7.88,7.96,7.6,7.43,117897720.0,911803136.0
2015-07-30,8.12,8.17,7.97,7.9,143502928.0,1150154112.0
2015-07-29,8.02,8.18,8.11,7.75,172590160.0,1378066176.0
2015-07-28,8.0,8.75,8.2,7.85,243424448.0,2047426688.0
2015-07-27,9.02,9.14,8.31,8.29,251540960.0,2214232320.0
2015-07-24,9.39,9.6,9.21,9.1,215824224.0,2031298432.0
2015-07-23,9.29,9.46,9.42,9.2,185482528.0,1736591616.0
2015-07-22,9.33,9.74,9.36,9.28,240358704.0,2272316928.0
2015-07-21,9.79,9.96,9.53,9.51,253813024.0,2457707264.0
2015-07-20,9.65,10.28,9.98,9.47,331979456.0,3275561728.0
2015-07-17,9.88,10.08,9.8,9.6,251822176.0,2469467392.0
2015-07-16,10.28,10.5,9.88,9.55,326504896.0,3268463872.0
2015-07-15,9.6,10.47,10.28,9.52,474877504.0,4814361088.0
2015-07-14,9.0,10.05,9.97,8.71,442652224.0,4095574016.0
2015-07-13,9.38,9.56,9.2,9.06,343565792.0,3195025152.0
2015-07-10,9.41,10.5,9.78,9.18,433769216.0,4333943296.0
2015-07-09,9.4,10.25,9.79,8.68,380264896.0,3597208064.0
2015-07-08,8.28,9.62,9.4,8.2,754541248.0,6923373056.0
2015-07-07,8.0,9.1,9.1,8.0,551000960.0,4789163008.0
2015-07-06,8.3,8.34,8.27,7.76,645165184.0,5242015232.0
2015-07-03,7.91,8.11,7.63,7.51,310690432.0,2450928640.0
2015-07-02,7.8,8.12,8.12,7.39,525850208.0,4106935040.0
2015-07-01,7.61,7.75,7.38,7.35,176599712.0,1337627520.0
2015-06-30,7.4,7.8,7.71,7.2,259781536.0,1952036480.0
2015-06-29,7.39,7.54,7.26,6.59,250884128.0,1821146368.0
2015-06-26,7.48,7.7,7.17,6.89,238766864.0,1749904768.0
2015-06-25,8.17,8.19,7.66,7.59,254061824.0,2020613248.0
2015-06-24,7.71,8.05,7.94,7.58,176486784.0,1369265280.0
2015-06-23,7.5,7.72,7.71,7.19,148792624.0,1122106496.0
2015-06-19,7.87,8.0,7.44,7.36,191798400.0,1489431040.0
2015-06-18,8.34,8.36,8.01,8.0,289485696.0,2367741440.0
2015-06-17,8.49,8.98,8.54,8.36,552453440.0,4744168448.0
2015-06-16,8.0,8.41,8.37,7.95,353929184.0,2920510208.0
2015-06-15,8.4,8.4,8.08,8.04,254000736.0,2088445184.0
2015-06-12,8.18,8.49,8.46,8.07,274484832.0,2257717504.0
2015-06-11,8.32,8.36,8.18,8.06,183336880.0,1494145536.0
2015-06-10,8.37,8.45,8.31,8.25,202282784.0,1684101760.0
2015-06-09,8.58,8.82,8.49,8.31,401446464.0,3442760192.0
2015-06-08,8.04,8.55,8.49,7.99,469388000.0,3909880576.0
2015-06-05,8.19,8.27,8.0,7.85,313893312.0,2524702976.0
2015-06-04,7.87,8.29,8.11,7.71,396851552.0,3194897920.0
2015-06-03,7.75,7.94,7.89,7.61,259549776.0,2025031168.0
2015-06-02,7.68,7.8,7.74,7.59,164771840.0,1265317120.0
2015-06-01,7.4,7.73,7.71,7.3,182618096.0,1378175744.0
2015-05-29,7.47,7.56,7.39,7.2,175615232.0,1299567872.0
2015-05-28,7.82,8.0,7.47,7.44,292487424.0,2283190272.0
2015-05-27,7.91,7.95,7.83,7.76,155103200.0,1216107648.0
2015-05-26,7.85,7.89,7.88,7.73,185204272.0,1445465856.0
2015-05-25,7.68,7.84,7.82,7.68,206132112.0,1603211776.0
2015-05-22,7.46,7.75,7.66,7.45,182957792.0,1386872192.0
2015-05-21,7.41,7.46,7.42,7.35,117582448.0,869429760.0
2015-05-20,7.5,7.59,7.42,7.39,147938288.0,1107027456.0
2015-05-19,7.21,7.5,7.47,7.21,115698376.0,857313408.0
2015-05-18,7.29,7.38,7.25,7.22,76050112.0,554816256.0
2015-05-15,7.58,7.6,7.35,7.3,114673192.0,849859904.0
2015-05-14,7.7,7.74,7.6,7.57,117206792.0,895690560.0
2015-05-13,7.8,7.85,7.62,7.55,153753280.0,1179119872.0
2015-05-12,7.55,7.96,7.78,7.46,257273952.0,1991704448.0
2015-05-11,7.37,7.58,7.55,7.28,145625072.0,1079391872.0
2015-05-08,7.37,7.42,7.37,7.18,101639304.0,743675840.0
2015-05-07,7.36,7.48,7.29,7.27,95840840.0,705476352.0
2015-05-06,7.52,7.7,7.36,7.29,136475584.0,1026118336.0
2015-05-05,7.92,7.94,7.51,7.48,165242896.0,1273191296.0
2015-05-04,7.91,8.03,7.95,7.84,110576832.0,878471104.0
2015-04-30,8.11,8.15,7.92,7.9,166029872.0,1329760256.0
2015-04-29,8.2,8.2,8.1,7.92,192515984.0,1553111296.0
2015-04-28,8.15,8.67,8.26,8.08,460550560.0,3842074880.0
2015-04-27,7.93,8.12,8.11,7.92,237420592.0,1908322560.0
2015-04-24,7.89,7.94,7.89,7.79,174473680.0,1371953664.0
2015-04-23,8.19,8.19,8.05,7.93,208879232.0,1683169792.0
2015-04-22,8.07,8.2,8.19,7.99,245592080.0,1981031168.0
2015-04-21,7.92,8.06,8.03,7.83,173504496.0,1379570048.0
2015-04-20,8.35,8.35,7.93,7.9,299943872.0,2439350016.0
2015-04-17,8.39,8.5,8.27,8.13,322225760.0,2666470144.0
2015-04-16,7.85,8.29,8.28,7.77,267753408.0,2163734528.0
2015-04-15,7.84,8.17,7.93,7.8,266782608.0,2135440384.0
2015-04-14,7.97,7.97,7.86,7.77,178745200.0,1404672384.0
2015-04-13,8.01,8.19,8.0,7.86,295392896.0,2371766784.0
2015-04-10,7.64,7.9,7.84,7.59,254817744.0,1983697792.0
2015-04-09,7.84,7.98,7.69,7.67,275668096.0,2148909568.0
2015-04-08,7.65,7.85,7.84,7.56,350516448.0,2709343488.0
2015-04-07,7.49,7.66,7.61,7.42,278491072.0,2100968832.0
2015-04-03,7.31,7.42,7.39,7.28,128888800.0,949282432.0
2015-04-02,7.43,7.46,7.35,7.3,134281424.0,987678080.0
2015-04-01,7.36,7.47,7.41,7.3,132053200.0,975059776.0
2015-03-31,7.55,7.63,7.36,7.32,211499152.0,1582740736.0
2015-03-30,7.32,7.52,7.46,7.26,225446544.0,1671889152.0
2015-03-27,7.25,7.36,7.29,7.18,121648808.0,884858624.0
2015-03-26,7.16,7.35,7.23,7.1,133764432.0,967912256.0
2015-03-25,7.39,7.39,7.23,7.2,145919184.0,1061220224.0
2015-03-24,7.49,7.58,7.41,7.31,174446384.0,1295266432.0
2015-03-23,7.51,7.55,7.52,7.43,202639536.0,1519987200.0
2015-03-20,7.42,7.68,7.5,7.28,246074256.0,1839372672.0
2015-03-19,7.49,7.49,7.43,7.33,154174752.0,1139415936.0
2015-03-18,7.34,7.56,7.51,7.31,206696352.0,1538595072.0
2015-03-17,7.39,7.45,7.34,7.25,170859616.0,1251385984.0
2015-03-16,7.2,7.3,7.25,7.08,160262032.0,1154141952.0
2015-03-13,7.29,7.49,7.2,7.13,209667632.0,1533656960.0
2015-03-12,7.1,7.5,7.26,7.02,314078592.0,2279925504.0
2015-03-11,6.88,7.18,6.97,6.87,133417400.0,936332480.0
2015-03-10,6.91,7.05,6.87,6.84,149598656.0,1033623808.0
2015-03-09,6.62,7.23,7.08,6.55,314139808.0,2177504000.0
2015-03-06,6.55,6.62,6.57,6.53,65922208.0,433384736.0
2015-03-05,6.62,6.67,6.55,6.5,99431984.0,652558208.0
2015-03-04,6.7,6.74,6.66,6.61,92044584.0,613466368.0
2015-03-03,6.97,6.98,6.72,6.66,171489808.0,1170607616.0
2015-03-02,6.81,7.05,7.05,6.73,182752944.0,1255475968.0
2015-02-27,6.79,6.82,6.77,6.75,79089816.0,536053504.0
2015-02-26,6.62,6.8,6.79,6.55,102437984.0,686256384.0
2015-02-25,6.75,6.76,6.62,6.61,73115536.0,487174016.0
2015-02-17,6.72,6.84,6.75,6.71,73506232.0,496409248.0
2015-02-16,6.75,6.77,6.72,6.69,43595376.0,292915552.0
2015-02-13,6.73,6.88,6.75,6.69,79996560.0,542696128.0
2015-02-12,6.7,6.73,6.7,6.61,56056972.0,373760064.0
2015-02-11,6.76,6.8,6.7,6.61,57436332.0,384392864.0
2015-02-10,6.52,6.75,6.75,6.49,77097240.0,514716736.0
2015-02-09,6.46,6.65,6.57,6.3,82118624.0,532827328.0
2015-02-06,6.7,6.71,6.47,6.38,110519904.0,722359936.0
2015-02-05,7.08,7.1,6.71,6.68,162215280.0,1125257600.0
2015-02-04,6.88,6.93,6.72,6.7,68510104.0,467734720.0
2015-02-03,6.77,6.87,6.86,6.65,80188304.0,541040320.0
2015-02-02,6.76,6.82,6.68,6.65,84382920.0,568189632.0
2015-01-30,7.1,7.14,6.95,6.92,68146720.0,477976576.0
2015-01-29,6.97,7.05,7.01,6.9,93003448.0,648494528.0
2015-01-28,7.04,7.32,7.15,6.95,163146128.0,1168901888.0
2015-01-27,7.24,7.24,7.06,6.94,109801280.0,776883648.0
2015-01-26,7.24,7.26,7.24,7.09,86008360.0,615657856.0
2015-01-23,7.26,7.4,7.26,7.2,153915056.0,1123305728.0
2015-01-22,7.3,7.35,7.22,7.12,134986352.0,975639040.0
2015-01-21,6.99,7.38,7.31,6.91,224228864.0,1602374784.0
2015-01-20,6.93,7.14,6.93,6.68,224483632.0,1554337920.0
2015-01-19,7.29,7.42,7.09,7.09,179348432.0,1294112384.0
2015-01-16,7.91,8.06,7.88,7.77,209674800.0,1662255744.0
2015-01-15,7.59,7.93,7.92,7.5,201955136.0,1568041344.0
2015-01-14,7.5,7.92,7.66,7.5,209317488.0,1617835904.0
2015-01-13,7.47,7.53,7.41,7.36,96668536.0,716752448.0
2015-01-12,7.5,7.64,7.46,7.32,127071712.0,949152000.0
2015-01-09,7.4,8.03,7.6,7.37,258676848.0,1988183936.0
2015-01-08,7.93,7.97,7.54,7.47,202660640.0,1546069376.0
2015-01-07,7.8,8.1,7.91,7.73,180969312.0,1430048896.0
2015-01-06,8.0,8.31,7.93,7.83,289390336.0,2320454400.0
2015-01-05,8.15,8.33,8.16,7.91,337368256.0,2739056384.0
2014-12-31,8.0,8.19,8.14,7.82,463730464.0,3717933312.0
2014-12-30,7.33,8.01,8.01,7.22,557351488.0,4394108416.0
2014-12-29,7.58,7.79,7.28,7.15,295012896.0,2213615360.0
2014-12-26,7.02,7.36,7.33,6.9,271848832.0,1946021760.0
2014-12-25,6.89,7.13,6.98,6.76,188503504.0,1311618816.0
2014-12-24,7.15,7.19,6.74,6.62,187566096.0,1279191552.0
2014-12-23,7.2,7.49,7.06,6.85,226615936.0,1631167232.0
2014-12-22,7.09,7.75,7.41,6.96,386676928.0,2863339776.0
2014-12-19,6.81,7.19,7.08,6.81,252541856.0,1772458880.0
2014-12-18,7.3,7.36,6.92,6.85,366613504.0,2586988544.0
2014-12-17,6.6,7.17,7.17,6.48,571677888.0,3966859776.0
2014-12-16,6.13,6.55,6.52,6.11,265411184.0,1690281984.0
2014-12-15,6.21,6.22,6.15,5.95,175229984.0,1065533120.0
2014-12-12,6.34,6.44,6.27,6.2,128512320.0,810432896.0
2014-12-11,6.36,6.6,6.32,6.26,169773488.0,1085508224.0
2014-12-10,6.38,6.6,6.49,5.98,265191168.0,1672474368.0
2014-12-09,6.84,7.28,6.35,6.24,391111296.0,2726662400.0
2014-12-08,6.61,7.13,6.93,6.57,352077856.0,2407303680.0
2014-12-05,6.79,7.27,6.89,6.51,397448896.0,2741329664.0
2014-12-04,6.4,6.85,6.77,6.27,323207424.0,2127172992.0
2014-12-03,6.6,6.85,6.43,6.37,355117792.0,2351961600.0
2014-12-02,6.19,6.89,6.67,6.15,372288640.0,2411000320.0
2014-12-01,6.5,6.63,6.29,6.15,413995744.0,2629477376.0
2014-11-28,5.59,6.11,6.11,5.59,418403328.0,2494598144.0
2014-11-27,5.35,5.57,5.55,5.33,269831936.0,1469665664.0
2014-11-26,5.15,5.36,5.32,5.11,198820592.0,1043308352.0
2014-11-25,5.08,5.16,5.15,5.02,117087792.0,595445824.0
2014-11-24,4.97,5.17,5.1,4.94,163227296.0,825030784.0
2014-11-21,4.97,5.1,5.09,4.9,92580576.0,462765376.0
2014-11-20,4.94,4.99,4.97,4.89,56021000.0,277302624.0
2014-11-19,4.9,4.95,4.94,4.88,42602704.0,209609056.0
2014-11-18,4.94,4.98,4.91,4.87,64101196.0,314769568.0
2014-11-17,5.09,5.12,4.95,4.94,78605872.0,392708128.0
2014-11-14,5.15,5.15,5.07,4.98,79412744.0,401027424.0
2014-11-13,5.22,5.32,5.15,5.12,105604072.0,549540096.0
2014-11-12,5.18,5.23,5.22,5.08,114825648.0,592034496.0
2014-11-11,5.17,5.5,5.27,5.1,303837056.0,1611863680.0
2014-11-10,5.0,5.21,5.15,4.92,185013872.0,934082688.0
2014-11-07,4.83,5.15,4.92,4.8,245730944.0,1225612416.0
2014-11-06,4.86,4.91,4.83,4.79,71063664.0,344429888.0
2014-11-05,4.8,4.95,4.89,4.71,148664912.0,718334464.0
2014-11-04,4.83,4.85,4.79,4.78,79487408.0,382519168.0
2014-11-03,4.89,4.95,4.85,4.78,111760472.0,543350912.0
2014-10-31,4.77,5.03,4.89,4.75,281304608.0,1371539072.0
2014-10-30,4.71,4.81,4.74,4.65,215838560.0,1021966272.0
2014-10-29,4.5,4.73,4.66,4.47,152038624.0,700717760.0
2014-10-28,4.39,4.51,4.5,4.39,60291464.0,269526336.0
2014-10-27,4.57,4.57,4.43,4.38,90608208.0,404802144.0
2014-10-24,4.64,4.69,4.61,4.59,74255408.0,344278464.0
2014-10-23,4.64,4.75,4.63,4.59,117696640.0,549351872.0
2014-10-22,4.64,4.77,4.65,4.62,93692152.0,439544864.0
2014-10-21,4.74,4.79,4.65,4.62,93813040.0,441061152.0
2014-10-20,4.67,4.81,4.76,4.6,136764480.0,643826624.0
2014-10-17,4.7,4.73,4.65,4.59,116873360.0,545404928.0
2014-10-16,4.59,4.95,4.75,4.57,240145056.0,1149625472.0
2014-10-15,4.53,4.69,4.62,4.52,116359056.0,536445440.0
2014-10-14,4.54,4.61,4.54,4.52,58751928.0,267764784.0
2014-10-13,4.56,4.57,4.54,4.51,50872508.0,230558096.0
2014-10-10,4.54,4.64,4.59,4.52,111920464.0,512501952.0
2014-10-09,4.57,4.59,4.56,4.53,58925176.0,268438560.0
2014-10-08,4.55,4.58,4.58,4.51,78266704.0,355849632.0
2014-09-30,4.54,4.56,4.54,4.52,47821288.0,216813808.0
2014-09-29,4.54,4.58,4.55,4.51,61606144.0,279765440.0
2014-09-26,4.57,4.59,4.53,4.51,67943624.0,308924640.0
2014-09-25,4.56,4.66,4.59,4.52,125608640.0,575230720.0
2014-09-24,4.47,4.57,4.54,4.42,99317608.0,448397472.0
2014-09-23,4.42,4.54,4.49,4.41,64263952.0,287561152.0
2014-09-22,4.52,4.55,4.43,4.4,82994928.0,370217600.0
2014-09-19,4.5,4.58,4.54,4.49,110924696.0,502738592.0
2014-09-18,4.37,4.82,4.58,4.35,200379328.0,920202688.0
2014-09-17,4.37,4.41,4.38,4.35,50869752.0,222347968.0
2014-09-16,4.4,4.51,4.39,4.35,120569120.0,534067008.0
2014-09-15,4.36,4.41,4.41,4.34,52631456.0,230271248.0
2014-09-12,4.34,4.38,4.37,4.33,32903062.0,143331568.0
2014-09-11,4.4,4.45,4.36,4.33,66769988.0,292794112.0
2014-09-10,4.4,4.41,4.4,4.37,34908472.0,153218304.0
2014-09-09,4.46,4.47,4.41,4.38,44935288.0,198216400.0
2014-09-05,4.43,4.47,4.45,4.42,73531280.0,327260928.0
2014-09-04,4.42,4.43,4.42,4.39,48984228.0,215886032.0
2014-09-03,4.35,4.42,4.42,4.33,87921904.0,386350976.0
2014-09-02,4.3,4.35,4.34,4.28,51973904.0,224348112.0
2014-09-01,4.29,4.33,4.29,4.27,50438920.0,216412544.0
2014-08-29,4.23,4.29,4.28,4.23,27272192.0,116270952.0
2014-08-28,4.27,4.29,4.23,4.23,24416366.0,103905552.0
2014-08-27,4.27,4.31,4.27,4.26,18833722.0,80584480.0
2014-08-26,4.31,4.32,4.28,4.26,25317992.0,108541248.0
2014-08-25,4.36,4.37,4.3,4.27,28816402.0,124089432.0
2014-08-22,4.34,4.36,4.35,4.32,32150394.0,139609792.0
2014-08-21,4.39,4.41,4.34,4.3,42574040.0,184970880.0
2014-08-20,4.42,4.43,4.4,4.39,26552752.0,116924472.0
2014-08-19,4.44,4.45,4.42,4.39,39052072.0,172217680.0
2014-08-18,4.46,4.47,4.44,4.4,36309624.0,160757360.0
2014-08-15,4.39,4.46,4.44,4.38,47153616.0,208693936.0
2014-08-14,4.42,4.43,4.38,4.37,31454378.0,138597568.0
2014-08-13,4.44,4.44,4.41,4.38,54385764.0,239475248.0
2014-08-12,4.47,4.48,4.45,4.42,39461852.0,175039456.0
2014-08-11,4.42,4.55,4.49,4.41,62230752.0,278980608.0
2014-08-08,4.42,4.45,4.42,4.39,28456872.0,125724312.0
2014-08-07,4.43,4.46,4.4,4.38,45357204.0,200297664.0
2014-08-06,4.48,4.5,4.44,4.4,65080960.0,288480192.0
2014-08-05,4.54,4.57,4.53,4.47,55209288.0,249349824.0
2014-08-04,4.46,4.53,4.52,4.45,54308576.0,244501104.0
2014-08-01,4.51,4.58,4.45,4.44,63934688.0,288615200.0
2014-07-31,4.47,4.55,4.54,4.42,49679060.0,222656608.0
2014-07-30,4.5,4.59,4.49,4.45,59666388.0,268462240.0
2014-07-29,4.55,4.62,4.53,4.48,90578936.0,411441152.0
2014-07-28,4.37,4.69,4.54,4.36,143061952.0,647277696.0
2014-07-25,4.33,4.39,4.36,4.28,70536256.0,305685440.0
2014-07-24,4.1,4.46,4.33,4.09,114787256.0,490327360.0
2014-07-23,4.05,4.13,4.11,4.04,55528280.0,227627264.0
2014-07-22,4.0,4.07,4.05,3.99,33428432.0,135146768.0
2014-07-21,4.04,4.05,4.01,4.0,25817472.0,103824376.0
2014-07-18,4.03,4.08,4.05,4.03,32667114.0,132605848.0
2014-07-17,4.07,4.08,4.05,4.02,22992730.0,92841720.0
2014-07-16,4.32,4.32,4.31,4.28,39123032.0,168310800.0
2014-07-15,4.3,4.34,4.31,4.28,45142208.0,194373776.0
2014-07-14,4.25,4.32,4.31,4.24,29480076.0,126112480.0
2014-07-11,4.24,4.27,4.25,4.22,30407328.0,129033752.0
2014-07-10,4.23,4.25,4.23,4.21,24799044.0,104904000.0
2014-07-09,4.33,4.33,4.24,4.22,54410448.0,231619648.0
2014-07-08,4.3,4.38,4.34,4.28,39629636.0,171680240.0
2014-07-07,4.31,4.32,4.3,4.27,21669540.0,93085240.0
2014-07-04,4.32,4.34,4.31,4.29,24600988.0,106095992.0
2014-07-03,4.27,4.36,4.33,4.26,50262980.0,217271024.0
2014-07-02,4.26,4.28,4.27,4.24,20620452.0,87826200.0
2014-07-01,4.28,4.29,4.26,4.23,18950584.0,80604960.0
2014-06-30,4.25,4.29,4.27,4.24,29522920.0,125936656.0
2014-06-27,4.26,4.28,4.26,4.23,19518456.0,83007504.0
2014-06-26,4.24,4.28,4.27,4.23,20629412.0,87980648.0
2014-06-25,4.25,4.26,4.25,4.19,24804704.0,104881760.0
2014-06-24,4.25,4.28,4.25,4.23,21279430.0,90319944.0
2014-06-23,4.28,4.29,4.25,4.24,14530597.0,61935056.0
2014-06-20,4.25,4.29,4.28,4.24,16038667.0,68397160.0
2014-06-19,4.3,4.33,4.23,4.22,23228524.0,99273776.0
2014-06-18,4.37,4.39,4.31,4.29,28754364.0,124583576.0
2014-06-17,4.41,4.41,4.38,4.36,26140792.0,114450536.0
2014-06-16,4.36,4.47,4.43,4.33,58792476.0,258669472.0
2014-06-13,4.29,4.48,4.39,4.27,56209304.0,246921472.0
2014-06-12,4.31,4.32,4.3,4.29,14445937.0,62112192.0
2014-06-11,4.32,4.34,4.33,4.3,17830284.0,77012136.0
2014-06-10,4.29,4.36,4.34,4.28,34272336.0,148239824.0
2014-06-09,4.28,4.34,4.28,4.27,22773632.0,97872832.0
2014-06-06,4.33,4.33,4.29,4.27,23876372.0,102602160.0
2014-06-05,4.3,4.36,4.34,4.28,47972176.0,207158912.0
2014-06-04,4.23,4.38,4.35,4.15,92142800.0,393105376.0
2014-06-03,4.23,4.27,4.23,4.22,37161508.0,157605616.0
2014-05-30,4.23,4.26,4.22,4.18,32756544.0,138331424.0
2014-05-29,4.27,4.29,4.23,4.22,39599080.0,168026496.0
2014-05-28,4.26,4.28,4.28,4.18,37944972.0,160437040.0
2014-05-27,4.26,4.28,4.26,4.24,27207404.0,115966096.0
2014-05-26,4.28,4.31,4.27,4.24,29044176.0,123843320.0
2014-05-23,4.25,4.31,4.29,4.24,21581240.0,92382312.0
2014-05-22,4.27,4.32,4.26,4.24,30713872.0,131564016.0
2014-05-21,4.18,4.29,4.27,4.14,39704656.0,168292736.0
2014-05-20,4.2,4.22,4.19,4.17,33795528.0,141572112.0
2014-05-19,4.31,4.32,4.19,4.15,55475240.0,232997424.0
2014-05-16,4.48,4.51,4.31,4.27,77506600.0,337508864.0
2014-05-15,4.54,4.54,4.49,4.48,21847406.0,98370048.0
2014-05-14,4.53,4.57,4.53,4.51,17667496.0,80122632.0
2014-05-13,4.59,4.59,4.54,4.51,34833316.0,158127664.0
2014-05-12,4.55,4.61,4.58,4.5,40357468.0,184107056.0
2014-05-09,4.55,4.59,4.51,4.48,23305176.0,105241496.0
2014-05-08,4.49,4.61,4.54,4.48,49058800.0,223005184.0
2014-05-07,4.64,4.65,4.5,4.49,60752996.0,276549632.0
2014-05-06,4.7,4.71,4.67,4.63,37527896.0,175263904.0
2014-05-05,4.8,4.8,4.72,4.65,41843260.0,196537680.0
2014-04-30,4.89,4.92,4.81,4.8,29139188.0,141210480.0
2014-04-29,4.86,4.9,4.89,4.77,31143722.0,150714144.0
2014-04-28,4.9,4.98,4.85,4.78,46659496.0,226700432.0
2014-04-25,4.87,5.05,4.93,4.78,78897264.0,391113088.0
2014-04-24,4.81,4.94,4.84,4.81,32136448.0,156601984.0
2014-04-23,4.88,4.92,4.83,4.81,41128940.0,199734176.0
2014-04-22,4.7,4.92,4.9,4.67,78593832.0,380365792.0
2014-04-21,4.75,4.83,4.7,4.69,28374192.0,134986112.0
2014-04-18,4.78,4.81,4.79,4.72,22977556.0,109555096.0
2014-04-17,4.9,4.92,4.79,4.78,30994294.0,149293216.0
2014-04-16,4.8,4.9,4.86,4.8,29211248.0,141650848.0
2014-04-15,4.96,4.98,4.85,4.82,52472624.0,255646720.0
2014-04-14,5.0,5.05,4.99,4.93,78979720.0,393957664.0
2014-04-11,4.73,5.21,5.09,4.69,152315888.0,755630336.0
2014-04-10,4.73,4.81,4.75,4.68,70034376.0,332016320.0
2014-04-09,4.74,4.74,4.72,4.7,46360540.0,218753280.0
2014-04-08,4.59,4.78,4.72,4.57,88231720.0,413577312.0
2014-04-04,4.55,4.62,4.59,4.5,44122736.0,202173200.0
2014-04-03,4.68,4.69,4.57,4.54,59166104.0,272663328.0
2014-04-02,4.64,4.72,4.69,4.6,67107556.0,312277824.0
2014-04-01,4.61,4.72,4.66,4.56,42779480.0,198843744.0
2014-03-31,4.61,4.64,4.63,4.53,48368840.0,222318656.0
2014-03-28,4.68,4.7,4.6,4.59,54921136.0,254759568.0
2014-03-27,4.64,4.77,4.67,4.6,96204704.0,450105280.0
2014-03-26,4.62,4.67,4.58,4.54,39590656.0,181577920.0
2014-03-25,4.72,4.72,4.61,4.6,63862084.0,296596288.0
2014-03-24,4.63,4.88,4.73,4.56,133647744.0,623548800.0
2014-03-21,4.49,4.76,4.7,4.4,162111600.0,747079808.0
2014-03-20,4.59,4.65,4.46,4.45,87145232.0,397307200.0
2014-03-19,4.59,4.61,4.6,4.47,77852544.0,353469888.0
2014-03-18,4.51,4.67,4.66,4.47,125913544.0,576630400.0
2014-03-17,4.66,4.74,4.56,4.4,197549984.0,891918976.0
2014-03-14,5.31,5.33,4.89,4.8,152924576.0,763228800.0
2014-03-13,5.46,5.51,5.33,5.22,139177728.0,744670464.0
2014-03-12,5.15,5.47,5.47,5.05,215062640.0,1144427520.0
2014-03-11,4.9,5.05,4.97,4.89,63554052.0,315781472.0
2014-03-10,4.87,5.04,4.88,4.82,68358848.0,336569760.0
2014-03-07,4.85,5.15,4.89,4.83,100510312.0,500237696.0
2014-03-06,4.96,4.98,4.85,4.81,61541784.0,300873984.0
2014-03-05,5.05,5.07,4.98,4.91,54066472.0,267819664.0
2014-03-04,5.08,5.12,5.03,4.96,66353000.0,334513792.0
2014-03-03,5.12,5.21,5.13,5.02,95562192.0,487604192.0
2014-02-28,5.26,5.58,5.27,5.06,121018512.0,641326144.0
2014-02-27,5.03,5.51,5.33,5.01,137425984.0,727443200.0
2014-02-26,4.85,5.25,5.09,4.74,94293568.0,475656384.0
2014-02-25,5.17,5.33,4.94,4.72,113774688.0,573613184.0
2014-02-24,5.15,5.36,5.17,4.89,134080136.0,688660160.0
2014-02-21,5.01,5.19,5.17,4.86,112661880.0,568306048.0
2014-02-20,5.14,5.48,5.08,4.95,182939856.0,953303616.0
2014-02-19,4.66,5.16,5.16,4.63,262104704.0,1306405632.0
2014-02-18,4.76,4.79,4.69,4.58,165625216.0,773772608.0
2014-02-17,4.84,4.87,4.81,4.65,128669560.0,612179200.0
2014-02-14,4.8,4.93,4.86,4.75,169245408.0,817970240.0
2014-02-13,4.46,4.97,4.95,4.39,347735328.0,1655305216.0
2014-02-12,4.3,4.59,4.52,4.25,320022624.0,1407578368.0
2014-02-11,3.79,4.18,4.18,3.79,247558384.0,1022101504.0
2014-02-10,3.65,3.82,3.8,3.64,45262304.0,170325216.0
2014-02-07,3.61,3.65,3.64,3.59,13312229.0,48180736.0
2014-01-30,3.7,3.72,3.61,3.6,13967569.0,51005112.0
2014-01-29,3.69,3.73,3.72,3.67,13908172.0,51620984.0
2014-01-28,3.64,3.7,3.69,3.62,15759472.0,57729436.0
2014-01-27,3.63,3.72,3.63,3.6,20665336.0,75275440.0
2014-01-24,3.63,3.67,3.65,3.61,11252661.0,41072932.0
2014-01-23,3.66,3.66,3.64,3.63,9956311.0,36253348.0
2014-01-22,3.61,3.68,3.67,3.6,13923635.0,50844312.0
2014-01-21,3.59,3.64,3.62,3.58,6980614.0,25231144.0
2014-01-20,3.59,3.61,3.59,3.57,7249622.0,26033694.0
2014-01-17,3.61,3.63,3.59,3.58,9303853.0,33508508.0
2014-01-16,3.64,3.66,3.63,3.6,10949223.0,39829136.0
2014-01-15,3.73,3.73,3.64,3.59,28874660.0,104839376.0
2014-01-14,3.76,3.77,3.73,3.7,13938161.0,51920512.0
2014-01-13,3.74,3.77,3.76,3.71,16814148.0,62959532.0
2014-01-10,3.72,3.74,3.71,3.7,11417081.0,42518652.0
2014-01-09,3.71,3.77,3.72,3.7,10259319.0,38273440.0
2014-01-08,3.74,3.78,3.74,3.71,8370970.0,31328328.0
2014-01-07,3.71,3.76,3.73,3.68,12226181.0,45549664.0
2014-01-06,3.8,3.8,3.74,3.7,13614739.0,50903976.0
2014-01-03,3.83,3.86,3.8,3.77,17005686.0,65011764.0
2014-01-02,3.85,3.88,3.86,3.83,13273498.0,51090048.0
2013-12-31,3.76,3.89,3.87,3.76,19984860.0,76978720.0
2013-12-30,3.82,3.85,3.78,3.77,15831034.0,60165104.0
2013-12-27,3.73,3.81,3.79,3.72,24057164.0,90669064.0
2013-12-26,3.78,3.79,3.73,3.72,10518147.0,39427608.0
2013-12-25,3.81,3.81,3.78,3.75,13150945.0,49616912.0
2013-12-24,3.78,3.82,3.8,3.75,12968651.0,49048368.0
2013-12-23,3.79,3.86,3.78,3.73,31136398.0,118066816.0
2013-12-20,3.92,3.93,3.58,3.53,28062388.0,107063664.0
2013-12-19,3.96,3.99,3.92,3.91,13877665.0,54852224.0
2013-12-18,3.96,3.98,3.95,3.94,10759194.0,42558936.0
2013-12-17,3.98,4.0,3.95,3.95,10791119.0,42790828.0
2013-12-16,4.02,4.04,3.98,3.97,15118122.0,60557784.0
2013-12-13,3.99,4.03,4.01,3.97,14476966.0,57937784.0
2013-12-12,4.04,4.05,4.02,4.0,13883112.0,55906616.0
2013-12-11,4.07,4.09,4.05,4.01,18805292.0,75789464.0
2013-12-10,4.1,4.11,4.09,4.07,12006056.0,49111528.0
2013-12-09,4.09,4.12,4.09,4.08,10704276.0,43844896.0
2013-12-06,4.11,4.12,4.09,4.05,13319828.0,54335224.0
2013-12-05,4.14,4.16,4.11,4.09,21616078.0,89119328.0
2013-12-04,4.08,4.16,4.13,4.08,35022300.0,144745424.0
2013-12-03,4.08,4.12,4.11,4.04,26476816.0,107982304.0
2013-12-02,4.02,4.18,4.09,4.01,47763368.0,195422320.0
2013-11-29,4.04,4.06,4.03,4.02,10478641.0,42242508.0
2013-11-28,4.02,4.06,4.03,4.0,19556856.0,78925440.0
2013-11-27,3.98,4.04,4.01,3.95,17715300.0,70845088.0
2013-11-26,3.99,4.03,3.98,3.95,19213684.0,76512248.0
2013-11-25,4.0,4.06,3.99,3.99,23013860.0,92567872.0
2013-11-22,4.09,4.1,4.01,4.0,28692324.0,116109776.0
2013-11-21,4.08,4.1,4.09,4.02,26560136.0,107603440.0
2013-11-20,4.11,4.15,4.11,4.07,23810364.0,97750920.0
2013-11-19,4.13,4.13,4.08,4.05,35722928.0,146012448.0
2013-11-18,3.99,4.16,4.13,3.97,72214304.0,293821984.0
2013-11-15,3.93,4.04,3.97,3.92,26918100.0,107437120.0
2013-11-14,3.95,3.98,3.93,3.88,20608964.0,81034024.0
2013-11-13,4.0,4.02,3.96,3.93,24980922.0,99401920.0
2013-11-12,3.96,4.13,4.05,3.96,39841732.0,161634736.0
2013-11-11,3.91,3.99,3.96,3.9,22132400.0,87427128.0
2013-11-08,3.92,3.97,3.91,3.89,20487340.0,80618912.0
2013-11-07,3.93,3.95,3.93,3.89,19314544.0,75762416.0
2013-11-06,4.0,4.0,3.92,3.92,20777272.0,82127128.0
2013-11-05,4.02,4.05,4.03,3.93,35499564.0,141737968.0
2013-11-04,4.06,4.11,4.05,4.0,42830560.0,173136416.0
2013-11-01,3.93,4.06,4.03,3.92,58567936.0,235072720.0
2013-10-31,3.98,3.99,3.93,3.92,30694530.0,121193464.0
2013-10-30,3.89,4.01,4.0,3.86,64140232.0,253012208.0
2013-10-29,3.81,3.97,3.88,3.8,58031068.0,224805392.0
2013-10-28,3.8,3.82,3.8,3.77,14266482.0,54137096.0
2013-10-25,3.78,3.89,3.8,3.77,28370156.0,108299672.0
2013-10-24,3.82,3.84,3.78,3.77,19931280.0,75598632.0
2013-10-23,3.82,3.92,3.83,3.8,33303954.0,128557576.0
2013-10-22,3.83,3.84,3.81,3.78,13072882.0,49753164.0
2013-10-21,3.83,3.84,3.84,3.77,22373048.0,85261424.0
2013-10-18,3.79,3.83,3.81,3.77,15108802.0,57464792.0
2013-10-17,3.78,3.81,3.78,3.77,14557985.0,55175992.0
2013-10-16,3.8,3.81,3.76,3.74,16504721.0,62217032.0
2013-10-15,3.82,3.84,3.81,3.78,17031268.0,64882400.0
2013-10-14,3.84,3.85,3.82,3.8,20996926.0,80114608.0
2013-10-11,3.75,3.85,3.83,3.73,34663648.0,131822912.0
2013-10-10,3.8,3.82,3.73,3.71,30718412.0,115033600.0
2013-10-09,3.77,3.84,3.8,3.75,24430924.0,92661848.0
2013-10-08,3.71,3.79,3.78,3.68,31484684.0,117844712.0
2013-09-30,3.82,3.84,3.75,3.69,61612024.0,230612864.0
2013-09-27,3.8,3.83,3.8,3.77,12484122.0,47356336.0
2013-09-26,3.86,3.87,3.8,3.78,22242950.0,84771064.0
2013-09-25,3.87,3.94,3.86,3.84,26451000.0,102737960.0
2013-09-24,3.94,3.95,3.89,3.82,30279880.0,117290792.0
2013-09-23,3.94,3.98,3.96,3.89,26039340.0,102580496.0
2013-09-18,3.91,3.97,3.93,3.85,24580080.0,96248256.0
2013-09-17,4.07,4.08,3.91,3.89,39019836.0,155488848.0
2013-09-16,4.12,4.13,4.06,4.02,29061224.0,118329776.0
2013-09-13,4.15,4.18,4.08,4.05,52428624.0,215531680.0
2013-09-12,4.06,4.3,4.16,4.02,100206736.0,419388864.0
2013-09-11,4.08,4.12,4.06,4.04,40244796.0,164105136.0
2013-09-10,4.08,4.1,4.06,3.98,58360992.0,235389296.0
2013-09-09,3.81,4.16,4.1,3.81,149043520.0,601579712.0
2013-09-06,3.72,3.81,3.79,3.7,52097832.0,196216272.0
2013-09-05,3.7,3.74,3.74,3.68,38939456.0,144245888.0
2013-09-04,3.64,3.72,3.71,3.63,56222448.0,206433488.0
2013-09-03,3.6,3.66,3.66,3.59,37921500.0,137799520.0
2013-09-02,3.6,3.61,3.6,3.57,26680628.0,95829360.0
2013-08-30,3.59,3.61,3.59,3.57,36955216.0,132547424.0
2013-08-29,3.61,3.63,3.59,3.58,21506976.0,77364808.0
2013-08-28,3.57,3.62,3.6,3.55,32276496.0,115767872.0
2013-08-27,3.63,3.64,3.6,3.57,35750832.0,128608024.0
2013-08-26,3.6,3.64,3.63,3.57,31213846.0,112830768.0
2013-08-23,3.61,3.63,3.6,3.52,34010760.0,121802232.0
2013-08-22,3.59,3.66,3.59,3.57,24550992.0,88715328.0
2013-08-21,3.63,3.64,3.6,3.57,17910136.0,64325784.0
2013-08-20,3.63,3.72,3.62,3.61,28638774.0,104672288.0
2013-08-19,3.59,3.68,3.65,3.55,28149852.0,101630016.0
2013-08-16,3.57,3.94,3.61,3.54,69335944.0,255211344.0
2013-08-15,3.61,3.63,3.58,3.58,23167296.0,83521712.0
2013-08-14,3.6,3.67,3.61,3.58,40975824.0,148781664.0
2013-08-13,3.58,3.61,3.61,3.56,33557044.0,120220200.0
2013-08-12,3.5,3.59,3.58,3.49,45746692.0,162644576.0
2013-08-09,3.5,3.52,3.5,3.44,18329764.0,63802244.0
2013-08-08,3.5,3.53,3.49,3.47,15186997.0,53154272.0
2013-08-07,3.49,3.53,3.5,3.48,22362934.0,78470992.0
2013-08-06,3.5,3.52,3.5,3.44,27910316.0,96986808.0
2013-08-05,3.49,3.52,3.51,3.47,18894888.0,66092272.0
2013-08-02,3.54,3.54,3.49,3.47,28699358.0,100453528.0
2013-08-01,3.47,3.54,3.52,3.47,17102984.0,59859636.0
2013-07-31,3.48,3.52,3.46,3.45,15423733.0,53715956.0
2013-07-30,3.42,3.5,3.47,3.42,22336692.0,77250064.0
2013-07-29,3.46,3.48,3.41,3.39,25509920.0,87278272.0
2013-07-26,3.5,3.53,3.48,3.46,19735500.0,68841392.0
2013-07-25,3.55,3.57,3.52,3.5,19481104.0,68740960.0
2013-07-24,3.57,3.59,3.53,3.48,23050684.0,81507232.0
2013-07-23,3.51,3.63,3.6,3.49,29551132.0,105682952.0
2013-07-22,3.52,3.53,3.5,3.44,32935470.0,115041536.0
2013-07-19,3.65,3.69,3.56,3.55,19615458.0,70887480.0
2013-07-18,3.67,3.69,3.63,3.58,23876384.0,86736112.0
2013-07-17,3.89,3.92,3.82,3.8,33981780.0,130874192.0
2013-07-16,3.9,3.91,3.91,3.83,25883752.0,100018264.0
2013-07-15,3.81,4.07,3.91,3.71,51898024.0,202572048.0
2013-07-12,3.85,3.86,3.75,3.74,31370384.0,119107136.0
2013-07-11,3.64,3.95,3.84,3.64,59740572.0,228448336.0
2013-07-10,3.55,3.64,3.64,3.55,15067767.0,54204096.0
2013-07-09,3.55,3.58,3.56,3.55,8801521.0,31353742.0
2013-07-08,3.6,3.6,3.56,3.52,14247206.0,50697484.0
2013-07-05,3.64,3.66,3.63,3.62,12357768.0,44985120.0
2013-07-04,3.59,3.67,3.62,3.55,16010710.0,57862964.0
2013-07-03,3.68,3.68,3.61,3.56,18658692.0,67200360.0
2013-07-02,3.71,3.74,3.69,3.64,17887912.0,66025304.0
2013-07-01,3.71,3.75,3.7,3.67,18714356.0,69522744.0
2013-06-28,3.55,3.78,3.71,3.54,31093452.0,114124384.0
2013-06-27,3.53,3.62,3.57,3.52,27556966.0,98354784.0
2013-06-26,3.59,3.62,3.5,3.47,35042956.0,123349176.0
2013-06-25,3.55,3.6,3.56,3.41,49456612.0,173097936.0
2013-06-24,3.76,3.76,3.58,3.54,32246520.0,116837648.0
2013-06-21,3.71,3.81,3.77,3.66,18686688.0,70039072.0
2013-06-20,3.9,3.91,3.76,3.76,20676276.0,79133000.0
2013-06-19,3.98,3.98,3.92,3.88,16784964.0,65661864.0
2013-06-18,3.99,4.0,3.99,3.96,9681642.0,38588928.0
2013-06-17,3.97,4.04,3.96,3.95,13112263.0,52212688.0
2013-06-14,3.96,3.99,3.95,3.92,15330338.0,60460792.0
2013-06-13,4.1,4.1,3.94,3.87,33781112.0,133665376.0
2013-06-07,4.21,4.24,4.1,4.08,29094638.0,120399208.0
2013-06-06,4.28,4.28,4.21,4.19,26177144.0,110725128.0
2013-06-05,4.3,4.31,4.28,4.27,10950296.0,46943816.0
2013-06-04,4.34,4.37,4.31,4.28,20484852.0,88396816.0
2013-06-03,4.36,4.37,4.36,4.33,20630434.0,89761888.0
2013-05-31,4.39,4.41,4.36,4.36,16493369.0,72161992.0
2013-05-30,4.41,4.44,4.38,4.36,30072004.0,131934040.0
2013-05-29,4.45,4.47,4.43,4.4,25977452.0,115337336.0
2013-05-28,4.37,4.45,4.45,4.34,31102790.0,136814144.0
2013-05-27,4.4,4.4,4.37,4.35,19507644.0,85275096.0
2013-05-24,4.39,4.43,4.39,4.36,17854656.0,78299888.0
2013-05-23,4.48,4.48,4.38,4.37,36252828.0,160058624.0
2013-05-22,4.45,4.5,4.49,4.44,21409780.0,95682192.0
2013-05-21,4.48,4.48,4.45,4.42,20707578.0,92059120.0
2013-05-20,4.44,4.54,4.48,4.43,36556300.0,164095376.0
2013-05-17,4.4,4.46,4.43,4.37,38232712.0,168922656.0
2013-05-16,4.3,4.4,4.39,4.27,31419756.0,136660160.0
2013-05-15,4.34,4.36,4.31,4.29,12501015.0,53943372.0
2013-05-14,4.38,4.39,4.33,4.31,14486179.0,62751200.0
2013-05-13,4.39,4.41,4.38,4.36,16084177.0,70475608.0
2013-05-10,4.35,4.45,4.4,4.32,18768020.0,82446528.0
2013-05-09,4.41,4.43,4.36,4.33,16957732.0,73999840.0
2013-05-08,4.4,4.45,4.4,4.36,21782668.0,96056928.0
2013-05-07,4.4,4.4,4.38,4.34,21976830.0,96004528.0
2013-05-06,4.31,4.45,4.42,4.3,36520388.0,160630640.0
2013-05-03,4.25,4.37,4.3,4.23,38963368.0,168234592.0
2013-05-02,4.25,4.28,4.23,4.21,20408780.0,86635272.0
2013-04-26,4.33,4.35,4.27,4.25,20002122.0,85898528.0
2013-04-25,4.3,4.38,4.3,4.23,28297042.0,121916112.0
2013-04-24,4.26,4.37,4.33,4.21,33092784.0,142216928.0
2013-04-23,4.41,4.41,4.24,4.23,36193744.0,155276720.0
2013-04-22,4.43,4.45,4.41,4.37,42969712.0,189396000.0
2013-04-19,4.29,4.52,4.47,4.27,71475680.0,315585984.0
2013-04-18,4.22,4.3,4.3,4.18,24558216.0,104257648.0
2013-04-17,4.29,4.29,4.25,4.2,19598322.0,83038376.0
2013-04-16,4.24,4.3,4.29,4.15,29910716.0,126392256.0
2013-04-15,4.29,4.31,4.25,4.23,22947018.0,97677584.0
2013-04-12,4.33,4.33,4.28,4.27,23765984.0,102182200.0
2013-04-11,4.33,4.38,4.32,4.28,37247680.0,161004720.0
2013-04-10,4.29,4.37,4.29,4.26,33786784.0,145908096.0
2013-04-09,4.3,4.36,4.31,4.29,46419660.0,200622896.0
2013-04-08,4.25,4.31,4.29,4.21,50565556.0,215022464.0
2013-04-03,4.48,4.52,4.37,4.3,63815792.0,281673472.0
2013-04-02,4.6,4.64,4.48,4.43,65685800.0,296851456.0
2013-04-01,4.68,4.69,4.6,4.54,63087612.0,290623264.0
2013-03-29,4.68,4.74,4.67,4.58,108631648.0,506567488.0
2013-03-28,4.74,4.99,4.79,4.74,151947328.0,735114560.0
2013-03-27,5.24,5.41,5.27,5.21,99355096.0,529106208.0
2013-03-26,5.26,5.34,5.27,5.15,90882840.0,475023808.0
2013-03-25,5.36,5.41,5.31,5.23,111583488.0,593549696.0
2013-03-22,5.36,5.43,5.35,5.28,146839376.0,784223616.0
2013-03-21,5.35,5.48,5.4,5.23,239136608.0,1279991552.0
2013-03-20,4.77,5.16,5.16,4.77,138266928.0,701914240.0
2013-03-19,4.58,4.7,4.69,4.56,39900996.0,185308368.0
2013-03-18,4.57,4.62,4.54,4.51,22749680.0,103817752.0
2013-03-15,4.5,4.64,4.58,4.44,30875260.0,141106336.0
2013-03-14,4.42,4.53,4.47,4.41,16947276.0,76069904.0
2013-03-13,4.49,4.5,4.44,4.42,11041235.0,49249556.0
2013-03-12,4.54,4.59,4.49,4.41,27583736.0,123905744.0
2013-03-11,4.55,4.58,4.55,4.48,18460592.0,83796120.0
2013-03-08,4.56,4.59,4.55,4.49,23382476.0,106182136.0
2013-03-07,4.64,4.7,4.55,4.51,40868368.0,187554496.0
2013-03-06,4.7,4.74,4.68,4.6,30199896.0,140840688.0
2013-03-05,4.45,4.71,4.68,4.4,36055240.0,164596928.0
2013-03-04,4.6,4.62,4.45,4.4,42697544.0,192485872.0
2013-03-01,4.77,4.8,4.72,4.64,31092376.0,146841008.0
2013-02-28,4.65,4.76,4.75,4.61,34929832.0,164437088.0
2013-02-27,4.62,4.71,4.61,4.59,22274408.0,103167240.0
2013-02-26,4.6,4.75,4.62,4.56,41013928.0,192197376.0
2013-02-25,4.55,4.65,4.63,4.54,21041376.0,96617792.0
2013-02-22,4.55,4.58,4.53,4.5,20274608.0,92154416.0
2013-02-21,4.7,4.7,4.55,4.49,57548884.0,264578928.0
2013-02-20,4.81,4.83,4.74,4.66,43506408.0,204766992.0
2013-02-19,4.88,4.89,4.81,4.79,23191920.0,112184704.0
2013-02-18,4.95,4.97,4.88,4.87,23522800.0,115230912.0
2013-02-08,4.9,4.94,4.92,4.81,41770820.0,204105888.0
2013-02-07,5.07,5.08,4.92,4.77,73324920.0,361538112.0
2013-02-06,5.03,5.14,5.08,5.01,36095472.0,182674272.0
2013-02-05,5.12,5.14,5.05,4.98,57724864.0,291167392.0
2013-02-04,5.26,5.36,5.19,5.16,65326784.0,342957088.0
2013-02-01,5.01,5.27,5.24,4.97,47810700.0,244972608.0
2013-01-31,5.04,5.05,5.03,4.96,27755828.0,138727072.0
2013-01-30,5.08,5.08,5.04,4.98,30426792.0,153038976.0
2013-01-29,5.05,5.14,5.08,4.99,54401644.0,275049120.0
2013-01-28,4.84,5.05,5.03,4.83,51766920.0,257898144.0
2013-01-25,4.84,4.86,4.85,4.77,26446700.0,127118184.0
2013-01-24,4.76,5.05,4.84,4.75,71164840.0,349798144.0
2013-01-23,4.64,4.89,4.8,4.62,67161768.0,321167456.0
2013-01-22,4.53,4.84,4.68,4.47,94370424.0,445081088.0
2013-01-21,4.4,4.58,4.54,4.37,51334884.0,229995296.0
2013-01-18,4.28,4.45,4.42,4.27,60114020.0,263184032.0
2013-01-17,4.26,4.28,4.24,4.18,15672044.0,66169068.0
2013-01-16,4.3,4.32,4.28,4.17,30403058.0,129257616.0
2013-01-15,4.28,4.34,4.31,4.25,32385924.0,139330928.0
2013-01-14,4.09,4.28,4.27,4.09,30640844.0,128917080.0
2013-01-11,4.25,4.26,4.09,4.07,36691288.0,152326256.0
2013-01-10,4.21,4.29,4.23,4.2,16703189.0,70919880.0
2013-01-09,4.26,4.29,4.23,4.2,19863330.0,84060976.0
2013-01-08,4.37,4.38,4.26,4.24,26279404.0,112651856.0
2013-01-07,4.34,4.38,4.37,4.31,29201436.0,126997864.0
2013-01-04,4.35,4.39,4.32,4.29,39507988.0,171127968.0
2012-12-31,4.19,4.31,4.29,4.18,40536672.0,173332960.0
2012-12-28,4.13,4.21,4.19,4.12,21976012.0,91765088.0
2012-12-27,4.17,4.2,4.13,4.12,18561384.0,76995952.0
2012-12-26,4.17,4.2,4.16,4.12,21193270.0,88029416.0
2012-12-25,4.03,4.22,4.18,4.01,44125288.0,183767360.0
2012-12-24,4.02,4.09,4.04,4.01,21570490.0,87468968.0
2012-12-21,4.09,4.1,4.01,4.0,30979978.0,125138944.0
2012-12-20,4.1,4.12,4.1,4.02,21837144.0,88880864.0
2012-12-19,4.14,4.17,4.13,4.09,24172580.0,99920352.0
2012-12-18,4.12,4.19,4.15,4.1,49670220.0,206232720.0
2012-12-17,4.08,4.18,4.14,4.07,76450408.0,316646976.0
2012-12-14,3.81,4.1,4.07,3.8,72191352.0,288767552.0
2012-12-13,3.86,3.86,3.81,3.79,19659528.0,75091728.0
2012-12-12,3.85,3.95,3.86,3.83,26736766.0,103821768.0
2012-12-11,3.86,3.88,3.84,3.83,19090032.0,73668080.0
2012-12-10,3.85,3.92,3.87,3.84,40455376.0,156814288.0
2012-12-07,3.78,3.86,3.84,3.73,41574936.0,158708128.0
2012-12-06,3.74,3.82,3.77,3.73,24501308.0,92370016.0
2012-12-05,3.65,3.79,3.76,3.64,45325616.0,169996448.0
2012-12-04,3.6,3.67,3.66,3.58,14118632.0,51361864.0
2012-12-03,3.63,3.67,3.6,3.58,8121371.0,29379608.0
2012-11-30,3.59,3.66,3.63,3.58,11232951.0,40539692.0
2012-11-29,3.6,3.61,3.59,3.58,7155930.0,25691404.0
2012-11-28,3.6,3.6,3.59,3.58,6956843.0,24983428.0
2012-11-27,3.62,3.63,3.6,3.6,7906069.0,28546390.0
2012-11-26,3.66,3.66,3.63,3.6,6602426.0,23957084.0
2012-11-23,3.64,3.72,3.66,3.63,12867043.0,47318516.0
2012-11-22,3.63,3.65,3.63,3.61,4926988.0,17888920.0
2012-11-21,3.57,3.65,3.64,3.56,11691754.0,42323724.0
2012-11-20,3.57,3.6,3.58,3.57,4566378.0,16354806.0
2012-11-19,3.56,3.58,3.56,3.54,7853930.0,28000444.0
2012-11-16,3.56,3.59,3.55,3.54,12329908.0,43942180.0
2012-11-15,3.6,3.64,3.57,3.55,11987578.0,43198920.0
2012-11-14,3.62,3.64,3.62,3.58,11212679.0,40442456.0
2012-11-13,3.66,3.66,3.62,3.58,11806381.0,42703876.0
2012-11-12,3.61,3.66,3.65,3.59,12373890.0,44983912.0
2012-11-09,3.58,3.62,3.58,3.58,5764717.0,20736428.0
2012-11-08,3.63,3.64,3.59,3.59,11335114.0,40904544.0
2012-11-07,3.65,3.67,3.66,3.6,11890695.0,43294280.0
2012-11-06,3.68,3.68,3.65,3.61,11787903.0,42878780.0
2012-11-05,3.68,3.71,3.68,3.64,14767762.0,54212296.0
2012-11-02,3.64,3.69,3.68,3.63,21196120.0,77526568.0
2012-11-01,3.57,3.66,3.64,3.56,23554068.0,85351888.0
2012-10-31,3.58,3.59,3.58,3.54,13538352.0,48229960.0
2012-10-30,3.56,3.61,3.59,3.55,10109522.0,36100960.0
2012-10-29,3.57,3.59,3.58,3.57,6462553.0,23124184.0
2012-10-26,3.68,3.69,3.58,3.56,22657202.0,81806240.0
2012-10-25,3.69,3.73,3.69,3.67,10628786.0,39304956.0
2012-10-24,3.69,3.72,3.7,3.68,11503798.0,42543264.0
2012-10-23,3.75,3.75,3.7,3.69,10022142.0,37247564.0
2012-10-22,3.72,3.76,3.75,3.71,12922806.0,48361872.0
2012-10-19,3.74,3.75,3.74,3.72,11296961.0,42152456.0
2012-10-18,3.73,3.75,3.74,3.7,12791595.0,47764248.0
2012-10-17,3.71,3.75,3.71,3.69,17417712.0,64722968.0
2012-10-16,3.68,3.74,3.7,3.67,11264008.0,41747204.0
2012-10-15,3.7,3.71,3.68,3.66,5850883.0,21573768.0
2012-10-12,3.69,3.73,3.7,3.67,9752334.0,36119420.0
2012-10-11,3.68,3.7,3.68,3.66,6946015.0,25589680.0
2012-10-10,3.7,3.71,3.69,3.67,7097010.0,26203930.0
2012-10-09,3.64,3.73,3.71,3.63,14673429.0,54244488.0
2012-10-08,3.66,3.68,3.63,3.6,8046743.0,29304020.0
2012-09-28,3.57,3.66,3.65,3.55,20713394.0,75057256.0
2012-09-27,3.52,3.63,3.6,3.49,18392480.0,65542328.0
2012-09-26,3.57,3.57,3.52,3.49,10835139.0,38176196.0
2012-09-25,3.56,3.57,3.56,3.54,4658524.0,16564166.0
2012-09-24,3.57,3.59,3.57,3.52,9823419.0,34928124.0
2012-09-21,3.58,3.63,3.58,3.56,10704027.0,38430212.0
2012-09-20,3.68,3.68,3.6,3.55,17993088.0,65104992.0
2012-09-19,3.69,3.71,3.69,3.66,11370690.0,41843440.0
2012-09-18,3.73,3.74,3.69,3.68,12414381.0,45972836.0
2012-09-17,3.77,3.78,3.74,3.72,13452098.0,50419744.0
2012-09-14,3.77,3.81,3.79,3.74,22973536.0,86786296.0
2012-09-13,3.76,3.79,3.76,3.74,16619224.0,62540448.0
2012-09-12,3.82,3.83,3.77,3.73,38365668.0,144444960.0
2012-09-11,3.82,3.82,3.81,3.77,13926154.0,52786552.0
2012-09-10,3.84,3.86,3.83,3.81,18956470.0,72510448.0
2012-09-07,3.79,3.91,3.82,3.77,40155520.0,154594816.0
2012-09-06,3.76,3.79,3.78,3.72,10279040.0,38611404.0
2012-09-05,3.78,3.79,3.75,3.72,15873093.0,59468520.0
2012-09-04,3.85,3.85,3.79,3.77,13636149.0,51921008.0
2012-09-03,3.86,3.86,3.85,3.82,10612996.0,40692544.0
2012-08-31,3.86,3.88,3.86,3.83,7077064.0,27294996.0
2012-08-30,3.84,3.88,3.88,3.83,9350064.0,36032420.0
2012-08-29,3.85,3.85,3.83,3.83,4250972.0,16327153.0
2012-08-28,3.82,3.89,3.86,3.81,9252391.0,35646688.0
2012-08-27,3.81,3.84,3.81,3.81,8297287.0,31719878.0
2012-08-24,3.85,3.86,3.83,3.81,9910910.0,38052260.0
2012-08-23,3.83,3.89,3.88,3.8,12180182.0,46778132.0
2012-08-22,3.83,3.83,3.83,3.8,6023398.0,22988280.0
2012-08-21,3.84,3.86,3.82,3.81,10449522.0,40012740.0
2012-08-20,3.83,3.84,3.83,3.8,5434473.0,20753656.0
2012-08-17,3.84,3.86,3.86,3.82,7080662.0,27202822.0
2012-08-16,3.87,3.88,3.84,3.82,10597179.0,40652800.0
2012-08-15,3.95,3.97,3.87,3.85,12004428.0,46793196.0
2012-08-14,3.95,3.98,3.96,3.93,6183516.0,24489506.0
2012-08-13,3.97,3.98,3.94,3.94,7946228.0,31462240.0
2012-08-10,4.0,4.0,3.96,3.96,11303897.0,45066024.0
2012-08-09,3.96,3.97,3.96,3.93,6565252.0,25952312.0
2012-08-08,3.93,3.98,3.97,3.93,15584053.0,61563044.0
2012-08-07,3.95,3.97,3.93,3.92,11120193.0,43787096.0
2012-08-06,3.97,4.01,3.96,3.94,15860045.0,63007472.0
2012-08-03,3.95,3.99,3.94,3.92,12138729.0,48009012.0
2012-08-02,3.91,3.97,3.96,3.9,19109216.0,75365000.0
2012-08-01,3.93,3.94,3.91,3.89,12980363.0,50760424.0
2012-07-31,3.87,3.97,3.93,3.85,22891196.0,89850928.0
2012-07-30,3.86,3.91,3.86,3.84,13480680.0,52258704.0
2012-07-27,3.81,3.9,3.86,3.8,14849750.0,57236324.0
2012-07-26,3.78,3.81,3.8,3.77,8097240.0,30712204.0
2012-07-25,3.79,3.81,3.78,3.77,5712559.0,21643540.0
2012-07-24,3.83,3.83,3.78,3.77,10033263.0,38023812.0
2012-07-23,3.82,3.84,3.81,3.79,9151686.0,34933480.0
2012-07-20,3.85,3.87,3.85,3.83,7702550.0,29616510.0
2012-07-19,3.86,3.9,3.87,3.85,11382287.0,44101544.0
2012-07-18,3.99,4.01,4.0,3.96,19581270.0,78052240.0
2012-07-17,3.95,4.0,3.99,3.93,14673833.0,58214008.0
2012-07-16,3.95,3.96,3.95,3.92,11538437.0,45488720.0
2012-07-13,3.91,3.97,3.94,3.9,12047691.0,47523524.0
2012-07-12,3.93,3.94,3.92,3.89,20666132.0,80873128.0
2012-07-11,3.92,3.96,3.94,3.92,8625802.0,34045296.0
2012-07-10,3.92,3.95,3.92,3.88,9938603.0,38965536.0
2012-07-09,3.99,4.01,3.91,3.89,14996618.0,59049904.0
2012-07-06,3.95,4.04,4.02,3.93,19671640.0,78163184.0
2012-07-05,4.02,4.04,4.02,3.99,10457736.0,41898632.0
2012-07-04,4.0,4.08,4.04,4.0,14188130.0,57235196.0
2012-07-03,3.99,4.02,3.99,3.97,13159755.0,52682344.0
2012-07-02,4.0,4.01,3.98,3.97,12179897.0,48569068.0
2012-06-29,3.93,4.01,4.0,3.92,15165100.0,60340248.0
2012-06-28,3.98,3.98,3.94,3.93,14104865.0,55756696.0
2012-06-27,3.99,4.01,3.97,3.95,13674108.0,54382108.0
2012-06-26,3.99,4.03,3.99,3.97,16378793.0,65411800.0
2012-06-25,4.01,4.03,3.98,3.98,12073195.0,48422408.0
2012-06-21,4.05,4.06,4.01,3.99,14032391.0,56300480.0
2012-06-20,4.07,4.1,4.06,4.05,15495751.0,63098516.0
2012-06-19,4.05,4.09,4.07,4.03,10907687.0,44236592.0
2012-06-18,4.08,4.08,4.05,4.03,16613345.0,67327312.0
2012-06-15,3.97,4.11,4.07,3.96,43592100.0,176021296.0
2012-06-14,3.99,4.0,3.96,3.95,18588984.0,73781368.0
2012-06-13,3.97,4.02,4.0,3.94,22915812.0,91310896.0
2012-06-12,3.95,3.99,3.97,3.93,19458780.0,76969456.0
2012-06-11,4.0,4.01,3.97,3.95,35042872.0,139427968.0
2012-06-08,4.12,4.12,3.99,3.98,41552264.0,166844576.0
2012-06-07,4.17,4.18,4.1,4.09,15955887.0,65979152.0
2012-06-06,4.13,4.16,4.15,4.1,15907597.0,65672092.0
2012-06-05,4.15,4.16,4.13,4.1,13419229.0,55400628.0
2012-06-04,4.21,4.22,4.13,4.13,24590436.0,102598400.0
2012-06-01,4.24,4.26,4.24,4.22,13168452.0,55831664.0
2012-05-31,4.24,4.25,4.24,4.22,15830735.0,67074768.0
2012-05-29,4.25,4.3,4.29,4.22,24132258.0,102940984.0
2012-05-28,4.2,4.26,4.25,4.2,18349220.0,77755128.0
2012-05-25,4.25,4.26,4.22,4.21,11914055.0,50342296.0
2012-05-24,4.29,4.32,4.25,4.23,17839072.0,76015256.0
2012-05-23,4.34,4.34,4.29,4.28,13164695.0,56557212.0
2012-05-22,4.29,4.34,4.34,4.29,8923792.0,38588528.0
2012-05-21,4.28,4.32,4.29,4.26,8097510.0,34791032.0
2012-05-18,4.3,4.31,4.27,4.25,12400451.0,52973232.0
2012-05-17,4.29,4.36,4.32,4.27,17114332.0,73707872.0
2012-05-16,4.35,4.35,4.27,4.26,18338148.0,78910216.0
2012-05-15,4.38,4.41,4.36,4.31,14742691.0,64138100.0
2012-05-14,4.5,4.5,4.4,4.39,17121386.0,75834880.0
2012-05-11,4.48,4.52,4.46,4.45,8800385.0,39410564.0
2012-05-10,4.51,4.52,4.5,4.47,7906733.0,35557184.0
2012-05-09,4.57,4.58,4.5,4.5,10662428.0,48286616.0
2012-05-08,4.59,4.63,4.6,4.54,23521588.0,107922848.0
2012-05-07,4.57,4.64,4.59,4.55,17986972.0,82775008.0
2012-05-04,4.54,4.62,4.6,4.53,25696248.0,118025936.0
2012-05-03,4.58,4.58,4.54,4.53,16055217.0,73146272.0
2012-05-02,4.57,4.6,4.58,4.53,32700412.0,149395424.0
2012-04-27,4.53,4.54,4.53,4.51,10097937.0,45711720.0
2012-04-26,4.55,4.59,4.52,4.5,21422820.0,97037696.0
2012-04-25,4.51,4.57,4.54,4.51,30300204.0,137566848.0
2012-04-24,4.45,4.73,4.55,4.44,73873784.0,339885760.0
2012-04-23,4.49,4.55,4.47,4.46,15995321.0,71875344.0
2012-04-20,4.43,4.53,4.51,4.43,22106928.0,99338976.0
2012-04-19,4.42,4.46,4.45,4.4,13260173.0,58658016.0
2012-04-18,4.34,4.47,4.45,4.32,26416568.0,116672280.0
2012-04-17,4.33,4.36,4.33,4.32,11007128.0,47741488.0
2012-04-16,4.34,4.37,4.34,4.31,10952785.0,47499568.0
2012-04-13,4.36,4.41,4.37,4.33,16397506.0,71585440.0
2012-04-12,4.28,4.41,4.38,4.23,25672524.0,111463008.0
2012-04-11,4.25,4.31,4.27,4.24,12559115.0,53693304.0
2012-04-10,4.18,4.32,4.3,4.18,21343424.0,90836888.0
2012-04-09,4.27,4.28,4.19,4.18,16261735.0,68638592.0
2012-04-06,4.26,4.3,4.29,4.24,11530388.0,49278216.0
2012-04-05,4.23,4.3,4.28,4.2,17213904.0,73176144.0
2012-03-30,4.23,4.27,4.26,4.22,9879058.0,41953504.0
2012-03-29,4.31,4.33,4.22,4.21,13661737.0,58348564.0
2012-03-28,4.44,4.46,4.34,4.31,11009756.0,48326960.0
2012-03-27,4.48,4.5,4.45,4.44,10763964.0,48032012.0
2012-03-26,4.43,4.49,4.46,4.42,9730504.0,43362012.0
2012-03-23,4.48,4.55,4.44,4.42,24514920.0,109488272.0
2012-03-22,4.4,4.69,4.52,4.38,36208312.0,164986512.0
2012-03-21,4.41,4.44,4.41,4.38,7220037.0,31812720.0
2012-03-20,4.45,4.47,4.4,4.39,11186516.0,49512292.0
2012-03-19,4.46,4.5,4.46,4.43,17414452.0,77611912.0
2012-03-16,4.49,4.5,4.48,4.42,16381711.0,73077472.0
2012-03-15,4.48,4.54,4.48,4.46,21767422.0,97866072.0
2012-03-14,4.55,4.6,4.49,4.47,35781600.0,162392848.0
2012-03-13,4.49,4.54,4.54,4.48,17921312.0,81037328.0
2012-03-12,4.53,4.53,4.49,4.47,15435529.0,69419504.0
2012-03-09,4.52,4.55,4.54,4.49,13532215.0,61106592.0
2012-03-08,4.5,4.56,4.52,4.48,16448774.0,74423200.0
2012-03-07,4.49,4.56,4.51,4.47,23439332.0,105528048.0
2012-03-05,4.66,4.69,4.58,4.58,28374676.0,131058712.0
2012-03-02,4.53,4.65,4.63,4.51,34601140.0,158987872.0
2012-03-01,4.51,4.54,4.53,4.5,12515653.0,56647440.0
2012-02-29,4.56,4.58,4.52,4.52,29650176.0,134884976.0
2012-02-28,4.49,4.62,4.58,4.49,49374436.0,225750832.0
2012-02-27,4.5,4.55,4.49,4.48,44077960.0,199042048.0
2012-02-24,4.45,4.49,4.49,4.41,44612080.0,198730672.0
2012-02-23,4.43,4.46,4.45,4.42,31264912.0,138813392.0
2012-02-22,4.41,4.44,4.43,4.4,33139928.0,146441936.0
2012-02-21,4.42,4.42,4.42,4.38,12083192.0,53250456.0
2012-02-20,4.46,4.47,4.42,4.39,20438044.0,90465232.0
2012-02-17,4.43,4.44,4.41,4.37,10295720.0,45413416.0
2012-02-16,4.4,4.43,4.4,4.37,13717366.0,60386056.0
2012-02-15,4.39,4.44,4.4,4.38,14824579.0,65437356.0
2012-02-14,4.44,4.46,4.4,4.39,13038324.0,57504572.0
2012-02-13,4.44,4.49,4.46,4.4,19825960.0,88068992.0
2012-02-10,4.48,4.55,4.46,4.44,13088419.0,58506656.0
2012-02-09,4.46,4.56,4.49,4.42,33999736.0,152960752.0
2012-02-08,4.34,4.52,4.46,4.33,26114104.0,115404008.0
2012-02-07,4.42,4.44,4.36,4.32,15589530.0,67974840.0
2012-02-06,4.43,4.47,4.44,4.41,24243346.0,107707744.0
2012-02-03,4.37,4.45,4.43,4.36,26739716.0,118040688.0
2012-02-02,4.31,4.4,4.39,4.26,21246014.0,92195104.0
2012-02-01,4.35,4.37,4.29,4.28,13046693.0,56521668.0
2012-01-31,4.37,4.39,4.36,4.31,15125657.0,65744648.0
2012-01-30,4.45,4.45,4.37,4.36,16191909.0,71119664.0
2012-01-20,4.38,4.47,4.44,4.37,32292924.0,142673776.0
2012-01-19,4.3,4.38,4.36,4.29,22634792.0,98514600.0
2012-01-18,4.34,4.36,4.3,4.27,27958204.0,120335968.0
2012-01-17,4.24,4.39,4.36,4.22,33993648.0,146377600.0
2012-01-16,4.21,4.27,4.25,4.19,16579786.0,70152792.0
2012-01-13,4.27,4.29,4.23,4.18,20844130.0,88166208.0
2012-01-12,4.21,4.35,4.27,4.2,31411316.0,134602208.0
2012-01-11,4.25,4.27,4.22,4.21,19292556.0,81703680.0
2012-01-10,4.2,4.28,4.27,4.17,41350444.0,174713440.0
2012-01-09,4.14,4.24,4.21,4.1,42295740.0,177221088.0
2012-01-06,4.1,4.17,4.15,4.07,38384736.0,158257312.0
2012-01-05,3.98,4.28,4.1,3.98,86350112.0,358083840.0
2012-01-04,4.04,4.06,3.99,3.99,16045029.0,64628316.0
2011-12-30,3.98,4.05,4.04,3.98,13527269.0,54345000.0
2011-12-29,3.98,4.01,3.98,3.96,14056999.0,56046456.0
2011-12-27,4.01,4.02,3.97,3.96,15075346.0,60083300.0
2011-12-26,4.01,4.04,4.01,4.0,7456621.0,29947136.0
2011-12-23,4.02,4.06,4.03,3.99,15522708.0,62597964.0
2011-12-22,3.98,4.02,4.02,3.94,14120541.0,56275304.0
2011-12-21,4.02,4.08,3.98,3.97,21681168.0,87521016.0
2011-12-20,3.97,4.04,3.99,3.94,15374248.0,61583596.0
2011-12-19,3.97,4.0,3.98,3.91,16827892.0,66534756.0
2011-12-16,3.94,4.01,4.01,3.92,17876260.0,70753560.0
2011-12-15,3.99,4.0,3.94,3.93,18709474.0,74023456.0
2011-12-14,4.02,4.06,4.0,3.99,11556802.0,46413364.0
2011-12-13,4.07,4.08,4.03,4.01,16020879.0,64911860.0
2011-12-12,4.09,4.1,4.09,4.04,11403475.0,46404404.0
2011-12-09,4.08,4.11,4.09,4.07,8692836.0,35563436.0
2011-12-08,4.13,4.15,4.12,4.07,15883629.0,65242016.0
2011-12-07,4.09,4.15,4.14,4.08,11895196.0,48955392.0
2011-12-06,4.09,4.13,4.09,4.07,11954085.0,48989524.0
2011-12-05,4.1,4.14,4.1,4.07,16922960.0,69452080.0
2011-12-02,4.12,4.13,4.11,4.06,18378452.0,75170288.0
2011-12-01,4.16,4.22,4.14,4.1,57033228.0,237307680.0
2011-11-30,4.18,4.18,4.04,4.01,31484732.0,128449872.0
2011-11-29,4.18,4.2,4.19,4.14,14780167.0,61613968.0
2011-11-28,4.19,4.22,4.15,4.14,14167251.0,59145616.0
2011-11-25,4.21,4.21,4.18,4.17,8978777.0,37591760.0
2011-11-24,4.18,4.24,4.22,4.17,10509537.0,44137560.0
2011-11-23,4.25,4.27,4.2,4.19,11091776.0,46801984.0
2011-11-22,4.2,4.27,4.25,4.19,14428022.0,60960616.0
2011-11-21,4.24,4.25,4.21,4.19,16358456.0,68870376.0
2011-11-18,4.32,4.32,4.24,4.23,22255048.0,94785952.0
2011-11-17,4.33,4.37,4.33,4.31,13437925.0,58198900.0
2011-11-16,4.43,4.45,4.33,4.31,21880380.0,95475744.0
2011-11-15,4.46,4.47,4.43,4.4,14438026.0,63950668.0
2011-11-14,4.44,4.48,4.47,4.4,14065161.0,62639772.0
2011-11-11,4.45,4.47,4.4,4.39,8350548.0,36976064.0
2011-11-10,4.53,4.55,4.48,4.47,16717992.0,75238328.0
2011-11-09,4.57,4.58,4.57,4.52,15507607.0,70670288.0
2011-11-08,4.53,4.57,4.55,4.49,23093488.0,104815776.0
2011-11-07,4.54,4.56,4.51,4.5,14050709.0,63660480.0
2011-11-04,4.53,4.56,4.55,4.5,19675044.0,89146032.0
2011-11-03,4.53,4.59,4.51,4.49,41308420.0,187915056.0
2011-11-02,4.41,4.52,4.52,4.39,22217854.0,99101664.0
2011-11-01,4.41,4.52,4.46,4.39,25577178.0,114148600.0
2011-10-31,4.5,4.52,4.45,4.42,21906356.0,97710080.0
2011-10-28,4.54,4.58,4.51,4.49,32249088.0,145867808.0
2011-10-27,4.47,4.5,4.5,4.44,32794744.0,146513616.0
2011-10-26,4.36,4.5,4.46,4.36,33311200.0,147947008.0
2011-10-25,4.33,4.41,4.39,4.3,21718548.0,94852688.0
2011-10-24,4.24,4.38,4.35,4.2,27170326.0,117114920.0
2011-10-21,4.25,4.32,4.24,4.18,20805496.0,88413800.0
2011-10-20,4.32,4.34,4.25,4.15,27683844.0,116850016.0
2011-10-18,4.4,4.43,4.34,4.32,16616078.0,72687464.0
2011-10-17,4.39,4.45,4.44,4.36,21146752.0,93420832.0
2011-10-14,4.41,4.41,4.39,4.33,14065976.0,61453868.0
2011-10-13,4.39,4.45,4.41,4.37,21037780.0,92801688.0
2011-10-12,4.26,4.44,4.41,4.21,29473232.0,129363072.0
2011-10-11,4.36,4.4,4.27,4.23,19089470.0,82484288.0
2011-10-10,4.32,4.33,4.21,4.18,17567840.0,74114232.0
2011-09-30,4.4,4.43,4.3,4.28,18348608.0,79495392.0
2011-09-29,4.32,4.43,4.36,4.32,13969364.0,61081248.0
2011-09-28,4.48,4.5,4.36,4.34,16317606.0,71870984.0
2011-09-27,4.46,4.49,4.46,4.41,13211807.0,58883036.0
2011-09-26,4.44,4.57,4.43,4.39,24986936.0,112101168.0
2011-09-23,4.5,4.53,4.5,4.42,29575262.0,132076944.0
2011-09-22,4.65,4.7,4.55,4.54,39169644.0,181364608.0
2011-09-21,4.63,4.74,4.69,4.59,45812824.0,215076928.0
2011-09-20,4.55,4.69,4.64,4.53,20664982.0,95410656.0
2011-09-19,4.6,4.61,4.56,4.53,15200503.0,69344584.0
2011-09-16,4.64,4.71,4.64,4.62,21270292.0,99209920.0
2011-09-15,4.68,4.73,4.62,4.61,28193204.0,131572864.0
2011-09-14,4.67,4.72,4.71,4.55,36676944.0,170601712.0
2011-09-13,4.54,4.66,4.65,4.5,29044460.0,133354672.0
2011-09-09,4.61,4.69,4.6,4.59,29155638.0,135148560.0
2011-09-08,4.63,4.67,4.61,4.57,28054830.0,129624360.0
2011-09-07,4.52,4.65,4.64,4.51,55843572.0,256475104.0
2011-09-06,4.41,4.53,4.49,4.41,23267540.0,104218488.0
2011-09-05,4.41,4.59,4.49,4.37,27452656.0,122980688.0
2011-09-02,4.5,4.51,4.46,4.42,12462581.0,55576568.0
2011-09-01,4.46,4.55,4.5,4.44,24722568.0,111011208.0
2011-08-31,4.4,4.49,4.46,4.4,14499546.0,64507648.0
2011-08-30,4.5,4.58,4.43,4.39,39858740.0,178928768.0
2011-08-29,4.58,4.58,4.46,4.43,49992608.0,224076688.0
2011-08-26,4.57,4.63,4.63,4.56,30014302.0,137974640.0
2011-08-25,4.5,4.66,4.63,4.49,72672632.0,334332000.0
2011-08-24,4.53,4.55,4.48,4.45,13873103.0,62489040.0
2011-08-23,4.39,4.55,4.52,4.36,28795860.0,129198832.0
2011-08-22,4.38,4.46,4.37,4.35,12258686.0,53888532.0
2011-08-19,4.35,4.41,4.39,4.29,19575184.0,85041816.0
2011-08-18,4.53,4.53,4.42,4.4,14997213.0,66754680.0
2011-08-17,4.49,4.56,4.5,4.49,22080630.0,99970416.0
2011-08-16,4.51,4.6,4.51,4.49,36461904.0,165528352.0
2011-08-15,4.36,4.63,4.54,4.33,63013708.0,284039552.0
2011-08-12,4.37,4.44,4.37,4.33,28167030.0,123207296.0
2011-08-11,4.25,4.41,4.37,4.22,26459936.0,114367664.0
2011-08-10,4.35,4.38,4.32,4.29,41239868.0,178933760.0
2011-08-09,4.11,4.34,4.29,4.11,54820288.0,232641728.0
2011-08-08,4.35,4.44,4.24,4.11,47803888.0,206154304.0
2011-08-05,4.35,4.43,4.38,4.32,34773252.0,152259280.0
2011-08-04,4.55,4.58,4.48,4.47,33086456.0,149244768.0
2011-08-03,4.45,4.6,4.54,4.44,57520864.0,260334912.0
2011-08-02,4.5,4.54,4.52,4.41,60974368.0,272888576.0
2011-08-01,4.53,4.59,4.54,4.47,106188480.0,481208128.0
2011-07-29,4.34,4.79,4.69,4.32,187613056.0,884840448.0
2011-07-28,4.31,4.39,4.35,4.3,19740656.0,86119480.0
2011-07-27,4.32,4.37,4.34,4.3,13118946.0,57014744.0
2011-07-26,4.32,4.36,4.33,4.3,10236343.0,44348688.0
2011-07-25,4.4,4.41,4.32,4.3,23099472.0,100658832.0
2011-07-22,4.43,4.44,4.41,4.38,18964124.0,83613688.0
2011-07-21,4.47,4.47,4.42,4.4,25794106.0,113851904.0
2011-07-20,4.48,4.51,4.45,4.43,9764046.0,43591596.0
2011-07-19,4.5,4.5,4.46,4.45,15177520.0,67769432.0
2011-07-18,4.54,4.55,4.51,4.5,22144826.0,100148480.0
2011-07-15,4.49,4.54,4.54,4.46,31531642.0,142341440.0
2011-07-14,4.47,4.53,4.51,4.4,54322624.0,242771072.0
2011-07-13,4.4,4.5,4.48,4.39,43047304.0,191568688.0
2011-07-12,4.47,4.47,4.4,4.39,34652312.0,153161648.0
2011-07-11,4.51,4.53,4.49,4.47,36973004.0,166062768.0
2011-07-08,4.47,4.59,4.55,4.43,60646048.0,274090112.0
2011-07-07,4.59,4.59,4.48,4.46,61906092.0,279263168.0
2011-06-28,4.8,4.81,4.75,4.72,45787196.0,217317792.0
2011-06-27,4.84,4.87,4.8,4.78,39873224.0,191992016.0
2011-06-24,4.72,4.86,4.84,4.71,42542064.0,203599408.0
2011-06-23,4.66,4.76,4.74,4.64,12391337.0,58143936.0
2011-06-22,4.66,4.72,4.68,4.63,15061462.0,70389584.0
2011-06-21,4.68,4.69,4.67,4.63,15744701.0,73226408.0
2011-06-20,4.73,4.75,4.67,4.64,16051970.0,74817616.0
2011-06-17,4.81,4.84,4.74,4.71,10843090.0,51892336.0
2011-06-16,4.86,4.86,4.83,4.81,6618413.0,31965430.0
2011-06-15,4.94,4.94,4.88,4.85,11800636.0,57649620.0
2011-06-14,4.9,4.96,4.95,4.87,9519594.0,46959328.0
2011-06-13,4.88,4.92,4.9,4.85,6129212.0,29879816.0
2011-06-10,4.92,4.94,4.92,4.88,8785773.0,43153604.0
2011-06-09,4.97,4.97,4.91,4.91,5114621.0,25254620.0
2011-06-08,4.98,4.99,4.96,4.91,6898743.0,34069708.0
2011-06-07,4.95,4.99,4.97,4.91,6160728.0,30557872.0
2011-06-03,4.91,4.96,4.96,4.9,10032572.0,49557960.0
2011-06-02,5.1,5.12,4.93,4.85,32027026.0,159285344.0
2011-06-01,5.17,5.17,5.13,5.1,7962120.0,40818708.0
2011-05-31,5.14,5.18,5.17,5.1,10161790.0,52218940.0
2011-05-30,5.1,5.18,5.14,5.1,11250672.0,57849000.0
2011-05-27,5.13,5.21,5.12,5.09,14320574.0,73471112.0
2011-05-25,5.26,5.26,5.11,5.09,16536916.0,85307688.0
2011-05-24,5.38,5.39,5.25,5.24,18126848.0,95858592.0
2011-05-23,5.46,5.46,5.39,5.38,9978199.0,53889560.0
2011-05-20,5.36,5.51,5.5,5.34,27171264.0,148697952.0
2011-05-19,5.39,5.42,5.35,5.34,6413446.0,34458696.0
2011-05-18,5.35,5.41,5.38,5.31,9321970.0,50135944.0
2011-05-17,5.35,5.4,5.36,5.29,13118936.0,69898760.0
2011-05-16,5.38,5.41,5.36,5.32,9133688.0,48927224.0
2011-05-13,5.35,5.42,5.42,5.34,6722988.0,36131680.0
2011-05-12,5.41,5.42,5.34,5.33,8121516.0,43632648.0
2011-05-11,5.43,5.45,5.41,5.37,6696282.0,36204960.0
2011-05-10,5.39,5.44,5.42,5.37,5442726.0,29435336.0
2011-05-09,5.42,5.45,5.38,5.33,7984479.0,43022344.0
2011-05-06,5.42,5.44,5.41,5.39,8212452.0,44439700.0
2011-05-05,5.42,5.5,5.44,5.38,8611076.0,46816844.0
2011-05-04,5.56,5.56,5.42,5.36,19021140.0,103933472.0
2011-05-03,5.59,5.6,5.58,5.53,12386014.0,68902072.0
2011-04-29,5.7,5.76,5.56,5.52,23701504.0,132096336.0
2011-04-28,5.72,5.88,5.71,5.7,34823052.0,201896080.0
2011-04-27,5.65,5.72,5.71,5.6,22343370.0,126641984.0
2011-04-26,5.62,5.7,5.63,5.59,16253231.0,91629696.0
2011-04-25,5.66,5.72,5.66,5.61,11998668.0,68051560.0
2011-04-22,5.68,5.75,5.69,5.66,7763588.0,44178208.0
2011-04-21,5.68,5.75,5.7,5.65,8396397.0,47824456.0
2011-04-20,5.67,5.71,5.67,5.65,12519810.0,71033024.0
2011-04-19,5.76,5.79,5.64,5.63,19957972.0,114066512.0
2011-04-18,5.8,5.83,5.8,5.76,16692520.0,96614240.0
2011-04-15,5.68,5.87,5.82,5.68,38674260.0,224233520.0
2011-04-14,5.68,5.8,5.7,5.66,35500876.0,203366752.0
2011-04-13,5.62,5.71,5.69,5.56,32287504.0,181590960.0
2011-04-12,5.66,5.69,5.64,5.59,23464876.0,132231504.0
2011-04-11,5.77,5.81,5.68,5.66,23802592.0,136118000.0
2011-04-08,5.79,5.84,5.75,5.7,29399940.0,169423616.0
2011-04-06,5.7,5.95,5.81,5.68,47875576.0,280144256.0
2011-04-01,5.65,5.78,5.73,5.62,21182800.0,121078984.0
2011-03-31,5.76,5.8,5.67,5.66,27915740.0,159690208.0
2011-03-30,5.72,5.83,5.77,5.62,37783664.0,217305168.0
2011-03-29,5.56,5.8,5.73,5.52,72814752.0,415781888.0
2011-03-28,5.49,5.68,5.56,5.49,29376408.0,164789968.0
2011-03-25,5.43,5.53,5.48,5.39,22035696.0,120808280.0
2011-03-24,5.46,5.46,5.39,5.38,11300635.0,61152224.0
2011-03-23,5.4,5.46,5.44,5.37,25181580.0,136623312.0
2011-03-22,5.35,5.42,5.42,5.29,19852564.0,106788464.0
2011-03-21,5.32,5.36,5.33,5.3,10720385.0,57032216.0
2011-03-18,5.37,5.38,5.32,5.29,10946407.0,58442864.0
2011-03-17,5.34,5.37,5.32,5.3,7624683.0,40635696.0
2011-03-16,5.34,5.39,5.37,5.31,9363611.0,50140096.0
2011-03-15,5.41,5.42,5.34,5.24,19183156.0,102001232.0
2011-03-14,5.43,5.49,5.44,5.41,8807302.0,47875752.0
2011-03-11,5.53,5.54,5.43,5.4,21360284.0,116829496.0
2011-03-10,5.59,5.59,5.54,5.49,20804604.0,114968760.0
2011-03-09,5.67,5.7,5.62,5.57,22995086.0,129069648.0
2011-03-08,5.64,5.75,5.65,5.62,16681598.0,94634496.0
2011-03-07,5.67,5.76,5.66,5.62,33701116.0,192114352.0
2011-03-04,5.54,5.71,5.66,5.53,57100604.0,322381952.0
2011-03-03,5.41,5.67,5.55,5.38,81522808.0,454229248.0
2011-03-02,5.32,5.51,5.41,5.3,30072730.0,162921664.0
2011-03-01,5.29,5.4,5.36,5.27,21003122.0,112083496.0
2011-02-28,5.29,5.3,5.28,5.22,8785891.0,46266700.0
2011-02-25,5.26,5.33,5.27,5.2,11867723.0,62477052.0
2011-02-24,5.25,5.27,5.25,5.21,10079420.0,52731968.0
2011-02-23,5.24,5.28,5.24,5.2,9360675.0,49035376.0
2011-02-22,5.4,5.44,5.25,5.24,15880752.0,84200248.0
2011-02-21,5.36,5.41,5.38,5.34,13695872.0,73569152.0
2011-02-18,5.38,5.48,5.42,5.35,26735970.0,144985680.0
2011-02-17,5.36,5.48,5.37,5.34,26694132.0,144209376.0
2011-02-16,5.3,5.36,5.35,5.28,13037382.0,69228648.0
2011-02-15,5.36,5.37,5.31,5.3,21978144.0,117291344.0
2011-02-14,5.2,5.41,5.37,5.19,43373192.0,230662000.0
2011-02-11,5.17,5.22,5.21,5.15,16791232.0,87110312.0
2011-02-10,5.16,5.19,5.19,5.13,11997473.0,61931056.0
2011-02-09,5.17,5.21,5.15,5.13,9398509.0,48582584.0
2011-02-01,5.18,5.19,5.18,5.15,8931612.0,46219196.0
2011-01-31,5.14,5.18,5.18,5.13,10149041.0,52386152.0
2011-01-28,5.16,5.17,5.15,5.12,11186293.0,57441952.0
2011-01-27,5.12,5.2,5.18,5.06,18894424.0,96918696.0
2011-01-26,5.13,5.17,5.15,5.12,7907526.0,40676048.0
2011-01-25,5.17,5.2,5.13,5.11,12316533.0,63518860.0
2011-01-24,5.16,5.19,5.15,5.12,7217298.0,37159472.0
2011-01-21,5.09,5.27,5.17,5.07,20171248.0,104249056.0
2011-01-20,5.13,5.16,5.05,5.03,13850616.0,70459728.0
2011-01-19,5.05,5.16,5.13,5.05,13936871.0,71189072.0
2011-01-18,5.1,5.12,5.04,5.0,15251636.0,77355752.0
2011-01-17,5.21,5.22,5.11,5.07,18734644.0,96406112.0
2011-01-14,5.29,5.3,5.23,5.22,12419259.0,65194136.0
2011-01-13,5.34,5.34,5.3,5.29,12926841.0,68756792.0
2011-01-12,5.28,5.35,5.33,5.26,15504032.0,82221872.0
2011-01-11,5.23,5.3,5.28,5.2,14429279.0,75808784.0
2011-01-10,5.34,5.38,5.23,5.2,36850672.0,194231008.0
2011-01-07,5.23,5.51,5.37,5.21,60133704.0,324797664.0
2011-01-06,5.29,5.31,5.24,5.2,13869216.0,72861392.0
2011-01-05,5.27,5.34,5.29,5.25,19058156.0,100884968.0
2011-01-04,5.25,5.33,5.31,5.21,21412968.0,113347016.0
