date,open,high,close,low,volume,amount
2015-12-31,4.03,4.03,4.01,4.01,120088895.0,482486083.0
2015-12-30,4.04,4.04,4.03,4.01,126977953.0,510808845.0
2015-12-29,4.01,4.04,4.04,4.0,150150314.0,603400387.0
2015-12-28,4.05,4.07,4.02,4.01,241372987.0,975343501.0
2015-12-25,4.06,4.06,4.06,4.04,110868929.0,448983570.0
2015-12-24,4.07,4.08,4.06,4.02,241057856.0,976332736.0
2015-12-23,4.09,4.13,4.08,4.05,376979904.0,1538217344.0
2015-12-22,4.1,4.11,4.09,4.06,241974904.0,987812235.0
2015-12-21,4.05,4.14,4.12,4.04,469604704.0,1924261504.0
2015-12-18,4.06,4.16,4.08,4.04,365970208.0,1497975936.0
2015-12-17,4.05,4.08,4.07,4.04,220837248.0,897096000.0
2015-12-16,4.05,4.06,4.04,4.02,135133936.0,545664192.0
2015-12-15,4.08,4.09,4.04,4.02,169772896.0,687803200.0
2015-12-14,4.0,4.11,4.1,4.0,217470016.0,882306816.0
2015-12-11,4.05,4.06,4.04,4.0,171740048.0,691321088.0
2015-12-10,4.09,4.16,4.07,4.06,182884432.0,751651456.0
2015-12-09,4.04,4.11,4.11,4.04,216103828.0,881818072.0
2015-12-08,4.09,4.11,4.06,4.04,237413104.0,967577024.0
2015-12-07,4.18,4.19,4.12,4.09,295954085.0,1219614442.0
2015-12-04,4.25,4.28,4.17,4.15,528560000.0,2223948544.0
2015-12-03,4.14,4.5,4.34,4.09,1207564528.0,5161692142.0
2015-12-02,4.0,4.22,4.18,3.98,797980480.0,3292144640.0
2015-12-01,4.11,4.11,4.02,3.95,432924365.0,1740692989.0
2015-11-30,3.96,4.11,4.11,3.95,643245632.0,2618390272.0
2015-11-27,4.06,4.06,3.95,3.91,257429392.0,1028984768.0
2015-11-26,4.08,4.09,4.07,4.05,210101152.0,855399296.0
2015-11-25,4.03,4.08,4.08,4.01,249387728.0,1008907712.0
2015-11-24,4.01,4.04,4.04,3.98,224039328.0,898074944.0
2015-11-23,4.03,4.04,4.02,4.0,198729744.0,799109504.0
2015-11-20,4.08,4.08,4.05,4.03,262912400.0,1065144768.0
2015-11-19,4.07,4.09,4.08,4.05,202776704.0,824755456.0
2015-11-18,4.06,4.12,4.07,4.05,297559072.0,1213362688.0
2015-11-17,4.05,4.11,4.06,4.05,341866048.0,1395418496.0
2015-11-16,3.99,4.07,4.05,3.98,234509824.0,946683584.0
2015-11-13,4.02,4.07,4.02,4.01,195661424.0,788929664.0
2015-11-12,4.1,4.11,4.05,4.03,237495584.0,963585664.0
2015-11-11,4.14,4.15,4.1,4.03,329991680.0,1351185920.0
2015-11-10,4.14,4.22,4.15,4.11,389131008.0,1613081472.0
2015-11-09,4.07,4.3,4.19,4.06,886238656.0,3731467008.0
2015-11-06,3.97,4.03,4.01,3.94,445028672.0,1771759872.0
2015-11-05,3.9,4.1,4.0,3.88,783549312.0,3135719424.0
2015-11-04,3.81,3.93,3.93,3.8,390812896.0,1514264960.0
2015-11-03,3.85,3.86,3.81,3.79,152914352.0,584119936.0
2015-11-02,3.87,3.91,3.85,3.84,168821392.0,654732288.0
2015-10-30,3.88,3.9,3.88,3.87,143049760.0,555777920.0
2015-10-29,3.9,3.91,3.89,3.88,154649760.0,602350720.0
2015-10-28,3.91,3.95,3.91,3.89,230932544.0,902578112.0
2015-10-27,3.93,3.94,3.92,3.89,182087488.0,712654976.0
2015-10-26,3.97,3.97,3.94,3.93,231560000.0,916280256.0
2015-10-23,3.95,3.96,3.95,3.92,258748576.0,1019018176.0
2015-10-22,3.95,4.0,3.94,3.92,290685664.0,1147063168.0
2015-10-21,3.92,4.1,4.03,3.89,661666688.0,2617409536.0
2015-10-20,3.9,3.92,3.91,3.88,177335040.0,691457920.0
2015-10-19,3.93,3.94,3.91,3.87,239492288.0,937307520.0
2015-10-16,3.9,3.93,3.92,3.88,281384608.0,1099708288.0
2015-10-15,3.84,3.89,3.89,3.83,226838784.0,876409344.0
2015-10-14,3.83,3.85,3.85,3.82,154189232.0,591370368.0
2015-10-13,3.85,3.86,3.84,3.83,158395904.0,608439104.0
2015-10-12,3.8,3.9,3.87,3.78,368965312.0,1418730496.0
2015-10-09,3.79,3.81,3.8,3.77,143793392.0,545119040.0
2015-10-08,3.79,3.82,3.78,3.76,151650864.0,573912320.0
2015-09-30,3.73,3.75,3.72,3.71,83167232.0,310198016.0
2015-09-29,3.76,3.77,3.72,3.71,116334976.0,434507456.0
2015-09-28,3.8,3.81,3.8,3.76,89537168.0,338331968.0
2015-09-25,3.79,3.84,3.83,3.76,190962848.0,723746368.0
2015-09-24,3.8,3.82,3.79,3.77,128647176.0,487577408.0
2015-09-23,3.85,3.87,3.8,3.79,171975744.0,656229440.0
2015-09-22,3.85,3.88,3.87,3.83,153216864.0,592486528.0
2015-09-21,3.84,3.85,3.85,3.8,172555920.0,660445952.0
2015-09-18,3.9,3.9,3.86,3.84,152767680.0,591205248.0
2015-09-17,3.91,3.95,3.89,3.88,195717088.0,767364480.0
2015-09-16,3.88,3.99,3.94,3.83,271977952.0,1059574720.0
2015-09-15,3.9,3.98,3.91,3.88,276980576.0,1082964992.0
2015-09-14,3.93,4.01,3.93,3.83,355994240.0,1400406016.0
2015-09-11,3.99,4.0,3.93,3.91,166669472.0,658483136.0
2015-09-10,3.96,4.04,4.0,3.94,228886960.0,915742336.0
2015-09-09,3.98,4.01,4.0,3.93,300258080.0,1193658880.0
2015-09-08,3.92,4.03,3.98,3.84,308385760.0,1216091520.0
2015-09-07,4.11,4.12,3.96,3.92,489165952.0,1973897728.0
2015-09-02,3.93,4.29,4.24,3.85,1482348288.0,6074448384.0
2015-09-01,3.81,4.14,4.05,3.78,1255457792.0,5025702912.0
2015-08-31,3.83,3.87,3.86,3.72,516781216.0,1963774336.0
2015-08-28,3.9,3.94,3.89,3.82,640730816.0,2472746240.0
2015-08-27,3.67,3.9,3.89,3.62,700725312.0,2619029504.0
2015-08-26,3.58,3.79,3.66,3.45,766411328.0,2754935808.0
2015-08-25,3.63,3.88,3.49,3.43,826005568.0,3049980416.0
2015-08-24,4.05,4.13,3.8,3.74,814956928.0,3196538112.0
2015-08-21,4.15,4.25,4.15,4.11,456085184.0,1901485312.0
2015-08-20,4.3,4.31,4.18,4.16,449506048.0,1913696128.0
2015-08-19,4.21,4.28,4.2,4.04,600093312.0,2499275264.0
2015-08-18,4.33,4.38,4.26,4.25,630294592.0,2730988032.0
2015-08-17,4.35,4.37,4.33,4.31,366992256.0,1587619072.0
2015-08-14,4.39,4.4,4.37,4.36,289185504.0,1264674816.0
2015-08-13,4.37,4.41,4.39,4.33,335467744.0,1465089024.0
2015-08-12,4.42,4.43,4.38,4.37,387626400.0,1703725824.0
2015-08-11,4.47,4.48,4.45,4.42,450753344.0,2006638720.0
2015-08-10,4.37,4.51,4.49,4.36,648440640.0,2875261440.0
2015-08-07,4.39,4.42,4.39,4.35,323843552.0,1420102912.0
2015-08-06,4.34,4.42,4.36,4.32,263784240.0,1153800832.0
2015-08-05,4.45,4.47,4.39,4.38,324053888.0,1435475072.0
2015-08-04,4.41,4.49,4.48,4.37,441976544.0,1956743424.0
2015-08-03,4.42,4.52,4.45,4.31,637104960.0,2799643904.0
2015-07-31,4.49,4.55,4.45,4.42,460217888.0,2055555072.0
2015-07-30,4.62,4.63,4.52,4.51,559233536.0,2548371968.0
2015-07-29,4.6,4.64,4.63,4.51,672566784.0,3078566656.0
2015-07-28,4.5,4.85,4.67,4.44,996318656.0,4689821184.0
2015-07-27,4.96,5.0,4.63,4.55,1094152704.0,5283459072.0
2015-07-24,5.05,5.08,5.01,4.99,830111296.0,4182406144.0
2015-07-23,5.02,5.07,5.06,5.0,934259392.0,4710065664.0
2015-07-22,5.05,5.12,5.04,5.02,919918144.0,4657854464.0
2015-07-21,5.09,5.17,5.08,5.07,941452288.0,4799168000.0
2015-07-20,5.1,5.25,5.16,5.06,1363580032.0,7019878912.0
2015-07-17,5.21,5.24,5.17,5.07,1329255168.0,6835553280.0
2015-07-16,5.37,5.57,5.23,5.11,1816356736.0,9623155712.0
2015-07-15,5.1,5.41,5.37,5.06,2128326528.0,11271716864.0
2015-07-14,5.09,5.35,5.23,4.91,2149460480.0,10878692352.0
2015-07-13,5.3,5.4,5.21,5.2,2219790592.0,11706672128.0
2015-07-10,5.39,5.94,5.53,5.21,3224343808.0,18194683904.0
2015-07-09,5.59,5.96,5.6,5.08,3323468288.0,18458853376.0
2015-07-08,5.1,5.6,5.59,4.85,5109897216.0,27465121792.0
2015-07-07,4.8,5.39,5.39,4.79,4071144704.0,21157787648.0
2015-07-06,4.85,4.91,4.9,4.6,3986505984.0,19138185216.0
2015-07-03,4.7,4.8,4.46,4.4,1603257600.0,7459026432.0
2015-07-02,4.78,5.1,5.01,4.56,2419236608.0,11763170304.0
2015-07-01,4.87,4.9,4.75,4.72,1371411840.0,6602910720.0
2015-06-30,4.6,4.9,4.89,4.51,1858969088.0,8770855936.0
2015-06-29,4.66,4.7,4.56,4.23,1672092800.0,7636938752.0
2015-06-26,4.67,4.79,4.53,4.33,1701822336.0,7842397184.0
2015-06-25,4.91,4.94,4.74,4.7,1495809536.0,7219096576.0
2015-06-24,4.75,4.8,4.8,4.66,1134184576.0,5362868224.0
2015-06-23,4.55,4.73,4.72,4.47,1244372736.0,5748308480.0
2015-06-19,4.68,4.79,4.53,4.5,1154498176.0,5373085184.0
2015-06-18,4.89,4.9,4.73,4.71,1353271808.0,6515714048.0
2015-06-17,5.01,5.08,4.95,4.91,1874502400.0,9332867072.0
2015-06-16,4.92,5.03,4.83,4.78,1642454144.0,8062132224.0
2015-06-15,5.08,5.08,4.96,4.94,1375534720.0,6894108160.0
2015-06-12,5.02,5.1,5.1,4.91,1694219648.0,8478084608.0
2015-06-11,5.14,5.18,5.01,4.95,1937264768.0,9733120000.0
2015-06-10,5.15,5.23,5.15,5.08,2064957312.0,10629579776.0
2015-06-09,5.25,5.46,5.29,5.12,4795353088.0,25401788416.0
2015-06-08,4.72,5.17,5.17,4.72,4091793920.0,20605401088.0
2015-06-05,4.8,4.84,4.7,4.61,1718118144.0,8098833920.0
2015-06-04,4.51,4.74,4.71,4.47,2230413056.0,10328933376.0
2015-06-03,4.51,4.53,4.48,4.42,874694912.0,3906257408.0
2015-06-02,4.49,4.53,4.48,4.42,919543232.0,4105928704.0
2015-06-01,4.34,4.53,4.5,4.29,1040247808.0,4597985280.0
2015-05-29,4.38,4.41,4.33,4.24,997181120.0,4325799424.0
2015-05-28,4.64,4.66,4.38,4.37,1422391424.0,6473996800.0
2015-05-27,4.68,4.7,4.65,4.61,1051933504.0,4890050560.0
2015-05-26,4.69,4.72,4.68,4.61,1177596544.0,5484442112.0
2015-05-25,4.6,4.68,4.67,4.59,1281053824.0,5943986688.0
2015-05-22,4.49,4.57,4.57,4.46,1171560320.0,5302279680.0
2015-05-21,4.43,4.45,4.44,4.4,685628480.0,3032154880.0
2015-05-20,4.46,4.51,4.44,4.41,895472896.0,3988074752.0
2015-05-19,4.31,4.48,4.46,4.3,780576384.0,3444895232.0
2015-05-18,4.4,4.4,4.33,4.31,738177792.0,3217488896.0
2015-05-15,4.52,4.53,4.44,4.42,777797888.0,3468155392.0
2015-05-14,4.58,4.61,4.55,4.52,654705408.0,2983882496.0
2015-05-13,4.63,4.65,4.56,4.53,984127232.0,4514529280.0
2015-05-12,4.55,4.6,4.58,4.51,906667136.0,4132891392.0
2015-05-11,4.5,4.56,4.56,4.42,1093674112.0,4901775360.0
2015-05-08,4.47,4.5,4.49,4.42,793470464.0,3544950016.0
2015-05-07,4.49,4.51,4.43,4.41,881491968.0,3930568960.0
2015-05-06,4.58,4.69,4.51,4.43,1239073408.0,5680564224.0
2015-05-05,4.82,4.82,4.59,4.56,1469694336.0,6891471872.0
2015-05-04,4.83,4.85,4.83,4.74,1002395456.0,4814831104.0
2015-04-30,4.96,4.96,4.84,4.83,1471072896.0,7179089408.0
2015-04-29,5.0,5.01,4.97,4.85,1872648832.0,9226271744.0
2015-04-28,4.83,5.29,5.06,4.81,4017962240.0,20155496448.0
2015-04-27,4.66,4.82,4.81,4.66,1841765888.0,8748362752.0
2015-04-24,4.71,4.73,4.66,4.6,1619024512.0,7558234624.0
2015-04-23,4.86,4.88,4.8,4.75,1543600896.0,7417101312.0
2015-04-22,4.79,4.86,4.86,4.75,1987120384.0,9539123200.0
2015-04-21,4.7,4.78,4.78,4.66,1796728576.0,8483328512.0
2015-04-20,4.99,4.99,4.74,4.7,3054796544.0,14899935232.0
2015-04-17,4.9,5.0,4.93,4.83,2691318784.0,13228417024.0
2015-04-16,4.67,4.81,4.8,4.63,1708043776.0,8065126400.0
2015-04-15,4.64,4.79,4.71,4.62,2396243200.0,11280467968.0
2015-04-14,4.67,4.67,4.63,4.6,1521179136.0,7040475136.0
2015-04-13,4.65,4.72,4.68,4.58,2474513408.0,11481411584.0
2015-04-10,4.49,4.57,4.56,4.46,1604071040.0,7249499136.0
2015-04-09,4.54,4.64,4.49,4.47,1989324032.0,9029283840.0
2015-04-08,4.48,4.54,4.53,4.4,2029669120.0,9081467904.0
2015-04-07,4.42,4.49,4.47,4.41,1629148288.0,7242467840.0
2015-04-03,4.33,4.37,4.37,4.31,984150592.0,4275805440.0
2015-04-02,4.41,4.44,4.36,4.32,1253047296.0,5474537984.0
2015-04-01,4.38,4.44,4.41,4.35,1086504320.0,4775605760.0
2015-03-31,4.52,4.58,4.38,4.36,1719546496.0,7693718016.0
2015-03-30,4.37,4.47,4.46,4.34,1807150848.0,7984244224.0
2015-03-27,4.3,4.4,4.32,4.26,1002528832.0,4332622848.0
2015-03-26,4.28,4.37,4.31,4.23,1040450432.0,4477350400.0
2015-03-25,4.4,4.44,4.3,4.28,1310978688.0,5691647488.0
2015-03-24,4.42,4.55,4.44,4.36,1644430592.0,7272438784.0
2015-03-23,4.43,4.47,4.43,4.38,1420375808.0,6275480576.0
2015-03-20,4.27,4.45,4.38,4.23,1877753088.0,8129269760.0
2015-03-19,4.33,4.34,4.27,4.24,1198099456.0,5127054848.0
2015-03-18,4.22,4.33,4.33,4.21,1540556288.0,6590365184.0
2015-03-17,4.21,4.23,4.21,4.16,1283203072.0,5379010560.0
2015-03-16,4.15,4.19,4.18,4.09,1213862784.0,5028279808.0
2015-03-13,4.2,4.27,4.15,4.12,1366698496.0,5739191808.0
2015-03-12,4.09,4.26,4.18,4.07,1851796224.0,7707089920.0
2015-03-11,3.95,4.08,4.01,3.95,1259676160.0,5080600576.0
2015-03-10,3.98,4.0,3.93,3.92,892575680.0,3525571840.0
2015-03-09,3.85,4.06,4.03,3.81,1670654720.0,6599759872.0
2015-03-06,3.78,3.88,3.83,3.77,804295680.0,3080876288.0
2015-03-05,3.88,3.88,3.8,3.75,1262026624.0,4805177856.0
2015-03-04,3.95,3.97,3.91,3.89,1172707072.0,4589680640.0
2015-03-03,4.07,4.08,3.97,3.96,1248221312.0,5009147904.0
2015-03-02,4.12,4.13,4.11,4.07,996853632.0,4081541376.0
2015-02-27,4.12,4.15,4.11,4.09,933246016.0,3843894784.0
2015-02-26,4.04,4.14,4.14,3.98,1060225792.0,4321311232.0
2015-02-25,4.1,4.1,4.05,4.03,534927552.0,2169226240.0
2015-02-17,4.09,4.14,4.1,4.08,638107520.0,2619950080.0
2015-02-16,4.09,4.11,4.09,4.05,661783104.0,2697528576.0
2015-02-13,4.08,4.18,4.11,4.05,1030874560.0,4250978048.0
2015-02-12,4.09,4.09,4.06,4.01,541869248.0,2192128512.0
2015-02-11,4.1,4.11,4.07,4.04,521716704.0,2125181568.0
2015-02-10,4.0,4.1,4.1,3.97,895753280.0,3636790016.0
2015-02-09,3.97,4.09,4.03,3.88,1079572224.0,4299606016.0
2015-02-06,4.05,4.12,4.01,3.96,1063928640.0,4301515776.0
2015-02-05,4.37,4.37,4.13,4.12,1658631808.0,7051371520.0
2015-02-04,4.24,4.27,4.13,4.12,1117336576.0,4702767104.0
2015-02-03,4.18,4.32,4.28,4.04,1621741056.0,6732571648.0
2015-02-02,4.24,4.3,4.13,4.12,1219248896.0,5127737344.0
2015-01-30,4.45,4.48,4.4,4.34,863713024.0,3811523328.0
2015-01-29,4.44,4.5,4.4,4.39,1121429248.0,4969470976.0
2015-01-28,4.57,4.66,4.55,4.5,1017346816.0,4647153152.0
2015-01-27,4.75,4.76,4.63,4.53,1449753472.0,6711325696.0
2015-01-26,4.78,4.82,4.78,4.62,1386278144.0,6531497984.0
2015-01-23,4.88,4.99,4.84,4.8,1722337920.0,8421735936.0
2015-01-22,4.88,4.89,4.84,4.75,1622801792.0,7826658816.0
2015-01-21,4.49,4.9,4.89,4.41,2681905920.0,12573299712.0
2015-01-20,4.48,4.57,4.45,4.31,1751400064.0,7806777344.0
2015-01-19,4.53,4.78,4.48,4.48,2158887936.0,9910001664.0
2015-01-16,4.89,5.08,4.98,4.83,1887003648.0,9402684416.0
2015-01-15,4.59,4.89,4.87,4.51,1680669824.0,7849348096.0
2015-01-14,4.46,4.65,4.59,4.46,1673274624.0,7656606720.0
2015-01-13,4.39,4.44,4.44,4.31,912319232.0,3991497472.0
2015-01-12,4.38,4.49,4.4,4.3,1276075648.0,5610756096.0
2015-01-09,4.28,4.76,4.47,4.23,2277619456.0,10212605952.0
2015-01-08,4.55,4.57,4.33,4.31,1489272576.0,6536809472.0
2015-01-07,4.46,4.64,4.54,4.44,1548575488.0,7006124032.0
2015-01-06,4.38,4.74,4.56,4.28,2312726016.0,10516945920.0
2015-01-05,4.18,4.5,4.42,4.18,2308454912.0,9922663424.0
2014-12-31,3.94,4.28,4.15,3.88,2278282240.0,9320222720.0
2014-12-30,3.81,4.0,3.94,3.8,1603930112.0,6283509760.0
2014-12-29,4.0,4.04,3.85,3.76,2004713600.0,7829727232.0
2014-12-26,3.71,3.85,3.82,3.65,1922661120.0,7192386560.0
2014-12-25,3.66,3.73,3.72,3.56,1586690560.0,5814137856.0
2014-12-24,3.72,3.75,3.57,3.51,1496218112.0,5392665088.0
2014-12-23,3.74,3.88,3.72,3.7,2813128192.0,10700739584.0
2014-12-22,3.66,3.89,3.89,3.6,3574832384.0,13681318912.0
2014-12-19,3.45,3.56,3.54,3.42,1111210752.0,3894673408.0
2014-12-18,3.55,3.57,3.46,3.42,1019731328.0,3562903552.0
2014-12-17,3.42,3.63,3.54,3.37,1922876416.0,6726576640.0
2014-12-16,3.28,3.4,3.4,3.26,944092416.0,3157806336.0
2014-12-15,3.3,3.31,3.29,3.23,709601920.0,2317046784.0
2014-12-12,3.34,3.4,3.34,3.3,659283776.0,2205144320.0
2014-12-11,3.32,3.43,3.34,3.26,746516288.0,2498272000.0
2014-12-10,3.31,3.43,3.39,3.18,1292013440.0,4272224256.0
2014-12-09,3.55,3.69,3.33,3.29,2188514560.0,7738574336.0
2014-12-08,3.59,3.74,3.66,3.52,2512228096.0,9105629184.0
2014-12-05,3.53,3.81,3.69,3.42,2642899968.0,9513892864.0
2014-12-04,3.4,3.54,3.53,3.32,1886247040.0,6472786432.0
2014-12-03,3.5,3.58,3.41,3.36,1800945920.0,6253702656.0
2014-12-02,3.28,3.64,3.56,3.25,1725665024.0,5855948288.0
2014-12-01,3.33,3.6,3.38,3.21,1009907392.0,3418950912.0
2014-11-28,3.08,3.33,3.33,3.07,982520704.0,3172178944.0
2014-11-27,3.07,3.13,3.08,3.05,412497344.0,1272991104.0
2014-11-26,2.96,3.08,3.05,2.95,381483296.0,1152062080.0
2014-11-25,2.93,2.97,2.97,2.9,278662272.0,817851520.0
2014-11-24,2.9,2.97,2.94,2.88,370103584.0,1084640896.0
2014-11-21,2.92,2.96,2.95,2.87,238013232.0,693896512.0
2014-11-20,2.9,2.94,2.92,2.89,150590544.0,439403776.0
2014-11-19,2.91,2.94,2.92,2.89,207332240.0,603463488.0
2014-11-18,3.01,3.02,2.93,2.91,310261376.0,915711360.0
2014-11-17,3.09,3.14,3.02,3.01,317856832.0,967531648.0
2014-11-14,3.09,3.1,3.09,2.99,402796128.0,1229707136.0
2014-11-13,3.08,3.15,3.1,3.06,649222720.0,2010213888.0
2014-11-12,3.06,3.08,3.08,2.98,815984064.0,2485035776.0
2014-11-11,2.92,3.15,3.15,2.92,986034176.0,3067559168.0
2014-11-10,2.78,2.91,2.86,2.78,226333584.0,645466432.0
2014-11-07,2.75,2.8,2.77,2.74,108079488.0,299201344.0
2014-11-06,2.76,2.77,2.75,2.74,50862212.0,140343664.0
2014-11-05,2.79,2.8,2.76,2.75,66743660.0,184763792.0
2014-11-04,2.78,2.8,2.79,2.76,109069600.0,303654144.0
2014-11-03,2.81,2.82,2.78,2.77,108801184.0,303277088.0
2014-10-31,2.71,2.85,2.8,2.71,333119328.0,928296128.0
2014-10-30,2.69,2.73,2.71,2.67,113435760.0,306368608.0
2014-10-29,2.64,2.7,2.69,2.64,89071432.0,237772944.0
2014-10-28,2.61,2.64,2.64,2.6,43126780.0,113260464.0
2014-10-27,2.66,2.67,2.61,2.58,71371016.0,187430016.0
2014-10-24,2.67,2.68,2.66,2.66,50765204.0,135554928.0
2014-10-23,2.67,2.68,2.67,2.66,63096916.0,168615856.0
2014-10-22,2.66,2.68,2.68,2.66,44988656.0,120316000.0
2014-10-21,2.67,2.68,2.67,2.66,29636078.0,79159360.0
2014-10-20,2.68,2.68,2.68,2.66,42355972.0,113247248.0
2014-10-17,2.67,2.68,2.67,2.66,48314248.0,128860168.0
2014-10-16,2.66,2.7,2.67,2.66,76367168.0,204544960.0
2014-10-15,2.66,2.68,2.67,2.65,41030924.0,109428840.0
2014-10-14,2.66,2.68,2.66,2.66,41678480.0,111090720.0
2014-10-13,2.68,2.68,2.67,2.66,54096296.0,144166400.0
2014-10-10,2.69,2.7,2.69,2.67,51565080.0,138232864.0
2014-10-09,2.69,2.7,2.7,2.68,46042012.0,123902360.0
2014-10-08,2.69,2.7,2.69,2.68,63786492.0,171465440.0
2014-09-30,2.69,2.7,2.7,2.68,59540744.0,160098688.0
2014-09-29,2.69,2.7,2.68,2.67,79248968.0,212895408.0
2014-09-26,2.69,2.7,2.69,2.68,29872646.0,80376696.0
2014-09-25,2.71,2.72,2.7,2.69,56987044.0,154038576.0
2014-09-24,2.67,2.71,2.7,2.67,63790600.0,171680992.0
2014-09-23,2.67,2.69,2.68,2.66,35878984.0,95867472.0
2014-09-22,2.71,2.72,2.67,2.67,52649352.0,141541632.0
2014-09-19,2.72,2.72,2.72,2.7,45727864.0,124037256.0
2014-09-18,2.7,2.73,2.72,2.69,96757888.0,262583744.0
2014-09-17,2.71,2.71,2.7,2.69,56336640.0,152052784.0
2014-09-16,2.72,2.75,2.72,2.7,100878544.0,274493088.0
2014-09-15,2.71,2.72,2.71,2.7,45026432.0,121942176.0
2014-09-12,2.7,2.72,2.72,2.69,28713280.0,77654400.0
2014-09-11,2.7,2.73,2.7,2.69,41029588.0,111261200.0
2014-09-10,2.73,2.73,2.71,2.7,50679584.0,137169088.0
2014-09-09,2.74,2.75,2.73,2.72,39691476.0,108535328.0
2014-09-05,2.72,2.75,2.74,2.71,59639904.0,162886736.0
2014-09-04,2.71,2.72,2.72,2.7,53936496.0,146270640.0
2014-09-03,2.68,2.71,2.71,2.68,54083416.0,146119440.0
2014-09-02,2.67,2.69,2.69,2.65,48280776.0,128939648.0
2014-09-01,2.67,2.68,2.66,2.65,43948720.0,117128840.0
2014-08-29,2.64,2.69,2.68,2.63,32746392.0,86747584.0
2014-08-28,2.67,2.68,2.63,2.63,38944804.0,103168496.0
2014-08-27,2.68,2.68,2.67,2.67,21195332.0,56686416.0
2014-08-26,2.69,2.69,2.68,2.67,41843356.0,112198752.0
2014-08-25,2.7,2.7,2.7,2.68,36874092.0,99125792.0
2014-08-22,2.69,2.71,2.71,2.68,41603864.0,112139832.0
2014-08-21,2.7,2.71,2.69,2.67,46896392.0,126012496.0
2014-08-20,2.7,2.71,2.7,2.69,40026516.0,108018672.0
2014-08-19,2.7,2.71,2.69,2.69,30724428.0,82792816.0
2014-08-18,2.7,2.71,2.7,2.69,33681100.0,90978528.0
2014-08-15,2.69,2.7,2.7,2.68,29659124.0,79850136.0
2014-08-14,2.7,2.7,2.69,2.68,27733030.0,74595552.0
2014-08-13,2.7,2.7,2.7,2.68,29019848.0,78021616.0
2014-08-12,2.7,2.71,2.7,2.69,30065400.0,81022208.0
2014-08-11,2.69,2.71,2.71,2.69,35105688.0,94921136.0
2014-08-08,2.68,2.69,2.69,2.67,30812544.0,82617000.0
2014-08-07,2.7,2.71,2.68,2.67,42516876.0,114596792.0
2014-08-06,2.71,2.72,2.71,2.69,44081648.0,119079360.0
2014-08-05,2.73,2.73,2.72,2.71,53755672.0,146062224.0
2014-08-04,2.72,2.73,2.73,2.7,73078032.0,198655472.0
2014-08-01,2.7,2.74,2.71,2.69,85623168.0,232374688.0
2014-07-31,2.68,2.71,2.71,2.67,54818216.0,147203056.0
2014-07-30,2.7,2.72,2.68,2.66,110422072.0,297619264.0
2014-07-29,2.71,2.75,2.72,2.69,115226136.0,313203104.0
2014-07-28,2.62,2.72,2.7,2.62,118501088.0,318237888.0
2014-07-25,2.6,2.62,2.61,2.59,33451238.0,87205432.0
2014-07-24,2.57,2.61,2.59,2.56,58498224.0,151374816.0
2014-07-23,2.56,2.57,2.56,2.56,29587864.0,75901280.0
2014-07-22,2.56,2.57,2.57,2.55,35684224.0,91450632.0
2014-07-21,2.57,2.57,2.57,2.55,24926404.0,63828192.0
2014-07-18,2.56,2.57,2.57,2.55,28377772.0,72674048.0
2014-07-17,2.56,2.57,2.57,2.55,22643232.0,57984348.0
2014-07-16,2.57,2.57,2.57,2.56,21838396.0,56006104.0
2014-07-15,2.57,2.57,2.57,2.55,25686740.0,65828908.0
2014-07-14,2.55,2.57,2.56,2.55,21270916.0,54386712.0
2014-07-11,2.54,2.57,2.55,2.53,26389896.0,67434128.0
2014-07-10,2.54,2.55,2.54,2.53,35329740.0,89816128.0
2014-07-09,2.57,2.58,2.56,2.55,38112016.0,97540168.0
2014-07-08,2.57,2.58,2.58,2.55,28417692.0,72943448.0
2014-07-07,2.58,2.59,2.58,2.55,25578846.0,65732320.0
2014-07-04,2.59,2.6,2.59,2.58,18484050.0,47805724.0
2014-07-03,2.57,2.6,2.59,2.56,26073800.0,67319824.0
2014-07-02,2.56,2.58,2.58,2.56,23100354.0,59399968.0
2014-07-01,2.56,2.57,2.56,2.55,24726340.0,63279860.0
2014-06-30,2.55,2.56,2.55,2.54,23791572.0,60688848.0
2014-06-27,2.58,2.58,2.54,2.53,47758436.0,121566680.0
2014-06-26,2.77,2.78,2.77,2.75,59990184.0,166068976.0
2014-06-25,2.75,2.77,2.77,2.74,32276436.0,88887472.0
2014-06-24,2.74,2.76,2.75,2.73,24819020.0,68096376.0
2014-06-23,2.75,2.76,2.73,2.73,24956156.0,68529440.0
2014-06-20,2.72,2.75,2.75,2.71,28306068.0,77425392.0
2014-06-19,2.76,2.76,2.72,2.72,23052874.0,63152884.0
2014-06-18,2.78,2.78,2.76,2.74,43445440.0,119573040.0
2014-06-17,2.8,2.81,2.78,2.78,29160856.0,81404048.0
2014-06-16,2.79,2.82,2.81,2.78,48428532.0,135532720.0
2014-06-13,2.76,2.8,2.8,2.75,54952760.0,153118608.0
2014-06-12,2.74,2.76,2.76,2.73,23814288.0,65500692.0
2014-06-11,2.74,2.75,2.74,2.73,22813740.0,62440432.0
2014-06-10,2.71,2.74,2.74,2.71,33614720.0,91666688.0
2014-06-09,2.7,2.73,2.72,2.69,26544432.0,72067824.0
2014-06-06,2.73,2.74,2.7,2.69,25256012.0,68608624.0
2014-06-05,2.71,2.74,2.73,2.7,27686860.0,75450344.0
2014-06-04,2.72,2.73,2.72,2.69,30888820.0,83568776.0
2014-06-03,2.68,2.73,2.72,2.68,47703056.0,129347920.0
2014-05-30,2.69,2.69,2.67,2.67,20636896.0,55381628.0
2014-05-29,2.7,2.7,2.69,2.68,16838258.0,45346052.0
2014-05-28,2.68,2.7,2.69,2.68,26361104.0,70870744.0
2014-05-27,2.68,2.69,2.68,2.68,22561264.0,60600000.0
2014-05-26,2.68,2.69,2.69,2.67,13475317.0,36154784.0
2014-05-23,2.67,2.68,2.68,2.66,16807230.0,44892264.0
2014-05-22,2.66,2.68,2.67,2.65,19835536.0,52979836.0
2014-05-21,2.64,2.67,2.66,2.63,24147560.0,64001412.0
2014-05-20,2.65,2.66,2.65,2.64,17071116.0,45297864.0
2014-05-19,2.65,2.66,2.65,2.64,35135716.0,93119744.0
2014-05-16,2.64,2.66,2.65,2.64,14380060.0,38101384.0
2014-05-15,2.64,2.66,2.65,2.64,18152224.0,48086456.0
2014-05-14,2.65,2.66,2.65,2.63,19610490.0,51884124.0
2014-05-13,2.64,2.65,2.65,2.63,18049062.0,47591208.0
2014-05-12,2.61,2.65,2.64,2.61,49628924.0,130427856.0
2014-05-09,2.6,2.61,2.61,2.59,17153758.0,44691388.0
2014-05-08,2.6,2.61,2.61,2.59,25448154.0,66163404.0
2014-05-07,2.59,2.61,2.6,2.59,17600688.0,45716696.0
2014-05-06,2.59,2.6,2.59,2.58,15396502.0,39941496.0
2014-05-05,2.61,2.61,2.6,2.58,23877460.0,61836568.0
2014-04-30,2.61,2.62,2.6,2.6,21770544.0,56699056.0
2014-04-29,2.62,2.62,2.61,2.6,17761452.0,46426192.0
2014-04-28,2.62,2.63,2.62,2.6,24740160.0,64685720.0
2014-04-25,2.61,2.63,2.61,2.6,27196204.0,71234632.0
2014-04-24,2.61,2.62,2.6,2.59,17214432.0,44845140.0
2014-04-23,2.62,2.63,2.61,2.6,16532616.0,43162468.0
2014-04-22,2.6,2.64,2.63,2.57,24913846.0,64853200.0
2014-04-21,2.62,2.64,2.6,2.6,19209378.0,50346272.0
2014-04-18,2.62,2.64,2.63,2.61,17030812.0,44644984.0
2014-04-17,2.64,2.64,2.63,2.62,15252163.0,40119572.0
2014-04-16,2.62,2.65,2.63,2.61,18820518.0,49548584.0
2014-04-15,2.66,2.67,2.62,2.62,30741918.0,81247600.0
2014-04-14,2.67,2.69,2.67,2.64,38701608.0,103174536.0
2014-04-11,2.66,2.69,2.68,2.65,47730648.0,127232704.0
2014-04-10,2.63,2.67,2.67,2.62,48276960.0,127713384.0
2014-04-09,2.64,2.66,2.63,2.63,28325534.0,74832760.0
2014-04-08,2.6,2.65,2.64,2.58,56091544.0,147236032.0
2014-04-04,2.57,2.6,2.6,2.57,19780716.0,51158060.0
2014-04-03,2.6,2.6,2.58,2.57,38009632.0,98250136.0
2014-04-02,2.59,2.6,2.6,2.58,25085808.0,65066096.0
2014-04-01,2.58,2.6,2.59,2.57,31012760.0,80239536.0
2014-03-31,2.58,2.59,2.59,2.56,42516920.0,109608504.0
2014-03-28,2.57,2.61,2.58,2.56,93338696.0,240626464.0
2014-03-27,2.55,2.59,2.56,2.54,52897828.0,135441920.0
2014-03-26,2.53,2.55,2.54,2.53,25953784.0,65895344.0
2014-03-25,2.53,2.54,2.54,2.52,22556676.0,57053604.0
2014-03-24,2.54,2.55,2.54,2.51,42313744.0,107119728.0
2014-03-21,2.46,2.54,2.53,2.45,77473648.0,193579856.0
2014-03-20,2.46,2.49,2.46,2.45,27012610.0,66762944.0
2014-03-19,2.47,2.48,2.47,2.44,28158104.0,69118480.0
2014-03-18,2.48,2.49,2.47,2.46,17728404.0,43828672.0
2014-03-17,2.48,2.49,2.48,2.47,16838404.0,41659368.0
2014-03-14,2.49,2.49,2.47,2.45,32855604.0,81115536.0
2014-03-13,2.46,2.53,2.49,2.46,47525468.0,118761664.0
2014-03-12,2.46,2.47,2.45,2.44,29255828.0,71755376.0
2014-03-11,2.46,2.46,2.46,2.45,22320768.0,54761672.0
2014-03-10,2.48,2.49,2.46,2.45,36749512.0,90680968.0
2014-03-07,2.5,2.52,2.49,2.49,20809778.0,52032532.0
2014-03-06,2.48,2.5,2.5,2.47,19814276.0,49231976.0
2014-03-05,2.5,2.5,2.49,2.47,32268716.0,80190880.0
2014-03-04,2.5,2.5,2.5,2.48,26658912.0,66354396.0
2014-03-03,2.51,2.52,2.5,2.49,42113216.0,105306368.0
2014-02-28,2.52,2.53,2.51,2.5,29348616.0,73678776.0
2014-02-27,2.52,2.54,2.53,2.5,27054948.0,68159896.0
2014-02-26,2.53,2.54,2.51,2.5,20024914.0,50406088.0
2014-02-25,2.53,2.55,2.54,2.51,34158848.0,86566656.0
2014-02-24,2.57,2.58,2.53,2.51,29814562.0,75493512.0
2014-02-21,2.6,2.61,2.58,2.56,27983710.0,72160544.0
2014-02-20,2.62,2.64,2.61,2.6,45629392.0,119251944.0
2014-02-19,2.54,2.67,2.63,2.53,105567584.0,274934624.0
2014-02-18,2.55,2.56,2.54,2.53,30007048.0,76423840.0
2014-02-17,2.54,2.56,2.55,2.54,31423884.0,80066064.0
2014-02-14,2.55,2.55,2.54,2.53,27342344.0,69361072.0
2014-02-13,2.54,2.57,2.55,2.53,48498852.0,123653832.0
2014-02-12,2.54,2.56,2.54,2.53,29736856.0,75729080.0
2014-02-11,2.51,2.56,2.55,2.5,60653224.0,154036208.0
2014-02-10,2.5,2.52,2.51,2.49,36473720.0,91530208.0
2014-02-07,2.5,2.5,2.49,2.48,21622684.0,53884784.0
2014-01-30,2.52,2.53,2.51,2.51,19595720.0,49307904.0
2014-01-29,2.5,2.53,2.53,2.49,39061088.0,98209736.0
2014-01-28,2.48,2.5,2.49,2.47,29807268.0,74181704.0
2014-01-27,2.48,2.49,2.48,2.46,43715208.0,107888616.0
2014-01-24,2.48,2.5,2.49,2.47,36289720.0,90143608.0
2014-01-23,2.5,2.5,2.48,2.48,40174248.0,99927472.0
2014-01-22,2.47,2.51,2.51,2.47,52102928.0,129709008.0
2014-01-21,2.46,2.48,2.47,2.46,33143520.0,81900680.0
2014-01-20,2.49,2.49,2.47,2.45,39797856.0,98324280.0
2014-01-17,2.5,2.5,2.48,2.48,41326412.0,102918952.0
2014-01-16,2.51,2.52,2.5,2.49,31381580.0,78559184.0
2014-01-15,2.51,2.52,2.51,2.5,50614192.0,127028488.0
2014-01-14,2.51,2.52,2.51,2.5,30626324.0,76833352.0
2014-01-13,2.5,2.52,2.52,2.5,29469368.0,73908992.0
2014-01-10,2.5,2.51,2.49,2.49,41009092.0,102435152.0
2014-01-09,2.51,2.53,2.5,2.49,45339804.0,113973552.0
2014-01-08,2.51,2.54,2.51,2.49,69087920.0,173915456.0
2014-01-07,2.51,2.52,2.52,2.49,53293828.0,133574496.0
2014-01-06,2.57,2.57,2.53,2.5,68674728.0,173051056.0
2014-01-03,2.6,2.61,2.56,2.56,45517736.0,117134392.0
2014-01-02,2.62,2.62,2.61,2.59,41632560.0,108459528.0
2013-12-31,2.6,2.63,2.62,2.59,53990380.0,141071872.0
2013-12-30,2.67,2.67,2.61,2.59,114327904.0,298075360.0
2013-12-27,2.63,2.67,2.66,2.62,27128248.0,71709912.0
2013-12-26,2.65,2.66,2.63,2.61,21107146.0,55522448.0
2013-12-25,2.65,2.67,2.66,2.64,14228143.0,37812268.0
2013-12-24,2.66,2.67,2.65,2.64,16595968.0,44058912.0
2013-12-23,2.63,2.66,2.66,2.62,23373456.0,61853092.0
2013-12-20,2.69,2.69,2.62,2.61,34291048.0,90801736.0
2013-12-19,2.7,2.71,2.68,2.67,23988872.0,64496328.0
2013-12-18,2.7,2.71,2.7,2.69,18117816.0,48852768.0
2013-12-17,2.73,2.74,2.7,2.7,25785244.0,69986056.0
2013-12-16,2.76,2.77,2.72,2.71,39787356.0,108821584.0
2013-12-13,2.78,2.78,2.76,2.75,34740504.0,96168272.0
2013-12-12,2.79,2.8,2.79,2.78,14513499.0,40404208.0
2013-12-11,2.81,2.82,2.79,2.79,19400670.0,54234552.0
2013-12-10,2.82,2.83,2.82,2.81,17357646.0,48836072.0
2013-12-09,2.83,2.83,2.82,2.81,21432154.0,60518728.0
2013-12-06,2.83,2.84,2.83,2.81,31787756.0,89831352.0
2013-12-05,2.84,2.84,2.83,2.82,24877844.0,70479880.0
2013-12-04,2.83,2.85,2.84,2.82,74476984.0,211185200.0
2013-12-03,2.84,2.84,2.83,2.82,52299744.0,148034944.0
2013-12-02,2.81,2.88,2.87,2.8,130104848.0,369326848.0
2013-11-29,2.82,2.82,2.81,2.8,17602992.0,49421032.0
2013-11-28,2.8,2.82,2.81,2.79,25561866.0,71826640.0
2013-11-27,2.79,2.81,2.81,2.77,28566872.0,79761504.0
2013-11-26,2.81,2.82,2.8,2.79,25321864.0,70939688.0
2013-11-25,2.83,2.84,2.81,2.81,22145208.0,62554148.0
2013-11-22,2.84,2.85,2.83,2.83,31280656.0,88933512.0
2013-11-21,2.82,2.84,2.84,2.81,32886360.0,92841712.0
2013-11-20,2.82,2.83,2.83,2.81,21764112.0,61411916.0
2013-11-19,2.84,2.84,2.82,2.81,23678832.0,66832128.0
2013-11-18,2.8,2.84,2.83,2.8,42376148.0,119415608.0
2013-11-15,2.79,2.82,2.8,2.78,30221584.0,84623016.0
2013-11-14,2.78,2.81,2.79,2.77,29446706.0,82047608.0
2013-11-13,2.8,2.81,2.78,2.77,16627447.0,46373688.0
2013-11-12,2.8,2.82,2.81,2.79,21385020.0,60057832.0
2013-11-11,2.79,2.81,2.8,2.78,19701928.0,55050588.0
2013-11-08,2.79,2.8,2.79,2.78,17396416.0,48567484.0
2013-11-07,2.79,2.8,2.8,2.78,19038534.0,53116648.0
2013-11-06,2.8,2.81,2.78,2.78,18318120.0,51148936.0
2013-11-05,2.82,2.82,2.81,2.79,25688560.0,71914992.0
2013-11-04,2.84,2.84,2.83,2.82,15282561.0,43193508.0
2013-11-01,2.82,2.84,2.83,2.8,33519402.0,94626512.0
2013-10-31,2.82,2.83,2.82,2.8,23439672.0,65872488.0
2013-10-30,2.81,2.83,2.82,2.79,22698230.0,63717960.0
2013-10-29,2.78,2.86,2.81,2.78,43946392.0,123653208.0
2013-10-28,2.78,2.79,2.78,2.77,10284565.0,28521578.0
2013-10-25,2.79,2.83,2.78,2.77,29925644.0,83757728.0
2013-10-24,2.81,2.82,2.79,2.78,25329436.0,70687072.0
2013-10-23,2.82,2.85,2.82,2.81,20456384.0,57812280.0
2013-10-22,2.85,2.85,2.82,2.81,13222789.0,37308428.0
2013-10-21,2.81,2.85,2.85,2.79,37749288.0,106777104.0
2013-10-18,2.8,2.82,2.8,2.8,11462349.0,32175214.0
2013-10-17,2.81,2.84,2.81,2.8,18356756.0,51715256.0
2013-10-16,2.79,2.82,2.8,2.78,26352968.0,73749936.0
2013-10-15,2.82,2.83,2.79,2.79,25627076.0,71801056.0
2013-10-14,2.84,2.86,2.83,2.82,27104020.0,76941512.0
2013-10-11,2.81,2.85,2.84,2.8,31933556.0,90498704.0
2013-10-10,2.82,2.83,2.8,2.8,20217072.0,56918076.0
2013-10-09,2.79,2.83,2.82,2.78,24345554.0,68176872.0
2013-10-08,2.78,2.8,2.79,2.76,22070876.0,61346228.0
2013-09-30,2.79,2.8,2.78,2.77,21796658.0,60744392.0
2013-09-27,2.76,2.79,2.78,2.75,21946132.0,60811492.0
2013-09-26,2.78,2.79,2.77,2.75,30460370.0,84385872.0
2013-09-25,2.77,2.8,2.79,2.75,41606900.0,115806536.0
2013-09-24,2.79,2.79,2.77,2.75,30858848.0,85336768.0
2013-09-23,2.77,2.79,2.78,2.76,33545716.0,93205912.0
2013-09-18,2.79,2.8,2.77,2.72,45935336.0,127159608.0
2013-09-17,2.82,2.83,2.78,2.78,33256644.0,93250088.0
2013-09-16,2.84,2.85,2.83,2.81,43320816.0,122829016.0
2013-09-13,2.86,2.88,2.83,2.81,53393868.0,152086128.0
2013-09-12,2.8,2.93,2.87,2.77,136705904.0,391132704.0
2013-09-11,2.82,2.85,2.81,2.8,55306232.0,156073440.0
2013-09-10,2.84,2.86,2.84,2.77,98802632.0,277217088.0
2013-09-09,2.69,2.91,2.85,2.68,207431680.0,581699200.0
2013-09-06,2.67,2.69,2.68,2.67,30457612.0,81625904.0
2013-09-05,2.67,2.68,2.67,2.66,18526842.0,49437460.0
2013-09-04,2.67,2.68,2.67,2.66,32213898.0,86002888.0
2013-09-03,2.65,2.68,2.67,2.64,34465456.0,91732752.0
2013-09-02,2.65,2.66,2.65,2.63,26583194.0,70334448.0
2013-08-30,2.63,2.65,2.65,2.63,29830360.0,78799392.0
2013-08-29,2.64,2.64,2.63,2.62,15854564.0,41655436.0
2013-08-28,2.63,2.64,2.63,2.62,21642928.0,56849988.0
2013-08-27,2.64,2.65,2.64,2.62,18515780.0,48787856.0
2013-08-26,2.62,2.65,2.64,2.61,21112668.0,55616472.0
2013-08-23,2.64,2.65,2.62,2.6,28070288.0,73625512.0
2013-08-22,2.65,2.65,2.63,2.63,24593502.0,64930928.0
2013-08-21,2.67,2.67,2.65,2.64,28417606.0,75265696.0
2013-08-20,2.69,2.69,2.66,2.65,59628052.0,159330928.0
2013-08-19,2.68,2.7,2.7,2.67,43144296.0,115706776.0
2013-08-16,2.68,2.95,2.7,2.66,107431408.0,295058208.0
2013-08-15,2.68,2.69,2.68,2.67,17108196.0,45907036.0
2013-08-14,2.69,2.7,2.69,2.68,19254564.0,51806880.0
2013-08-13,2.69,2.7,2.68,2.67,19367986.0,51968104.0
2013-08-12,2.67,2.7,2.69,2.66,27672638.0,74232624.0
2013-08-09,2.67,2.68,2.66,2.64,13248394.0,35232352.0
2013-08-08,2.67,2.68,2.66,2.66,11786606.0,31460612.0
2013-08-07,2.68,2.69,2.67,2.67,14594871.0,39112976.0
2013-08-06,2.68,2.69,2.69,2.67,12760187.0,34163704.0
2013-08-05,2.68,2.69,2.69,2.67,12972401.0,34766052.0
2013-08-02,2.69,2.7,2.68,2.67,13825383.0,37191400.0
2013-08-01,2.67,2.69,2.69,2.66,30133184.0,80830712.0
2013-07-31,2.67,2.68,2.66,2.65,12589053.0,33511782.0
2013-07-30,2.63,2.68,2.66,2.62,26836736.0,71253688.0
2013-07-29,2.65,2.66,2.62,2.62,15813649.0,41685432.0
2013-07-26,2.67,2.68,2.66,2.66,12418213.0,33138408.0
2013-07-25,2.67,2.69,2.68,2.66,21877566.0,58561288.0
2013-07-24,2.66,2.68,2.67,2.65,21612584.0,57564360.0
2013-07-23,2.65,2.69,2.67,2.63,21488324.0,57371472.0
2013-07-22,2.63,2.65,2.65,2.62,20315586.0,53510380.0
2013-07-19,2.67,2.69,2.64,2.63,26443100.0,70541272.0
2013-07-18,2.68,2.69,2.66,2.65,21673180.0,57857540.0
2013-07-17,2.69,2.7,2.68,2.67,23652456.0,63602132.0
2013-07-16,2.68,2.69,2.69,2.67,18425384.0,49356964.0
2013-07-15,2.69,2.71,2.69,2.68,24281120.0,65403844.0
2013-07-12,2.72,2.73,2.68,2.67,38981624.0,105043392.0
2013-07-11,2.65,2.74,2.72,2.65,60362296.0,163386112.0
2013-07-10,2.63,2.66,2.65,2.62,15413089.0,40706032.0
2013-07-09,2.61,2.65,2.64,2.6,20348428.0,53475244.0
2013-07-08,2.64,2.64,2.61,2.6,18901978.0,49368552.0
2013-07-05,2.65,2.66,2.64,2.63,14260818.0,37675608.0
2013-07-04,2.65,2.67,2.65,2.63,19796728.0,52364148.0
2013-07-03,2.68,2.69,2.66,2.63,31060092.0,82296912.0
2013-07-02,2.72,2.72,2.7,2.66,36787888.0,98698344.0
2013-07-01,2.69,2.73,2.72,2.65,53980644.0,144951280.0
2013-06-28,2.65,2.72,2.71,2.65,65679384.0,176018464.0
2013-06-27,2.59,2.66,2.65,2.59,52947764.0,138594336.0
2013-06-26,2.58,2.6,2.58,2.53,45716552.0,116831008.0
2013-06-25,2.53,2.58,2.57,2.48,62631648.0,158503824.0
2013-06-24,2.62,2.62,2.54,2.53,53775204.0,137908016.0
2013-06-21,2.63,2.64,2.62,2.6,34264820.0,89797904.0
2013-06-20,2.7,2.71,2.64,2.63,30774928.0,81859056.0
2013-06-19,2.72,2.73,2.7,2.69,24825152.0,67123960.0
2013-06-18,2.78,2.78,2.73,2.69,52072308.0,142017424.0
2013-06-17,2.91,2.95,2.92,2.89,48671336.0,141854656.0
2013-06-14,2.87,2.91,2.9,2.87,33919372.0,97910224.0
2013-06-13,2.9,2.91,2.88,2.82,77290552.0,220630880.0
2013-06-07,2.94,2.95,2.91,2.9,24941320.0,72976104.0
2013-06-06,2.95,2.96,2.93,2.93,22383376.0,65916688.0
2013-06-05,2.95,2.97,2.95,2.94,17018452.0,50276956.0
2013-06-04,2.95,2.96,2.95,2.94,21173720.0,62420604.0
2013-06-03,2.96,2.96,2.96,2.94,33912360.0,100055232.0
2013-05-31,2.97,2.97,2.95,2.95,17194940.0,50906596.0
2013-05-30,2.96,2.98,2.96,2.95,21980516.0,65169456.0
2013-05-29,2.98,2.99,2.97,2.96,28097824.0,83548672.0
2013-05-28,2.95,2.99,2.98,2.94,43967656.0,130263408.0
2013-05-27,2.94,2.97,2.95,2.93,25687068.0,75886568.0
2013-05-24,2.94,2.95,2.94,2.93,16188343.0,47596328.0
2013-05-23,2.95,2.96,2.93,2.93,30817304.0,90772192.0
2013-05-22,2.95,2.97,2.96,2.95,30481208.0,90266056.0
2013-05-21,2.95,2.96,2.96,2.94,19955062.0,58948888.0
2013-05-20,2.93,2.98,2.96,2.93,62667032.0,185170528.0
2013-05-17,2.9,2.94,2.93,2.9,47558172.0,138766112.0
2013-05-16,2.89,2.91,2.91,2.88,35712264.0,103496480.0
2013-05-15,2.88,2.9,2.89,2.88,17556556.0,50734704.0
2013-05-14,2.9,2.91,2.88,2.87,24387466.0,70486968.0
2013-05-13,2.91,2.92,2.9,2.9,17163516.0,49916624.0
2013-05-10,2.9,2.92,2.91,2.9,23884480.0,69519624.0
2013-05-09,2.91,2.92,2.9,2.9,32188756.0,93650328.0
2013-05-08,2.9,2.92,2.91,2.89,37522264.0,109091368.0
2013-05-07,2.9,2.9,2.9,2.89,20190674.0,58428132.0
2013-05-06,2.89,2.91,2.9,2.88,38918080.0,112759120.0
2013-05-03,2.87,2.9,2.89,2.86,45797544.0,131966944.0
2013-05-02,2.87,2.88,2.86,2.85,47336824.0,135309728.0
2013-04-26,2.89,2.9,2.87,2.86,34709644.0,99856680.0
2013-04-25,2.9,2.9,2.9,2.88,20722552.0,59931392.0
2013-04-24,2.87,2.91,2.9,2.86,35225452.0,101769000.0
2013-04-23,2.91,2.91,2.87,2.86,31232032.0,89867760.0
2013-04-22,2.91,2.92,2.91,2.9,27674740.0,80428424.0
2013-04-19,2.87,2.92,2.92,2.87,54277164.0,157585328.0
2013-04-18,2.87,2.88,2.88,2.86,21432764.0,61515884.0
2013-04-17,2.9,2.9,2.88,2.86,30769372.0,88497856.0
2013-04-16,2.91,2.91,2.89,2.88,35535528.0,102932552.0
2013-04-15,2.92,2.92,2.91,2.89,35786384.0,104031248.0
2013-04-12,2.91,2.92,2.92,2.9,22092028.0,64322272.0
2013-04-11,2.92,2.93,2.91,2.9,15664767.0,45617656.0
2013-04-10,2.91,2.93,2.91,2.9,14664254.0,42708724.0
2013-04-09,2.92,2.93,2.91,2.91,17545778.0,51198688.0
2013-04-08,2.92,2.93,2.91,2.89,32589528.0,94674392.0
2013-04-03,2.93,2.96,2.94,2.92,23831098.0,70062368.0
2013-04-02,2.91,2.93,2.93,2.91,18255420.0,53371260.0
2013-04-01,2.91,2.93,2.91,2.9,18407056.0,53659468.0
2013-03-29,2.91,2.93,2.92,2.89,22026362.0,64159772.0
2013-03-28,2.97,2.97,2.9,2.89,87848552.0,255938416.0
2013-03-27,3.0,3.01,2.98,2.97,30009436.0,89813320.0
2013-03-26,3.0,3.0,2.99,2.95,30573894.0,91036224.0
2013-03-25,2.99,3.0,2.99,2.98,29923644.0,89560904.0
2013-03-22,2.98,2.99,2.98,2.96,20272620.0,60405328.0
2013-03-21,2.98,3.0,2.98,2.96,33252448.0,99090056.0
2013-03-20,2.92,2.98,2.98,2.91,68793968.0,203893424.0
2013-03-19,2.92,2.94,2.92,2.9,41717860.0,121688704.0
2013-03-18,2.96,2.97,2.92,2.9,43492424.0,127708984.0
2013-03-15,2.93,2.98,2.97,2.92,49466004.0,146542112.0
2013-03-14,2.92,2.95,2.94,2.91,24270236.0,71153072.0
2013-03-13,2.94,2.95,2.92,2.91,20198460.0,59105696.0
2013-03-12,2.96,2.97,2.95,2.93,39798800.0,117458960.0
2013-03-11,2.95,2.97,2.95,2.93,24349164.0,71874760.0
2013-03-08,2.95,2.97,2.95,2.94,27116104.0,80077352.0
2013-03-07,2.95,2.98,2.94,2.93,48318136.0,142563984.0
2013-03-06,2.98,2.99,2.97,2.94,56981908.0,168918912.0
2013-03-05,2.91,2.98,2.97,2.9,61716184.0,181636672.0
2013-03-04,2.97,2.99,2.91,2.9,69501216.0,204071600.0
2013-03-01,3.01,3.02,2.99,2.96,53638096.0,160476512.0
2013-02-28,2.98,3.03,3.01,2.95,77655032.0,232633856.0
2013-02-27,2.95,2.99,2.98,2.95,49200104.0,145907280.0
2013-02-26,2.98,3.02,2.96,2.95,44943232.0,134167152.0
2013-02-25,2.97,3.0,2.98,2.97,34091516.0,101791624.0
2013-02-22,2.97,3.0,2.97,2.96,46940644.0,139676640.0
2013-02-21,3.03,3.04,2.97,2.96,81415480.0,243548144.0
2013-02-20,3.06,3.06,3.04,3.01,52190012.0,158483920.0
2013-02-19,3.08,3.09,3.05,3.03,56170824.0,171727648.0
2013-02-18,3.1,3.11,3.08,3.07,52600712.0,162806480.0
2013-02-08,3.08,3.1,3.09,3.07,50345384.0,155633456.0
2013-02-07,3.15,3.15,3.08,3.06,118992048.0,367726240.0
2013-02-06,3.16,3.17,3.15,3.12,102646064.0,322854240.0
2013-02-05,3.2,3.23,3.16,3.15,118343640.0,375171616.0
2013-02-04,3.16,3.26,3.22,3.15,133728656.0,430327232.0
2013-02-01,3.11,3.17,3.17,3.08,130990864.0,409170976.0
2013-01-31,3.1,3.16,3.12,3.09,158084288.0,494273216.0
2013-01-30,3.02,3.12,3.11,3.0,190344672.0,579683840.0
2013-01-29,3.02,3.04,3.03,3.0,92884320.0,280155360.0
2013-01-28,2.98,3.03,3.02,2.96,73459808.0,220812368.0
2013-01-25,2.98,3.0,2.96,2.96,43193136.0,128928752.0
2013-01-24,2.96,3.05,2.99,2.95,85965432.0,258277136.0
2013-01-23,2.97,2.97,2.97,2.94,60097440.0,177528848.0
2013-01-22,2.96,3.02,2.98,2.94,83633152.0,248950384.0
2013-01-21,2.97,2.97,2.96,2.95,36148492.0,107068176.0
2013-01-18,2.95,2.98,2.97,2.94,30687006.0,91084616.0
2013-01-17,2.94,2.96,2.95,2.93,21151660.0,62248080.0
2013-01-16,2.97,2.98,2.95,2.92,31839016.0,94104688.0
2013-01-15,2.98,2.99,2.97,2.96,33201252.0,98663632.0
2013-01-14,2.92,2.99,2.98,2.91,41775000.0,123537224.0
2013-01-11,2.95,2.95,2.93,2.91,29859192.0,87572352.0
2013-01-10,2.93,2.95,2.94,2.93,17942408.0,52731720.0
2013-01-09,2.93,2.96,2.93,2.92,40122184.0,118099744.0
2013-01-08,2.95,2.96,2.94,2.92,45421332.0,133633400.0
2013-01-07,2.95,2.99,2.95,2.94,39926588.0,118427504.0
2013-01-04,2.94,2.96,2.96,2.93,60834360.0,179177424.0
2012-12-31,2.89,2.93,2.92,2.88,43590224.0,127171712.0
2012-12-28,2.87,2.9,2.89,2.86,29718764.0,85680344.0
2012-12-27,2.9,2.91,2.87,2.86,38526508.0,110755456.0
2012-12-26,2.91,2.91,2.89,2.88,32497772.0,94046624.0
2012-12-25,2.85,2.93,2.92,2.84,56187224.0,162812448.0
2012-12-24,2.85,2.87,2.86,2.84,21298068.0,60826228.0
2012-12-21,2.87,2.88,2.85,2.84,24188556.0,69220480.0
2012-12-20,2.88,2.89,2.87,2.86,24911930.0,71560752.0
2012-12-19,2.9,2.9,2.89,2.88,26096020.0,75435592.0
2012-12-18,2.89,2.92,2.9,2.87,50466520.0,146028304.0
2012-12-17,2.92,2.92,2.89,2.87,60555832.0,175343040.0
2012-12-14,2.83,2.95,2.92,2.82,98018112.0,283339232.0
2012-12-13,2.83,2.84,2.83,2.8,36295048.0,102278144.0
2012-12-12,2.84,2.85,2.84,2.82,19642962.0,55806560.0
2012-12-11,2.84,2.85,2.84,2.82,24316264.0,68951688.0
2012-12-10,2.8,2.85,2.83,2.79,71108464.0,201025456.0
2012-12-07,2.77,2.81,2.79,2.75,57177300.0,159116944.0
2012-12-06,2.77,2.78,2.77,2.75,31955150.0,88261808.0
2012-12-05,2.74,2.79,2.77,2.72,73323160.0,202618448.0
2012-12-04,2.74,2.75,2.74,2.72,17632552.0,48245792.0
2012-12-03,2.75,2.76,2.74,2.72,29262044.0,80013856.0
2012-11-30,2.76,2.77,2.76,2.72,33053060.0,90873288.0
2012-11-29,2.75,2.78,2.76,2.73,35540208.0,98202688.0
2012-11-28,2.74,2.76,2.75,2.73,26250336.0,71965856.0
2012-11-27,2.73,2.76,2.75,2.72,32769368.0,89455216.0
2012-11-26,2.75,2.77,2.74,2.73,14826025.0,40642612.0
2012-11-23,2.75,2.78,2.76,2.74,19939042.0,55104016.0
2012-11-22,2.74,2.77,2.76,2.72,25141584.0,68840496.0
2012-11-21,2.77,2.77,2.75,2.72,28562682.0,78302840.0
2012-11-20,2.76,2.79,2.78,2.71,38301960.0,105028616.0
2012-11-19,2.75,2.77,2.76,2.72,20807602.0,57035152.0
2012-11-16,2.8,2.8,2.75,2.71,20829988.0,57541712.0
2012-11-15,2.81,2.83,2.81,2.79,30483020.0,85675296.0
2012-11-14,2.81,2.84,2.83,2.78,35653480.0,100074608.0
2012-11-13,2.82,2.83,2.83,2.78,43657888.0,122186024.0
2012-11-12,2.82,2.84,2.83,2.8,43504676.0,122530696.0
2012-11-09,2.8,2.83,2.83,2.79,29689720.0,83406064.0
2012-11-08,2.8,2.83,2.82,2.78,27154116.0,76240408.0
2012-11-07,2.79,2.82,2.81,2.77,17926740.0,50234356.0
2012-11-06,2.77,2.8,2.8,2.75,20014968.0,55526028.0
2012-11-05,2.79,2.79,2.77,2.76,12726931.0,35335792.0
2012-11-02,2.77,2.8,2.79,2.75,21300392.0,59196568.0
2012-11-01,2.73,2.78,2.77,2.72,26706804.0,73752368.0
2012-10-31,2.72,2.74,2.73,2.71,11304558.0,30732628.0
2012-10-30,2.71,2.73,2.73,2.7,14081510.0,38217936.0
2012-10-29,2.71,2.73,2.72,2.7,13101972.0,35520420.0
2012-10-26,2.74,2.75,2.71,2.7,15705034.0,42795728.0
2012-10-25,2.74,2.76,2.74,2.73,11806497.0,32390804.0
2012-10-24,2.74,2.76,2.75,2.73,12786042.0,35163536.0
2012-10-23,2.74,2.75,2.74,2.73,9574428.0,26281184.0
2012-10-22,2.74,2.76,2.74,2.72,16171938.0,44277428.0
2012-10-19,2.76,2.76,2.74,2.74,12793407.0,35209632.0
2012-10-18,2.75,2.77,2.76,2.74,22484832.0,61953980.0
2012-10-17,2.74,2.75,2.75,2.73,19136976.0,52477720.0
2012-10-16,2.74,2.75,2.74,2.73,13958988.0,38245856.0
2012-10-15,2.74,2.76,2.75,2.72,15935310.0,43621828.0
2012-10-12,2.73,2.76,2.74,2.72,15569325.0,42746416.0
2012-10-11,2.73,2.75,2.74,2.7,27216742.0,74275104.0
2012-10-10,2.74,2.74,2.73,2.72,19280656.0,52561424.0
2012-10-09,2.71,2.74,2.74,2.7,25439800.0,69406472.0
2012-10-08,2.7,2.71,2.71,2.67,30581002.0,82166640.0
2012-09-28,2.64,2.71,2.7,2.63,55008052.0,147571792.0
2012-09-27,2.58,2.66,2.66,2.58,38999860.0,102486464.0
2012-09-26,2.61,2.62,2.58,2.58,15066546.0,39140824.0
2012-09-25,2.62,2.63,2.61,2.6,14315021.0,37446112.0
2012-09-24,2.63,2.64,2.62,2.59,23942356.0,62547628.0
2012-09-21,2.63,2.64,2.63,2.62,13569927.0,35658516.0
2012-09-20,2.65,2.66,2.63,2.62,22344254.0,58930112.0
2012-09-19,2.66,2.66,2.65,2.64,20851666.0,55303140.0
2012-09-18,2.67,2.68,2.66,2.64,21612476.0,57323728.0
2012-09-17,2.69,2.7,2.67,2.67,22387130.0,59996484.0
2012-09-14,2.69,2.7,2.7,2.68,57048472.0,153478656.0
2012-09-13,2.7,2.71,2.69,2.68,42995908.0,115528984.0
2012-09-12,2.73,2.73,2.71,2.69,29697570.0,80285352.0
2012-09-11,2.73,2.74,2.72,2.71,10752807.0,29222408.0
2012-09-10,2.74,2.74,2.74,2.72,21267510.0,58083624.0
2012-09-07,2.7,2.77,2.74,2.7,65574200.0,179493328.0
2012-09-06,2.7,2.71,2.7,2.69,8097600.0,21874800.0
2012-09-05,2.73,2.75,2.7,2.68,14652666.0,39765304.0
2012-09-04,2.75,2.78,2.75,2.73,19756308.0,54429712.0
2012-09-03,2.77,2.77,2.75,2.75,13391231.0,36963656.0
2012-08-31,2.79,2.8,2.78,2.77,10760802.0,29859434.0
2012-08-30,2.76,2.8,2.8,2.76,20993142.0,58437784.0
2012-08-29,2.77,2.78,2.77,2.76,6156730.0,17029928.0
2012-08-28,2.77,2.79,2.77,2.76,14180716.0,39426088.0
2012-08-27,2.78,2.79,2.77,2.77,25583632.0,71199168.0
2012-08-24,2.78,2.79,2.78,2.76,21560010.0,59832944.0
2012-08-23,2.77,2.8,2.78,2.76,21005672.0,58401844.0
2012-08-22,2.76,2.79,2.79,2.75,16769074.0,46411044.0
2012-08-21,2.78,2.79,2.76,2.75,20068874.0,55531184.0
2012-08-20,2.77,2.8,2.78,2.75,14303367.0,39657876.0
2012-08-17,2.77,2.79,2.77,2.76,10058150.0,27959026.0
2012-08-16,2.76,2.78,2.77,2.76,5679519.0,15737755.0
2012-08-15,2.77,2.8,2.76,2.76,7089036.0,19679914.0
2012-08-14,2.77,2.81,2.78,2.76,15103030.0,42123744.0
2012-08-13,2.77,2.79,2.77,2.75,15581890.0,43230164.0
2012-08-10,2.77,2.78,2.77,2.76,9015148.0,25011692.0
2012-08-09,2.78,2.78,2.76,2.75,9235803.0,25543676.0
2012-08-08,2.74,2.79,2.78,2.74,22860604.0,63352984.0
2012-08-07,2.75,2.76,2.74,2.73,16551175.0,45425020.0
2012-08-06,2.76,2.78,2.75,2.75,18062292.0,49837192.0
2012-08-03,2.76,2.77,2.76,2.75,10635974.0,29410754.0
2012-08-02,2.75,2.77,2.75,2.74,22713780.0,62720816.0
2012-08-01,2.72,2.76,2.76,2.72,21837620.0,59840440.0
2012-07-31,2.72,2.74,2.73,2.71,12443861.0,33964720.0
2012-07-30,2.73,2.74,2.72,2.71,13770582.0,37534144.0
2012-07-27,2.7,2.73,2.72,2.69,14352962.0,38952800.0
2012-07-26,2.69,2.7,2.69,2.68,7396142.0,19914436.0
2012-07-25,2.68,2.7,2.69,2.68,7310273.0,19660882.0
2012-07-24,2.69,2.7,2.68,2.67,17533566.0,47098492.0
2012-07-23,2.73,2.74,2.7,2.69,23980156.0,64934244.0
2012-07-20,2.76,2.77,2.74,2.73,17831700.0,48944140.0
2012-07-19,2.77,2.77,2.76,2.75,17009308.0,46928924.0
2012-07-18,2.76,2.78,2.77,2.74,14830316.0,40961096.0
2012-07-17,2.75,2.76,2.75,2.74,13696300.0,37717416.0
2012-07-16,2.77,2.77,2.75,2.74,18815942.0,51764944.0
2012-07-13,2.76,2.78,2.77,2.75,10830553.0,29908600.0
2012-07-12,2.78,2.79,2.76,2.75,20115036.0,55690596.0
2012-07-11,2.79,2.8,2.78,2.78,9043060.0,25213212.0
2012-07-10,2.81,2.81,2.79,2.79,11888752.0,33311020.0
2012-07-09,2.81,2.83,2.81,2.8,21249012.0,59884976.0
2012-07-06,2.82,2.82,2.81,2.8,14069823.0,39585364.0
2012-07-05,2.82,2.83,2.82,2.81,8837979.0,24921180.0
2012-07-04,2.81,2.83,2.82,2.81,10930317.0,30841990.0
2012-07-03,2.82,2.83,2.81,2.81,10733157.0,30239072.0
2012-07-02,2.82,2.83,2.81,2.8,14521856.0,40793068.0
2012-06-29,2.81,2.83,2.82,2.8,15697581.0,44298284.0
2012-06-28,2.82,2.83,2.81,2.8,15642166.0,44075780.0
2012-06-27,2.82,2.84,2.82,2.8,14175246.0,39886344.0
2012-06-26,2.82,2.84,2.83,2.79,15609027.0,43929276.0
2012-06-25,2.83,2.85,2.83,2.82,13845254.0,39285056.0
2012-06-21,2.85,2.85,2.84,2.83,9529988.0,27053110.0
2012-06-20,2.85,2.86,2.85,2.84,9958546.0,28417870.0
2012-06-19,2.85,2.86,2.85,2.84,10540719.0,29993824.0
2012-06-18,2.86,2.86,2.85,2.85,8637813.0,24660088.0
2012-06-15,2.84,2.86,2.85,2.83,13263684.0,37766424.0
2012-06-14,2.86,2.86,2.83,2.83,11420302.0,32453252.0
2012-06-13,2.86,2.87,2.86,2.83,22764092.0,64803572.0
2012-06-12,3.01,3.02,3.01,2.99,30811116.0,92601456.0
2012-06-11,3.0,3.02,3.02,2.99,31208416.0,93769104.0
2012-06-08,3.02,3.02,3.0,2.99,23486368.0,70422272.0
2012-06-07,3.03,3.04,3.01,3.0,16352189.0,49431864.0
2012-06-06,3.01,3.02,3.02,3.0,11473646.0,34561456.0
2012-06-05,3.0,3.02,3.01,3.0,14155190.0,42568496.0
2012-06-04,3.02,3.03,3.0,3.0,14306532.0,43030880.0
2012-06-01,3.03,3.05,3.03,3.02,18991890.0,57702684.0
2012-05-31,3.01,3.03,3.03,3.01,10063249.0,30377520.0
2012-05-29,3.01,3.04,3.03,3.0,14720513.0,44415824.0
2012-05-28,2.99,3.02,3.02,2.99,18951636.0,56935992.0
2012-05-25,3.0,3.01,3.0,2.99,11131343.0,33420494.0
2012-05-24,2.99,3.01,3.0,2.99,10696477.0,32082058.0
2012-05-23,3.0,3.01,2.99,2.99,14310720.0,42893840.0
2012-05-22,3.0,3.01,2.99,2.99,18690568.0,56070256.0
2012-05-21,2.99,3.01,3.0,2.98,8714988.0,26136468.0
2012-05-18,3.01,3.02,2.99,2.99,18702284.0,56142864.0
2012-05-17,3.0,3.03,3.01,2.99,12028445.0,36223744.0
2012-05-16,3.02,3.03,3.0,2.99,17474792.0,52474616.0
2012-05-15,3.03,3.05,3.02,3.01,14071104.0,42597812.0
2012-05-14,3.06,3.07,3.03,3.03,16899604.0,51564876.0
2012-05-11,3.06,3.08,3.06,3.05,10995689.0,33645072.0
2012-05-10,3.06,3.08,3.07,3.05,23997964.0,73535592.0
2012-05-09,3.06,3.07,3.05,3.04,27673536.0,84576616.0
2012-05-08,3.08,3.08,3.07,3.06,30495956.0,93674056.0
2012-05-07,3.06,3.08,3.08,3.05,33142172.0,101619056.0
2012-05-04,3.06,3.07,3.06,3.05,20967244.0,64257772.0
2012-05-03,3.06,3.07,3.06,3.05,10386311.0,31809032.0
2012-05-02,3.05,3.08,3.07,3.05,28041620.0,86080936.0
2012-04-27,3.05,3.06,3.05,3.04,17067708.0,52024648.0
2012-04-26,3.06,3.07,3.05,3.04,19811060.0,60383792.0
2012-04-25,3.06,3.07,3.05,3.05,18008800.0,54996896.0
2012-04-24,3.05,3.1,3.07,3.04,33108624.0,101674008.0
2012-04-23,3.05,3.07,3.06,3.04,18908204.0,57803488.0
2012-04-20,3.05,3.07,3.06,3.03,33736392.0,102780512.0
2012-04-19,3.07,3.09,3.05,3.04,31379492.0,95874776.0
2012-04-18,3.05,3.09,3.08,3.04,49932080.0,153367120.0
2012-04-17,3.03,3.05,3.05,3.02,19228854.0,58488552.0
2012-04-16,3.05,3.05,3.04,3.03,10778523.0,32754366.0
2012-04-13,3.05,3.07,3.06,3.04,20819716.0,63615448.0
2012-04-12,3.03,3.06,3.05,3.02,20687284.0,62909020.0
2012-04-11,3.0,3.04,3.03,3.0,26388824.0,79840416.0
2012-04-10,3.01,3.02,3.02,2.99,10812974.0,32512764.0
2012-04-09,3.01,3.02,3.01,2.99,18513368.0,55670600.0
2012-04-06,2.98,3.03,3.02,2.97,38746340.0,116313768.0
2012-04-05,2.96,3.01,3.0,2.96,46129832.0,137561600.0
2012-03-30,2.93,2.99,2.98,2.93,35279768.0,104458768.0
2012-03-29,2.93,2.94,2.92,2.91,22978980.0,67246352.0
2012-03-28,2.95,2.97,2.93,2.92,21733068.0,64031692.0
2012-03-27,2.95,2.96,2.95,2.94,13257562.0,39152640.0
2012-03-26,2.96,2.97,2.94,2.93,20741680.0,61141872.0
2012-03-23,2.97,2.98,2.95,2.94,31027884.0,91765976.0
2012-03-22,2.98,2.99,2.98,2.95,45746944.0,136055680.0
2012-03-21,2.99,3.0,2.98,2.97,41144712.0,123098720.0
2012-03-20,3.01,3.02,2.99,2.98,22771736.0,68230864.0
2012-03-19,3.01,3.02,3.01,2.99,26659240.0,80121464.0
2012-03-16,3.03,3.03,3.02,3.01,47286116.0,142734016.0
2012-03-15,3.04,3.05,3.03,3.02,41138676.0,124910568.0
2012-03-14,3.03,3.1,3.04,3.02,80649904.0,246866304.0
2012-03-13,3.01,3.04,3.03,3.0,30485712.0,92042544.0
2012-03-12,3.01,3.02,3.01,2.99,27138246.0,81455416.0
2012-03-09,3.02,3.03,3.01,3.0,17107226.0,51503768.0
2012-03-08,3.01,3.03,3.02,3.0,17025474.0,51333464.0
2012-03-07,3.02,3.03,3.01,3.0,29793504.0,89546720.0
2012-03-06,3.05,3.05,3.02,3.02,20458110.0,62067272.0
2012-03-05,3.07,3.08,3.04,3.03,32219580.0,98362408.0
2012-03-02,3.06,3.07,3.07,3.06,26906536.0,82447120.0
2012-03-01,3.06,3.08,3.06,3.06,10963550.0,33624700.0
2012-02-29,3.07,3.08,3.07,3.05,27301504.0,83764800.0
2012-02-28,3.06,3.09,3.07,3.05,40231820.0,123859864.0
2012-02-27,3.07,3.09,3.06,3.06,51610680.0,158550816.0
2012-02-24,3.06,3.07,3.07,3.04,24105112.0,73673576.0
2012-02-23,3.05,3.07,3.05,3.04,27055606.0,82621008.0
2012-02-22,3.07,3.07,3.06,3.03,25903130.0,79078944.0
2012-02-21,3.04,3.09,3.08,3.03,47318664.0,144615296.0
2012-02-20,3.05,3.06,3.03,3.03,18630732.0,56756740.0
2012-02-17,3.03,3.04,3.02,3.01,14027405.0,42404228.0
2012-02-16,3.03,3.04,3.01,3.01,47779816.0,144398480.0
2012-02-15,3.01,3.04,3.02,3.0,21783328.0,65836540.0
2012-02-14,3.02,3.03,3.02,3.0,11558416.0,34825712.0
2012-02-13,3.03,3.04,3.03,3.02,16893156.0,51181652.0
2012-02-10,3.04,3.06,3.04,3.02,31602960.0,95998400.0
2012-02-09,3.04,3.06,3.05,3.01,43690976.0,132934416.0
2012-02-08,3.0,3.05,3.04,2.99,22796344.0,68791312.0
2012-02-07,3.03,3.04,3.0,2.98,23155130.0,69481736.0
2012-02-06,3.06,3.07,3.03,3.02,27351398.0,83286136.0
2012-02-03,3.03,3.07,3.06,3.01,34327860.0,104613992.0
2012-02-02,2.98,3.04,3.04,2.98,40907912.0,123383936.0
2012-02-01,3.0,3.01,2.98,2.97,20910804.0,62494716.0
2012-01-31,3.0,3.02,3.0,2.99,12375985.0,37117968.0
2012-01-30,3.03,3.04,2.99,2.99,22337124.0,67153536.0
2012-01-20,3.01,3.03,3.03,3.0,27083108.0,81665480.0
2012-01-19,2.98,3.02,3.01,2.98,30584184.0,91804384.0
2012-01-18,3.0,3.01,2.98,2.98,20397334.0,60972464.0
2012-01-17,2.97,3.01,3.01,2.95,42051992.0,125344392.0
2012-01-16,2.96,2.98,2.97,2.96,16259869.0,48297008.0
2012-01-13,2.98,2.99,2.98,2.96,24263490.0,72181952.0
2012-01-12,2.98,3.0,2.98,2.97,17500960.0,52176252.0
2012-01-11,2.99,3.0,2.98,2.97,20816154.0,62071304.0
2012-01-10,2.96,3.0,2.99,2.95,55252140.0,164164976.0
2012-01-09,2.97,3.0,2.98,2.9,139181328.0,411522656.0
2012-01-05,2.91,2.97,2.96,2.9,38957032.0,114735216.0
2012-01-04,2.93,2.93,2.91,2.9,18328832.0,53406484.0
2011-12-30,2.91,2.94,2.92,2.89,29456892.0,85915280.0
2011-12-29,2.88,2.92,2.91,2.87,20045114.0,57917688.0
2011-12-28,2.88,2.89,2.89,2.86,14634071.0,42091680.0
2011-12-27,2.87,2.9,2.88,2.87,12284487.0,35449512.0
2011-12-26,2.89,2.9,2.88,2.87,12591005.0,36312472.0
2011-12-23,2.9,2.91,2.9,2.88,14678498.0,42449820.0
2011-12-22,2.9,2.92,2.89,2.88,24325948.0,70575776.0
2011-12-21,2.92,2.93,2.91,2.9,14475514.0,42198576.0
2011-12-20,2.91,2.92,2.91,2.89,14456902.0,41993296.0
2011-12-19,2.91,2.93,2.92,2.87,25155122.0,72841008.0
2011-12-16,2.86,2.94,2.93,2.85,32259100.0,93277568.0
2011-12-15,2.87,2.88,2.86,2.85,21822092.0,62496156.0
2011-12-14,2.88,2.89,2.87,2.86,13471096.0,38720184.0
2011-12-13,2.89,2.91,2.89,2.88,16061421.0,46591248.0
2011-12-12,2.91,2.92,2.9,2.88,11681182.0,33835752.0
2011-12-09,2.91,2.92,2.92,2.9,6174509.0,17976316.0
2011-12-08,2.91,2.93,2.92,2.89,9810773.0,28575578.0
2011-12-07,2.93,2.94,2.91,2.9,13461049.0,39236688.0
2011-12-06,2.95,2.96,2.93,2.92,9780005.0,28741592.0
2011-12-05,2.95,2.96,2.96,2.93,15365404.0,45283436.0
2011-12-02,2.93,2.95,2.95,2.92,17990222.0,52828360.0
2011-12-01,2.92,2.98,2.95,2.9,44930384.0,132352912.0
2011-11-30,2.93,2.93,2.88,2.86,20240864.0,58352572.0
2011-11-29,2.91,2.93,2.93,2.9,10475243.0,30578588.0
2011-11-28,2.89,2.91,2.9,2.88,11566399.0,33505910.0
2011-11-25,2.89,2.9,2.89,2.88,12979365.0,37517336.0
2011-11-24,2.9,2.91,2.9,2.88,14632284.0,42359544.0
2011-11-23,2.91,2.92,2.89,2.88,13388779.0,38793100.0
2011-11-22,2.91,2.92,2.91,2.9,11136253.0,32393986.0
2011-11-21,2.93,2.93,2.91,2.91,10908351.0,31828216.0
2011-11-18,2.95,2.96,2.93,2.92,12746714.0,37450992.0
2011-11-17,2.95,2.96,2.96,2.94,9542981.0,28189456.0
2011-11-16,3.0,3.01,2.95,2.94,22222976.0,65955472.0
2011-11-15,3.01,3.02,3.0,2.99,7813623.0,23456980.0
2011-11-14,2.99,3.02,3.02,2.99,16578288.0,49816532.0
2011-11-11,2.99,3.0,2.99,2.98,8874273.0,26524760.0
2011-11-10,3.0,3.01,2.99,2.98,14019451.0,41926104.0
2011-11-09,3.02,3.03,3.01,3.0,11254905.0,33921284.0
2011-11-08,3.03,3.04,3.01,3.01,10619313.0,32112012.0
2011-11-07,3.04,3.04,3.02,3.01,18522456.0,56049420.0
2011-11-04,3.03,3.04,3.04,3.02,18574862.0,56334440.0
2011-11-03,3.02,3.04,3.02,3.0,37644164.0,113977520.0
2011-11-02,2.98,3.02,3.02,2.98,23484844.0,70292656.0
2011-11-01,3.0,3.02,3.0,2.99,19235006.0,57782304.0
2011-10-31,3.01,3.02,3.0,2.99,23258216.0,69877976.0
2011-10-28,3.02,3.04,3.02,3.01,26005412.0,78697304.0
2011-10-27,3.02,3.02,3.01,3.0,19920120.0,59989208.0
2011-10-26,3.01,3.03,3.01,3.0,27021216.0,81565056.0
2011-10-25,2.99,3.02,3.01,2.98,25786808.0,77495600.0
2011-10-24,2.96,3.01,3.0,2.96,22744636.0,67973952.0
2011-10-21,2.95,2.97,2.96,2.94,10951811.0,32407994.0
2011-10-20,2.98,3.0,2.95,2.93,26154164.0,77285456.0
2011-10-19,3.0,3.02,2.99,2.99,15046637.0,45195000.0
2011-10-18,2.99,3.03,3.02,2.97,59281080.0,177704976.0
2011-10-17,2.99,3.02,3.01,2.97,36779916.0,110139472.0
2011-10-14,2.96,3.01,3.0,2.94,48270756.0,143632672.0
2011-10-13,2.95,2.99,2.99,2.92,66084720.0,194658448.0
2011-10-12,2.92,2.98,2.97,2.87,47647296.0,140458112.0
2011-10-11,2.93,2.99,2.93,2.89,52719832.0,155174144.0
2011-10-10,2.85,2.87,2.87,2.83,16908984.0,48180048.0
2011-09-30,2.86,2.87,2.85,2.84,14141315.0,40359520.0
2011-09-29,2.84,2.87,2.85,2.84,16978836.0,48459504.0
2011-09-28,2.89,2.89,2.86,2.85,13306153.0,38177740.0
2011-09-27,2.85,2.88,2.88,2.85,13847242.0,39664016.0
2011-09-26,2.89,2.91,2.85,2.83,21535060.0,61735796.0
2011-09-23,2.89,2.91,2.89,2.87,26369380.0,76214680.0
2011-09-22,2.92,2.94,2.89,2.89,22705600.0,66148216.0
2011-09-21,2.92,2.96,2.94,2.9,49343616.0,144342912.0
2011-09-20,2.91,2.93,2.91,2.9,7842526.0,22873100.0
2011-09-19,2.94,2.94,2.91,2.9,16154956.0,47098912.0
2011-09-16,2.94,2.95,2.95,2.93,12931187.0,38032868.0
2011-09-15,2.93,2.95,2.93,2.92,17296184.0,50751264.0
2011-09-14,2.95,2.95,2.93,2.91,16857290.0,49357336.0
2011-09-13,2.93,2.95,2.94,2.92,10757640.0,31553936.0
2011-09-09,2.95,2.97,2.95,2.93,13944300.0,41145864.0
2011-09-08,2.96,2.96,2.94,2.94,11342725.0,33453398.0
2011-09-07,2.93,2.96,2.95,2.92,19242778.0,56505508.0
2011-09-06,2.93,2.95,2.92,2.91,19207928.0,56298680.0
2011-09-05,2.96,2.97,2.93,2.93,17508620.0,51465808.0
2011-09-02,3.0,3.0,2.97,2.96,11146661.0,33200356.0
2011-09-01,3.0,3.01,3.0,2.98,12489738.0,37437592.0
2011-08-31,2.99,3.01,3.0,2.97,13438441.0,40207680.0
2011-08-30,2.99,3.02,2.99,2.98,24881712.0,74649144.0
2011-08-29,2.99,2.99,2.97,2.95,17858668.0,53050540.0
2011-08-26,3.0,3.01,3.0,2.99,20099546.0,60328088.0
2011-08-25,2.95,3.02,3.02,2.95,37342476.0,111880184.0
2011-08-24,2.96,2.98,2.95,2.94,10477455.0,30999194.0
2011-08-23,2.94,2.96,2.96,2.92,16300207.0,47954828.0
2011-08-22,2.94,2.95,2.93,2.91,13822811.0,40476300.0
2011-08-19,2.92,2.95,2.94,2.92,18363816.0,53887788.0
2011-08-18,2.99,2.99,2.96,2.95,15487604.0,46041988.0
2011-08-17,2.99,3.0,2.99,2.98,12621097.0,37733864.0
2011-08-16,3.01,3.01,2.99,2.98,18506970.0,55462200.0
2011-08-15,2.98,3.02,3.0,2.96,26698988.0,79866848.0
2011-08-12,2.97,2.99,2.98,2.95,22305970.0,66243464.0
2011-08-11,2.92,2.97,2.97,2.9,23442120.0,69059472.0
2011-08-10,2.98,3.0,2.95,2.94,29127846.0,86385984.0
2011-08-09,2.9,2.94,2.94,2.82,65397096.0,189142320.0
2011-08-08,2.98,3.0,2.93,2.9,38161924.0,112753296.0
2011-08-05,3.01,3.01,2.99,2.99,32187592.0,96495288.0
2011-08-04,3.03,3.04,3.03,3.02,10274489.0,31109104.0
2011-08-03,3.03,3.04,3.02,3.02,16812402.0,50882628.0
2011-08-02,3.04,3.05,3.03,3.02,20529756.0,62147236.0
2011-08-01,3.06,3.07,3.05,3.05,17751508.0,54238472.0
2011-07-29,3.04,3.1,3.08,3.02,35311676.0,108069000.0
2011-07-28,3.04,3.05,3.03,3.02,18880336.0,57216892.0
2011-07-27,3.05,3.07,3.05,3.04,28167700.0,85931120.0
2011-07-26,3.05,3.07,3.06,3.03,17273032.0,52668996.0
2011-07-25,3.08,3.09,3.05,3.04,31487520.0,96324224.0
2011-07-22,3.09,3.09,3.09,3.08,11169007.0,34458008.0
2011-07-21,3.09,3.1,3.08,3.07,13397235.0,41290680.0
2011-07-20,3.11,3.11,3.09,3.07,24200474.0,74766872.0
2011-07-19,3.11,3.11,3.1,3.09,22833264.0,70629640.0
2011-07-18,3.12,3.13,3.11,3.1,18933934.0,58974776.0
2011-07-15,3.13,3.13,3.12,3.11,15890964.0,49597064.0
2011-07-14,3.13,3.13,3.13,3.11,15717057.0,49049440.0
2011-07-13,3.09,3.13,3.13,3.09,17963104.0,55938668.0
2011-07-12,3.12,3.13,3.09,3.09,23483224.0,72864352.0
2011-07-11,3.13,3.14,3.13,3.1,23047116.0,72038496.0
2011-07-08,3.13,3.14,3.13,3.11,17183532.0,53698112.0
2011-07-07,3.12,3.15,3.11,3.11,32732748.0,102260984.0
2011-07-06,3.14,3.15,3.12,3.08,49656800.0,154426832.0
2011-07-05,3.17,3.19,3.16,3.12,46086064.0,145071952.0
2011-07-04,3.15,3.19,3.17,3.14,39393784.0,124826688.0
2011-07-01,3.16,3.17,3.14,3.13,30897666.0,97028192.0
2011-06-30,3.15,3.2,3.14,3.14,42240268.0,133668592.0
2011-06-29,3.19,3.19,3.15,3.12,37747404.0,118978896.0
2011-06-28,3.22,3.23,3.19,3.17,17446338.0,55668680.0
2011-06-27,3.25,3.25,3.22,3.2,22929696.0,73778128.0
2011-06-24,3.16,3.26,3.25,3.14,76526888.0,246990016.0
2011-06-23,3.09,3.18,3.17,3.05,67736576.0,211995424.0
2011-06-22,3.06,3.11,3.1,3.04,34271468.0,105115856.0
2011-06-21,3.05,3.07,3.05,3.04,18426254.0,56269720.0
2011-06-20,3.09,3.09,3.05,3.04,20622048.0,63276444.0
2011-06-17,3.1,3.11,3.09,3.08,14379845.0,44538072.0
2011-06-16,3.12,3.12,3.1,3.09,17863098.0,55391828.0
2011-06-15,3.14,3.15,3.12,3.12,12008193.0,37634932.0
2011-06-14,3.15,3.16,3.14,3.13,20631288.0,64904076.0
2011-06-13,3.15,3.16,3.14,3.11,20487736.0,64167664.0
2011-06-10,3.2,3.2,3.16,3.15,30404910.0,96131792.0
2011-06-09,3.33,3.35,3.34,3.32,48830504.0,162571888.0
2011-06-08,3.33,3.35,3.34,3.31,26236404.0,87397328.0
2011-06-07,3.31,3.34,3.33,3.3,19285336.0,64118496.0
2011-06-03,3.3,3.32,3.31,3.29,13322634.0,44071832.0
2011-06-02,3.31,3.34,3.29,3.27,29579306.0,97691304.0
2011-06-01,3.34,3.35,3.33,3.32,22121358.0,73728192.0
2011-05-31,3.34,3.36,3.34,3.32,23203172.0,77585408.0
2011-05-30,3.31,3.36,3.34,3.3,32900172.0,109451672.0
2011-05-26,3.29,3.31,3.3,3.29,17894680.0,59088160.0
2011-05-25,3.31,3.32,3.28,3.28,19000736.0,62649232.0
2011-05-24,3.33,3.34,3.31,3.3,23076632.0,76503520.0
2011-05-23,3.38,3.39,3.33,3.31,45032844.0,150535664.0
2011-05-20,3.38,3.4,3.38,3.37,19765864.0,66967552.0
2011-05-19,3.39,3.39,3.38,3.37,14282799.0,48290696.0
2011-05-18,3.36,3.39,3.39,3.36,16451437.0,55606496.0
2011-05-17,3.36,3.38,3.36,3.35,16480850.0,55407144.0
2011-05-16,3.37,3.39,3.36,3.35,34581348.0,116766168.0
2011-05-13,3.36,3.39,3.38,3.36,21070644.0,71124352.0
2011-05-12,3.38,3.39,3.36,3.36,19459520.0,65642372.0
2011-05-11,3.39,3.39,3.38,3.37,14962253.0,50550912.0
2011-05-10,3.38,3.4,3.38,3.37,15455211.0,52261036.0
2011-05-09,3.39,3.41,3.38,3.37,16813848.0,56923660.0
2011-05-06,3.4,3.42,3.39,3.39,22174966.0,75424528.0
2011-05-05,3.37,3.43,3.41,3.35,55589484.0,189219728.0
2011-05-04,3.39,3.41,3.37,3.37,52691456.0,178805776.0
2011-05-03,3.37,3.41,3.4,3.36,36355048.0,123017176.0
2011-04-29,3.39,3.39,3.37,3.33,44305288.0,148887968.0
2011-04-28,3.38,3.44,3.38,3.37,72250888.0,245965536.0
2011-04-27,3.36,3.39,3.37,3.35,36365868.0,122789768.0
2011-04-26,3.36,3.38,3.35,3.35,35612292.0,119854096.0
2011-04-25,3.38,3.4,3.36,3.36,42327648.0,142794640.0
2011-04-22,3.4,3.42,3.39,3.39,30054516.0,102201968.0
2011-04-21,3.41,3.43,3.4,3.39,43284560.0,147685968.0
2011-04-20,3.41,3.43,3.4,3.39,36284440.0,123733104.0
2011-04-19,3.44,3.45,3.4,3.4,51468084.0,176091664.0
2011-04-18,3.46,3.47,3.46,3.44,40453252.0,139902672.0
2011-04-15,3.43,3.47,3.46,3.43,47910960.0,165607152.0
2011-04-14,3.42,3.47,3.44,3.41,75254048.0,259825520.0
2011-04-13,3.39,3.43,3.43,3.38,49678224.0,169220928.0
2011-04-12,3.37,3.41,3.39,3.36,57823716.0,196212448.0
2011-04-11,3.4,3.43,3.38,3.38,60703216.0,206602144.0
2011-04-08,3.41,3.41,3.4,3.38,41694796.0,141707072.0
2011-04-07,3.4,3.42,3.41,3.39,54639924.0,186033568.0
2011-04-06,3.36,3.42,3.41,3.36,92449432.0,314756224.0
2011-04-01,3.34,3.37,3.37,3.32,46984984.0,157543072.0
2011-03-31,3.35,3.36,3.33,3.32,36282828.0,121109784.0
2011-03-30,3.35,3.38,3.36,3.31,79417688.0,265255216.0
2011-03-29,3.35,3.38,3.34,3.33,89771320.0,301140128.0
2011-03-28,3.36,3.38,3.35,3.34,61019068.0,205299072.0
2011-03-25,3.31,3.36,3.35,3.3,79356136.0,264669952.0
2011-03-24,3.28,3.3,3.29,3.27,29392788.0,96672360.0
2011-03-23,3.26,3.29,3.28,3.25,27762108.0,90906688.0
2011-03-22,3.25,3.27,3.26,3.23,32754516.0,106576400.0
2011-03-21,3.25,3.26,3.24,3.22,34168096.0,110569552.0
2011-03-18,3.26,3.27,3.23,3.22,36268648.0,117827200.0
2011-03-17,3.26,3.27,3.24,3.24,22081076.0,71854384.0
2011-03-16,3.26,3.28,3.27,3.25,25029564.0,81653792.0
2011-03-15,3.27,3.27,3.26,3.22,42589972.0,138057792.0
2011-03-14,3.3,3.32,3.27,3.26,57714856.0,189140208.0
2011-03-11,3.33,3.35,3.31,3.3,36799480.0,122295808.0
2011-03-10,3.4,3.4,3.34,3.32,67066320.0,225395888.0
2011-03-09,3.35,3.43,3.41,3.34,121509880.0,412778848.0
2011-03-08,3.33,3.35,3.34,3.32,58213568.0,194310672.0
2011-03-07,3.32,3.34,3.33,3.31,64220728.0,213887616.0
2011-03-04,3.3,3.32,3.31,3.28,43662384.0,144133408.0
2011-03-03,3.27,3.33,3.3,3.27,77027320.0,254569680.0
2011-03-02,3.24,3.29,3.27,3.23,47568376.0,155560976.0
2011-03-01,3.24,3.26,3.25,3.24,27845164.0,90542840.0
2011-02-28,3.24,3.25,3.24,3.22,20177960.0,65321600.0
2011-02-25,3.23,3.26,3.24,3.22,25989732.0,84135512.0
2011-02-24,3.23,3.24,3.23,3.21,20965548.0,67505080.0
2011-02-23,3.23,3.24,3.23,3.22,23901378.0,77125304.0
2011-02-22,3.27,3.28,3.24,3.22,34837032.0,112999376.0
2011-02-21,3.26,3.28,3.27,3.25,23488224.0,76748696.0
2011-02-18,3.29,3.29,3.28,3.26,23372052.0,76484312.0
2011-02-17,3.29,3.3,3.29,3.28,28587728.0,93957640.0
2011-02-16,3.28,3.29,3.29,3.26,22487524.0,73647080.0
2011-02-15,3.29,3.3,3.28,3.27,50073396.0,164630224.0
2011-02-14,3.24,3.3,3.29,3.23,70413976.0,230398880.0
2011-02-11,3.24,3.24,3.24,3.21,37918216.0,122240368.0
2011-02-10,3.22,3.24,3.24,3.21,17591840.0,56747272.0
2011-02-09,3.22,3.24,3.22,3.21,19898988.0,64210976.0
2011-02-01,3.24,3.25,3.24,3.22,23445344.0,75893488.0
2011-01-31,3.23,3.25,3.24,3.2,38314880.0,123623312.0
2011-01-27,3.23,3.25,3.25,3.2,28224102.0,91157192.0
2011-01-26,3.23,3.24,3.24,3.21,19373776.0,62559520.0
2011-01-25,3.2,3.25,3.23,3.19,39576392.0,127663624.0
2011-01-24,3.2,3.22,3.2,3.19,30661784.0,98161824.0
2011-01-21,3.17,3.24,3.21,3.15,43576924.0,139518368.0
2011-01-20,3.2,3.2,3.17,3.15,35036320.0,111177240.0
2011-01-19,3.21,3.21,3.21,3.16,42042304.0,134056664.0
2011-01-18,3.19,3.21,3.21,3.18,23492116.0,75070408.0
2011-01-17,3.23,3.25,3.2,3.18,40128884.0,128927624.0
2011-01-14,3.28,3.28,3.25,3.24,25881082.0,84488824.0
2011-01-13,3.27,3.29,3.28,3.26,31535820.0,103210616.0
2011-01-12,3.26,3.27,3.27,3.24,24676192.0,80324240.0
2011-01-11,3.22,3.26,3.25,3.22,23028802.0,74667072.0
2011-01-10,3.25,3.27,3.23,3.22,35035048.0,113706624.0
2011-01-07,3.22,3.31,3.27,3.21,75734352.0,247426752.0
2011-01-06,3.23,3.24,3.22,3.2,23822220.0,76673904.0
2011-01-05,3.25,3.25,3.23,3.22,33595052.0,108522096.0
2011-01-04,3.25,3.27,3.26,3.21,46978272.0,152217632.0
