date,open,high,close,low,volume,amount
2015-12-31,5.78,5.81,5.78,5.76,47685843.0,276083974.0
2015-12-30,5.8,5.81,5.79,5.73,50416079.0,290555911.0
2015-12-29,5.77,5.82,5.8,5.75,34744516.0,201085029.0
2015-12-28,5.92,5.93,5.78,5.77,65670601.0,384165200.0
2015-12-25,5.91,5.92,5.9,5.87,38709314.0,228422183.0
2015-12-24,5.89,5.93,5.9,5.83,70227232.0,413295040.0
2015-12-23,5.88,5.97,5.9,5.84,103893264.0,612210240.0
2015-12-22,5.9,5.93,5.88,5.84,63728943.0,374548268.0
2015-12-21,5.78,5.95,5.92,5.78,99069664.0,583575552.0
2015-12-18,5.76,5.97,5.82,5.75,90835440.0,531513568.0
2015-12-17,5.75,5.81,5.78,5.74,54695792.0,316216672.0
2015-12-16,5.75,5.78,5.74,5.72,33507320.0,192422464.0
2015-12-15,5.81,5.86,5.74,5.72,48158376.0,277933952.0
2015-12-14,5.66,5.84,5.82,5.64,75847696.0,435446976.0
2015-12-11,5.77,5.78,5.71,5.66,58668600.0,334989088.0
2015-12-10,5.79,5.93,5.78,5.77,81845576.0,479401600.0
2015-12-09,5.75,5.85,5.81,5.74,58543951.0,339162730.0
2015-12-08,5.83,5.84,5.75,5.73,62489968.0,360679168.0
2015-12-07,5.93,5.95,5.85,5.81,77932699.0,455510296.0
2015-12-04,6.08,6.09,5.91,5.89,144293136.0,861848128.0
2015-12-03,5.89,6.26,6.16,5.88,302013185.0,1852539626.0
2015-12-02,5.68,6.03,5.96,5.64,249873648.0,1465602048.0
2015-12-01,5.77,5.78,5.68,5.62,74536238.0,423519096.0
2015-11-30,5.67,5.81,5.77,5.67,111212456.0,641249984.0
2015-11-27,5.77,5.83,5.69,5.59,93814272.0,538730816.0
2015-11-26,5.8,5.84,5.79,5.78,59354268.0,344756416.0
2015-11-25,5.7,5.81,5.78,5.7,68414200.0,394080928.0
2015-11-24,5.69,5.73,5.72,5.67,60561992.0,345289088.0
2015-11-23,5.77,5.77,5.71,5.69,49871404.0,285703424.0
2015-11-20,5.75,5.78,5.75,5.71,55411000.0,318497664.0
2015-11-19,5.72,5.76,5.75,5.7,39777380.0,227768928.0
2015-11-18,5.71,5.81,5.73,5.68,77779936.0,446055168.0
2015-11-17,5.71,5.84,5.73,5.71,84252168.0,486283808.0
2015-11-16,5.63,5.74,5.71,5.62,49771624.0,283206368.0
2015-11-13,5.73,5.8,5.7,5.69,58176432.0,333310592.0
2015-11-12,5.87,5.88,5.76,5.73,81573440.0,471151744.0
2015-11-11,5.86,5.93,5.86,5.78,89437456.0,521771008.0
2015-11-10,5.89,5.99,5.91,5.82,126156096.0,742671104.0
2015-11-09,5.78,6.15,5.96,5.78,251522112.0,1506667776.0
2015-11-06,5.6,5.72,5.7,5.57,119280000.0,673246912.0
2015-11-05,5.49,5.76,5.65,5.48,206448528.0,1166650624.0
2015-11-04,5.35,5.55,5.51,5.33,94433440.0,514566784.0
2015-11-03,5.43,5.44,5.34,5.33,57688108.0,310190048.0
2015-11-02,5.46,5.49,5.43,5.42,36878748.0,201456448.0
2015-10-30,5.5,5.51,5.48,5.47,46131412.0,253248848.0
2015-10-29,5.48,5.51,5.48,5.47,33490376.0,183906224.0
2015-10-28,5.5,5.54,5.49,5.46,60460596.0,332880960.0
2015-10-27,5.57,5.57,5.52,5.48,54236472.0,299069248.0
2015-10-26,5.58,5.64,5.58,5.55,89294568.0,498361184.0
2015-10-23,5.5,5.57,5.56,5.5,77674624.0,429725376.0
2015-10-22,5.51,5.63,5.54,5.46,112830104.0,623804480.0
2015-10-21,5.48,5.62,5.5,5.45,127652320.0,704985408.0
2015-10-20,5.47,5.48,5.48,5.41,55473928.0,302022400.0
2015-10-19,5.48,5.52,5.47,5.44,54929172.0,301146560.0
2015-10-16,5.45,5.51,5.46,5.43,72450856.0,396261664.0
2015-10-15,5.39,5.43,5.43,5.34,42216020.0,227739392.0
2015-10-14,5.38,5.42,5.37,5.36,36066664.0,194489616.0
2015-10-13,5.44,5.45,5.42,5.38,43470660.0,235254448.0
2015-10-12,5.33,5.5,5.44,5.32,89292816.0,484954464.0
2015-10-09,5.3,5.33,5.32,5.28,35595916.0,189113680.0
2015-10-08,5.3,5.33,5.28,5.26,60725440.0,321261472.0
2015-09-30,5.19,5.23,5.18,5.16,37061032.0,192620912.0
2015-09-29,5.22,5.23,5.17,5.15,49004096.0,253788944.0
2015-09-28,5.3,5.3,5.25,5.22,26997718.0,141590720.0
2015-09-25,5.25,5.31,5.29,5.23,39004860.0,205895280.0
2015-09-24,5.32,5.33,5.27,5.24,40476352.0,213759616.0
2015-09-23,5.37,5.4,5.29,5.28,55494076.0,295559136.0
2015-09-22,5.37,5.46,5.42,5.36,48858040.0,264559088.0
2015-09-21,5.4,5.42,5.38,5.3,68227176.0,365144736.0
2015-09-18,5.47,5.49,5.43,5.41,33909928.0,184658224.0
2015-09-17,5.5,5.56,5.45,5.45,54937640.0,302956416.0
2015-09-16,5.45,5.61,5.54,5.36,92987232.0,508111488.0
2015-09-15,5.48,5.63,5.51,5.47,98747352.0,548072128.0
2015-09-14,5.47,5.65,5.55,5.36,123768776.0,683478528.0
2015-09-11,5.51,5.6,5.48,5.47,56650112.0,312959424.0
2015-09-10,5.46,5.6,5.54,5.42,81942184.0,453923712.0
2015-09-09,5.42,5.54,5.5,5.38,98271504.0,537338432.0
2015-09-08,5.36,5.53,5.47,5.25,124895432.0,672092160.0
2015-09-07,5.69,5.73,5.4,5.4,175312160.0,979272192.0
2015-09-02,5.39,6.06,5.92,5.39,542530688.0,3108274176.0
2015-09-01,5.14,5.66,5.62,5.09,523710144.0,2872003840.0
2015-08-31,5.11,5.18,5.17,4.95,180125072.0,913421568.0
2015-08-28,5.12,5.16,5.14,5.06,186641712.0,954002432.0
2015-08-27,4.91,5.18,5.14,4.75,195921408.0,963821568.0
2015-08-26,4.7,4.89,4.84,4.56,243966496.0,1158614656.0
2015-08-25,4.74,5.02,4.6,4.57,223828288.0,1072233344.0
2015-08-24,5.35,5.4,4.93,4.93,274608608.0,1395937792.0
2015-08-21,5.54,5.64,5.48,5.45,137012464.0,759785920.0
2015-08-20,5.7,5.72,5.6,5.59,91331960.0,517126176.0
2015-08-19,5.71,5.76,5.67,5.5,156821904.0,882030144.0
2015-08-18,5.92,5.99,5.72,5.68,140052880.0,821058112.0
2015-08-17,5.99,5.99,5.93,5.88,104891840.0,620309440.0
2015-08-14,6.0,6.03,5.99,5.98,85531712.0,513500576.0
2015-08-13,6.0,6.06,6.02,5.95,85321912.0,511962208.0
2015-08-12,6.03,6.06,6.01,6.0,85472168.0,515361856.0
2015-08-11,6.15,6.16,6.1,6.07,113079384.0,690959680.0
2015-08-10,6.06,6.19,6.17,6.0,143018960.0,872118592.0
2015-08-07,6.02,6.09,6.06,6.0,71245792.0,431494880.0
2015-08-06,6.02,6.1,6.02,5.99,68990248.0,416258112.0
2015-08-05,6.17,6.18,6.06,6.03,67253224.0,412067552.0
2015-08-04,6.15,6.2,6.19,6.11,96232792.0,592093696.0
2015-08-03,6.0,6.23,6.19,5.95,201774928.0,1233398528.0
2015-07-31,5.98,6.08,6.04,5.92,187874496.0,1133426048.0
2015-07-30,6.14,6.14,6.03,5.98,178177488.0,1074894720.0
2015-07-29,6.13,6.15,6.14,6.08,134501440.0,820976768.0
2015-07-28,5.86,6.18,6.15,5.84,321648736.0,1960916736.0
2015-07-27,6.41,6.45,5.96,5.83,289089344.0,1801775104.0
2015-07-24,6.54,6.55,6.46,6.45,181056032.0,1176316288.0
2015-07-23,6.47,6.54,6.53,6.45,177654304.0,1156444288.0
2015-07-22,6.48,6.51,6.46,6.43,196061840.0,1268667264.0
2015-07-21,6.57,6.62,6.51,6.48,249551712.0,1628621696.0
2015-07-20,6.66,6.68,6.61,6.57,229031232.0,1516083328.0
2015-07-17,6.67,6.72,6.66,6.6,292984448.0,1948944896.0
2015-07-16,6.76,6.86,6.67,6.53,351583520.0,2357890816.0
2015-07-15,6.63,6.85,6.76,6.59,359473664.0,2428528896.0
2015-07-14,6.68,6.82,6.7,6.51,471193248.0,3130777600.0
2015-07-13,6.95,7.04,6.83,6.73,551504576.0,3794479104.0
2015-07-10,6.86,7.48,7.12,6.68,830256064.0,5979764736.0
2015-07-09,6.84,7.43,7.04,6.36,875889344.0,6061150720.0
2015-07-08,7.0,7.45,6.84,6.72,1396457728.0,9886173184.0
2015-07-07,6.65,7.47,7.47,6.6,1805440000.0,12969411584.0
2015-07-06,6.79,6.8,6.79,6.51,864856448.0,5770701312.0
2015-07-03,6.51,6.73,6.29,6.21,425138880.0,2766883072.0
2015-07-02,6.5,6.9,6.69,6.08,778520000.0,5098820608.0
2015-07-01,6.75,6.75,6.44,6.43,497761408.0,3293418240.0
2015-06-30,6.63,7.14,7.13,6.55,630876608.0,4323804160.0
2015-06-29,6.62,6.78,6.62,6.1,435062816.0,2848018432.0
2015-06-26,6.61,6.79,6.48,6.25,411035648.0,2695697920.0
2015-06-25,6.96,6.98,6.72,6.7,403461632.0,2777371904.0
2015-06-24,6.65,6.8,6.8,6.6,300017344.0,2005342592.0
2015-06-23,6.42,6.61,6.6,6.3,247098720.0,1601789824.0
2015-06-19,6.64,6.75,6.39,6.37,289798208.0,1903352704.0
2015-06-18,6.95,6.96,6.7,6.65,297855296.0,2034400000.0
2015-06-17,7.03,7.07,7.0,6.85,432662528.0,3022275584.0
2015-06-16,6.85,6.99,6.84,6.72,322592832.0,2221159936.0
2015-06-15,7.11,7.12,6.9,6.88,353735200.0,2477019136.0
2015-06-12,7.06,7.11,7.11,7.0,323189984.0,2279876352.0
2015-06-11,7.16,7.2,7.07,7.0,317523872.0,2243509504.0
2015-06-10,7.18,7.24,7.16,7.12,363601088.0,2609817088.0
2015-06-09,7.41,7.46,7.26,7.13,682785600.0,4998298624.0
2015-06-08,6.89,7.38,7.37,6.86,925497792.0,6649996800.0
2015-06-05,7.05,7.1,6.89,6.78,507047744.0,3508800000.0
2015-06-04,6.68,6.98,6.92,6.61,691681216.0,4723390976.0
2015-06-03,6.7,6.72,6.65,6.56,364973312.0,2420807424.0
2015-06-02,6.67,6.73,6.68,6.58,361730464.0,2404544256.0
2015-06-01,6.4,6.72,6.69,6.33,465722976.0,3046772480.0
2015-05-29,6.33,6.67,6.37,6.18,439071808.0,2796727296.0
2015-05-28,6.74,6.79,6.36,6.34,471497536.0,3118081024.0
2015-05-27,6.85,6.87,6.76,6.7,364372640.0,2472633344.0
2015-05-26,6.87,6.89,6.85,6.75,310743040.0,2115045248.0
2015-05-25,6.71,6.84,6.83,6.7,329007328.0,2230618880.0
2015-05-22,6.54,6.68,6.67,6.52,310996992.0,2056211968.0
2015-05-21,6.5,6.51,6.49,6.43,193843472.0,1253976576.0
2015-05-20,6.52,6.59,6.49,6.45,259145808.0,1688354432.0
2015-05-19,6.3,6.54,6.5,6.28,212701056.0,1371822848.0
2015-05-18,6.37,6.43,6.31,6.3,171737904.0,1092235008.0
2015-05-15,6.56,6.61,6.43,6.39,215361584.0,1392543360.0
2015-05-14,6.72,6.74,6.6,6.55,247534304.0,1640591616.0
2015-05-13,6.63,6.8,6.66,6.56,373064064.0,2486599424.0
2015-05-12,6.57,6.62,6.59,6.5,251905104.0,1651825152.0
2015-05-11,6.47,6.58,6.56,6.37,276924064.0,1789532544.0
2015-05-08,6.44,6.5,6.47,6.37,193567536.0,1246221184.0
2015-05-07,6.49,6.55,6.39,6.36,217198144.0,1399863424.0
2015-05-06,6.55,6.77,6.5,6.39,300122304.0,1979426432.0
2015-05-05,6.89,6.89,6.55,6.52,351392640.0,2353085952.0
2015-05-04,6.85,6.91,6.9,6.78,214618352.0,1472443392.0
2015-04-30,6.99,7.0,6.85,6.84,308800768.0,2132518656.0
2015-04-29,7.08,7.08,6.98,6.9,385056800.0,2688070400.0
2015-04-28,7.02,7.45,7.14,6.98,849528768.0,6099544576.0
2015-04-27,6.73,6.98,6.98,6.73,502634208.0,3465228544.0
2015-04-24,6.8,6.84,6.71,6.6,393550848.0,2647953152.0
2015-04-23,7.0,7.02,6.9,6.88,346143840.0,2402487808.0
2015-04-22,6.93,7.02,7.0,6.88,427168864.0,2968403968.0
2015-04-21,6.85,6.93,6.91,6.7,435080224.0,2971277568.0
2015-04-20,7.21,7.25,6.84,6.81,730506752.0,5137654784.0
2015-04-17,7.3,7.38,7.19,7.09,578246976.0,4171026688.0
2015-04-16,7.01,7.21,7.2,6.93,482366272.0,3403122432.0
2015-04-15,6.89,7.3,7.04,6.83,669684096.0,4748769792.0
2015-04-14,6.89,7.0,6.91,6.77,509769920.0,3505620224.0
2015-04-13,6.65,7.04,6.95,6.64,919385280.0,6252964352.0
2015-04-10,6.38,6.51,6.49,6.34,448693792.0,2885478912.0
2015-04-09,6.37,6.52,6.38,6.3,601995264.0,3851854336.0
2015-04-08,6.28,6.36,6.36,6.19,515149056.0,3237508864.0
2015-04-07,6.23,6.29,6.28,6.16,472945440.0,2946564608.0
2015-04-03,6.07,6.13,6.12,6.04,227171120.0,1383418496.0
2015-04-02,6.17,6.19,6.11,6.04,269380352.0,1645210624.0
2015-04-01,6.1,6.18,6.15,6.08,273863904.0,1677689088.0
2015-03-31,6.28,6.33,6.1,6.06,488651712.0,3038960128.0
2015-03-30,6.02,6.19,6.19,6.02,420170368.0,2572721664.0
2015-03-27,5.98,6.05,5.99,5.93,233324096.0,1396688896.0
2015-03-26,5.93,6.07,5.98,5.86,247619328.0,1480816640.0
2015-03-25,6.13,6.14,5.98,5.96,330104160.0,1992577024.0
2015-03-24,6.18,6.28,6.14,6.09,344850144.0,2122042624.0
2015-03-23,6.16,6.21,6.18,6.13,291882560.0,1800407424.0
2015-03-20,6.02,6.2,6.11,5.99,363078176.0,2209316352.0
2015-03-19,6.11,6.12,6.04,6.0,260253920.0,1575446912.0
2015-03-18,5.94,6.12,6.11,5.93,354822336.0,2138061824.0
2015-03-17,5.91,5.95,5.93,5.86,278658112.0,1643663104.0
2015-03-16,5.85,5.89,5.87,5.79,231668880.0,1352562176.0
2015-03-13,5.84,5.97,5.81,5.76,290661760.0,1705783808.0
2015-03-12,5.75,5.94,5.84,5.68,421032320.0,2450938880.0
2015-03-11,5.59,5.72,5.64,5.58,196386880.0,1110533376.0
2015-03-10,5.65,5.65,5.57,5.56,213275312.0,1193542016.0
2015-03-09,5.45,5.72,5.7,5.35,384317344.0,2137593088.0
2015-03-06,5.35,5.41,5.39,5.34,133349720.0,717058880.0
2015-03-05,5.47,5.48,5.35,5.33,194192304.0,1047384576.0
2015-03-04,5.52,5.54,5.5,5.47,152305376.0,837593536.0
2015-03-03,5.7,5.7,5.53,5.51,233305504.0,1304784384.0
2015-03-02,5.72,5.74,5.73,5.66,196250544.0,1117846784.0
2015-02-27,5.68,5.73,5.69,5.64,152959392.0,869156544.0
2015-02-26,5.52,5.69,5.68,5.5,209655616.0,1177294592.0
2015-02-25,5.61,5.62,5.54,5.52,110447336.0,613993408.0
2015-02-17,5.58,5.65,5.6,5.57,140727168.0,789638400.0
2015-02-16,5.59,5.6,5.58,5.53,116570496.0,648498560.0
2015-02-13,5.55,5.66,5.59,5.54,217337920.0,1217747712.0
2015-02-12,5.56,5.57,5.54,5.45,108796960.0,600235648.0
2015-02-11,5.58,5.6,5.56,5.52,91970128.0,511084256.0
2015-02-10,5.48,5.62,5.58,5.46,177713632.0,989627328.0
2015-02-09,5.46,5.58,5.52,5.35,166110576.0,906175808.0
2015-02-06,5.6,5.64,5.49,5.43,168258512.0,934011520.0
2015-02-05,6.01,6.03,5.64,5.63,315113920.0,1838597248.0
2015-02-04,5.82,5.9,5.72,5.71,126518480.0,736004672.0
2015-02-03,5.72,5.82,5.81,5.66,140359552.0,805092928.0
2015-02-02,5.72,5.79,5.67,5.66,151926448.0,866948992.0
2015-01-30,5.9,5.94,5.85,5.82,127561920.0,750553280.0
2015-01-29,5.85,5.92,5.88,5.81,169687296.0,995484672.0
2015-01-28,5.97,6.05,5.97,5.92,146144448.0,873546432.0
2015-01-27,6.15,6.17,6.02,5.91,273892992.0,1649026176.0
2015-01-26,6.18,6.2,6.15,6.06,212521104.0,1300648448.0
2015-01-23,6.26,6.35,6.21,6.17,337249696.0,2112239232.0
2015-01-22,6.25,6.32,6.2,6.1,288012192.0,1788607104.0
2015-01-21,5.98,6.33,6.27,5.88,434252832.0,2656387328.0
2015-01-20,5.95,6.09,5.94,5.8,333036768.0,1980819584.0
2015-01-19,6.05,6.28,5.98,5.98,449668576.0,2744156160.0
2015-01-16,6.58,6.71,6.64,6.5,437158560.0,2897310464.0
2015-01-15,6.33,6.55,6.55,6.27,287371328.0,1841323008.0
2015-01-14,6.2,6.4,6.33,6.2,264415856.0,1668441856.0
2015-01-13,6.22,6.28,6.18,6.15,192796656.0,1195999872.0
2015-01-12,6.3,6.38,6.25,6.15,352671264.0,2205932800.0
2015-01-09,6.35,6.77,6.4,6.22,622373568.0,4020934912.0
2015-01-08,6.66,6.7,6.35,6.3,427247008.0,2749604864.0
2015-01-07,6.69,6.79,6.63,6.52,460664832.0,3065659904.0
2015-01-06,6.79,7.22,6.82,6.75,543074496.0,3754165248.0
2015-01-05,6.76,7.02,6.92,6.67,560424448.0,3829590528.0
2014-12-31,6.57,6.86,6.73,6.42,545692672.0,3654418944.0
2014-12-30,6.41,6.67,6.57,6.3,435125440.0,2851623424.0
2014-12-29,6.75,6.85,6.42,6.24,559057664.0,3695205376.0
2014-12-26,6.35,6.5,6.48,6.24,502345728.0,3209230592.0
2014-12-25,6.08,6.35,6.32,5.95,492375040.0,3041101824.0
2014-12-24,6.26,6.32,5.92,5.83,449370912.0,2705840640.0
2014-12-23,6.25,6.7,6.26,6.21,576243008.0,3701445888.0
2014-12-22,6.13,6.7,6.59,6.04,1079410560.0,6987803136.0
2014-12-19,5.76,6.15,6.09,5.71,687334656.0,4113952512.0
2014-12-18,5.99,6.0,5.76,5.7,440898336.0,2568914176.0
2014-12-17,5.66,6.08,5.94,5.56,760645568.0,4444174336.0
2014-12-16,5.3,5.66,5.64,5.27,452919808.0,2491078656.0
2014-12-15,5.4,5.4,5.3,5.2,257781072.0,1361533184.0
2014-12-12,5.45,5.58,5.44,5.39,300785536.0,1646927872.0
2014-12-11,5.45,5.68,5.46,5.4,376864288.0,2083613952.0
2014-12-10,5.46,5.74,5.64,5.17,619936576.0,3362111488.0
2014-12-09,5.91,6.16,5.52,5.5,993888832.0,5841910272.0
2014-12-08,5.69,6.16,6.11,5.53,1025226688.0,5947076608.0
2014-12-05,5.22,5.7,5.7,5.18,976290112.0,5448354304.0
2014-12-04,4.96,5.2,5.18,4.91,379679712.0,1922048896.0
2014-12-03,5.11,5.2,4.94,4.88,489612288.0,2477979136.0
2014-12-02,4.73,5.18,5.07,4.7,422710144.0,2077574784.0
2014-12-01,4.79,4.95,4.79,4.68,495214336.0,2390487040.0
2014-11-28,4.39,4.73,4.7,4.39,568449216.0,2597402368.0
2014-11-27,4.39,4.44,4.39,4.32,190970064.0,836311104.0
2014-11-26,4.28,4.36,4.35,4.27,164188080.0,710266752.0
2014-11-25,4.25,4.29,4.28,4.23,114489752.0,486512352.0
2014-11-24,4.19,4.28,4.24,4.16,169992624.0,718467392.0
2014-11-21,4.17,4.24,4.22,4.15,88009624.0,369360640.0
2014-11-20,4.18,4.19,4.17,4.14,80702688.0,335802848.0
2014-11-19,4.19,4.21,4.19,4.17,66299284.0,277605728.0
2014-11-18,4.29,4.3,4.2,4.19,117341120.0,497645312.0
2014-11-17,4.41,4.43,4.29,4.28,129639568.0,564009216.0
2014-11-14,4.31,4.38,4.37,4.27,114639112.0,495111680.0
2014-11-13,4.32,4.39,4.3,4.3,143398080.0,622451072.0
2014-11-12,4.29,4.32,4.31,4.25,155601936.0,666843776.0
2014-11-11,4.24,4.45,4.34,4.23,495464256.0,2159180800.0
2014-11-10,4.16,4.21,4.2,4.15,163740320.0,685580608.0
2014-11-07,4.13,4.19,4.14,4.11,78632008.0,326375872.0
2014-11-06,4.14,4.15,4.13,4.11,31443624.0,129875552.0
2014-11-05,4.16,4.17,4.13,4.12,63821732.0,264502720.0
2014-11-04,4.14,4.16,4.16,4.12,74610896.0,309092128.0
2014-11-03,4.18,4.18,4.14,4.14,91174136.0,379208800.0
2014-10-31,4.1,4.24,4.18,4.09,196405280.0,818337792.0
2014-10-30,4.06,4.11,4.09,4.04,87453776.0,356195360.0
2014-10-29,4.04,4.08,4.07,4.03,58820440.0,238301456.0
2014-10-28,3.99,4.04,4.04,3.99,39928668.0,160109184.0
2014-10-27,4.04,4.04,3.99,3.98,39815352.0,159478880.0
2014-10-24,4.05,4.06,4.05,4.03,31347804.0,126691456.0
2014-10-23,4.06,4.07,4.06,4.05,32288384.0,131091224.0
2014-10-22,4.06,4.07,4.06,4.05,27867036.0,113231040.0
2014-10-21,4.08,4.08,4.06,4.05,25470076.0,103606720.0
2014-10-20,4.1,4.1,4.09,4.06,24938464.0,101753544.0
2014-10-17,4.07,4.1,4.08,4.05,36248688.0,147690992.0
2014-10-16,4.05,4.11,4.08,4.05,51949796.0,212083312.0
2014-10-15,4.05,4.08,4.06,4.04,28072280.0,113912824.0
2014-10-14,4.04,4.07,4.06,4.04,34180148.0,138540320.0
2014-10-13,4.06,4.07,4.04,4.04,40715516.0,164825888.0
2014-10-10,4.08,4.09,4.07,4.06,35288640.0,143632064.0
2014-10-09,4.09,4.1,4.09,4.08,34185024.0,139740224.0
2014-10-08,4.09,4.1,4.09,4.05,48330764.0,196848912.0
2014-09-30,4.09,4.1,4.07,4.06,51647060.0,210424416.0
2014-09-29,4.1,4.12,4.08,4.08,48560924.0,198755568.0
2014-09-26,4.1,4.13,4.11,4.07,23758334.0,97420168.0
2014-09-25,4.13,4.13,4.1,4.09,43262160.0,178023744.0
2014-09-24,4.06,4.12,4.11,4.04,58557088.0,238981552.0
2014-09-23,4.05,4.1,4.05,4.04,32287004.0,131166800.0
2014-09-22,4.11,4.12,4.05,4.04,35350036.0,143896832.0
2014-09-19,4.11,4.13,4.12,4.1,32365992.0,133121616.0
2014-09-18,4.11,4.13,4.11,4.08,45791608.0,188028640.0
2014-09-17,4.12,4.13,4.11,4.1,35700264.0,146729776.0
2014-09-16,4.12,4.15,4.11,4.1,53929000.0,222266032.0
2014-09-15,4.12,4.13,4.12,4.1,36152764.0,148802208.0
2014-09-12,4.11,4.13,4.13,4.1,28299978.0,116399192.0
2014-09-11,4.12,4.15,4.11,4.1,40755396.0,167903392.0
2014-09-10,4.13,4.14,4.11,4.1,27180436.0,111946800.0
2014-09-09,4.16,4.17,4.15,4.14,24929620.0,103411408.0
2014-09-05,4.14,4.17,4.16,4.13,38026460.0,157831552.0
2014-09-04,4.12,4.14,4.13,4.1,38682404.0,159421392.0
2014-09-03,4.06,4.13,4.11,4.06,56326588.0,230705712.0
2014-09-02,4.02,4.07,4.07,4.01,47688896.0,192269040.0
2014-09-01,4.02,4.03,4.01,4.0,36713108.0,147321248.0
2014-08-29,4.01,4.03,4.02,3.98,26352740.0,105385680.0
2014-08-28,4.04,4.05,4.0,3.99,28261634.0,113626984.0
2014-08-27,4.06,4.06,4.04,4.04,13841384.0,56084848.0
2014-08-26,4.05,4.07,4.06,4.04,25638038.0,103948048.0
2014-08-25,4.07,4.08,4.05,4.04,22790068.0,92423664.0
2014-08-22,4.06,4.08,4.07,4.05,23529400.0,95669784.0
2014-08-21,4.09,4.09,4.07,4.04,32135264.0,130609008.0
2014-08-20,4.1,4.11,4.09,4.08,23277004.0,95266440.0
2014-08-19,4.11,4.12,4.1,4.08,28651912.0,117325920.0
2014-08-18,4.11,4.13,4.11,4.09,23592722.0,96949744.0
2014-08-15,4.1,4.13,4.11,4.08,29531968.0,121193960.0
2014-08-14,4.12,4.13,4.1,4.09,32645326.0,134302224.0
2014-08-13,4.09,4.13,4.13,4.09,37464744.0,153844608.0
2014-08-12,4.11,4.12,4.1,4.09,32116442.0,131663712.0
2014-08-11,4.09,4.13,4.12,4.09,25579636.0,105303008.0
2014-08-08,4.09,4.11,4.09,4.07,30180572.0,123439688.0
2014-08-07,4.15,4.15,4.09,4.08,37814296.0,155540016.0
2014-08-06,4.16,4.16,4.14,4.13,26906736.0,111494416.0
2014-08-05,4.18,4.19,4.18,4.15,38252324.0,159419200.0
2014-08-04,4.16,4.18,4.17,4.15,57818992.0,241138480.0
2014-08-01,4.14,4.2,4.15,4.13,62219764.0,259409488.0
2014-07-31,4.11,4.15,4.15,4.11,35911076.0,148275216.0
2014-07-30,4.16,4.17,4.11,4.09,54030648.0,224089312.0
2014-07-29,4.16,4.18,4.16,4.14,50389260.0,209685216.0
2014-07-28,4.04,4.19,4.16,4.03,119084560.0,492697952.0
2014-07-25,4.0,4.02,4.02,3.99,29603246.0,118621632.0
2014-07-24,3.93,4.0,3.99,3.93,49033628.0,194737280.0
2014-07-23,3.9,3.94,3.93,3.89,37064132.0,145469568.0
2014-07-22,3.89,3.91,3.9,3.88,23992814.0,93552256.0
2014-07-21,3.89,3.9,3.9,3.88,18214834.0,70924224.0
2014-07-18,3.9,3.92,3.9,3.89,25227848.0,98480232.0
2014-07-17,3.93,3.93,3.91,3.9,23360242.0,91420432.0
2014-07-16,3.92,3.94,3.93,3.91,23536872.0,92410344.0
2014-07-15,3.91,3.93,3.93,3.9,28921808.0,113239344.0
2014-07-14,3.9,3.92,3.9,3.88,26148756.0,101920448.0
2014-07-11,3.87,3.92,3.9,3.86,23922540.0,93367304.0
2014-07-10,3.89,3.89,3.87,3.86,39011948.0,151312112.0
2014-07-09,4.21,4.23,4.2,4.18,43316084.0,182130832.0
2014-07-08,4.2,4.22,4.22,4.18,33014178.0,138644960.0
2014-07-07,4.19,4.2,4.2,4.18,27517444.0,115322088.0
2014-07-04,4.17,4.19,4.19,4.16,21845124.0,91181552.0
2014-07-03,4.14,4.17,4.17,4.13,24322160.0,101147840.0
2014-07-02,4.13,4.14,4.13,4.11,13131139.0,54183024.0
2014-07-01,4.14,4.14,4.13,4.11,13130394.0,54139552.0
2014-06-30,4.11,4.14,4.13,4.11,15108131.0,62377684.0
2014-06-27,4.11,4.12,4.11,4.1,15880054.0,65236148.0
2014-06-26,4.1,4.12,4.11,4.1,15673223.0,64429620.0
2014-06-25,4.12,4.13,4.1,4.09,13086252.0,53727528.0
2014-06-24,4.12,4.13,4.12,4.1,13460970.0,55448260.0
2014-06-23,4.14,4.16,4.12,4.11,19144924.0,79173968.0
2014-06-20,4.11,4.15,4.14,4.09,19798508.0,81761360.0
2014-06-19,4.14,4.15,4.11,4.1,20700196.0,85244936.0
2014-06-18,4.15,4.15,4.14,4.12,20264196.0,83811856.0
2014-06-17,4.18,4.18,4.15,4.13,30539460.0,126864640.0
2014-06-16,4.16,4.19,4.19,4.15,33496640.0,139582944.0
2014-06-13,4.13,4.17,4.16,4.12,31849692.0,132344696.0
2014-06-12,4.12,4.15,4.13,4.12,17549280.0,72532744.0
2014-06-11,4.13,4.16,4.13,4.11,30676348.0,126835344.0
2014-06-10,4.09,4.14,4.13,4.07,43695524.0,179329888.0
2014-06-09,4.05,4.09,4.09,4.05,27529496.0,112262736.0
2014-06-06,4.07,4.09,4.05,4.05,29373560.0,119557464.0
2014-06-05,4.03,4.08,4.07,4.02,31739128.0,128818760.0
2014-06-04,4.05,4.05,4.02,4.02,25937886.0,104735832.0
2014-06-03,4.03,4.06,4.05,4.03,30604012.0,123877728.0
2014-05-30,4.06,4.06,4.03,4.01,26608682.0,107294512.0
2014-05-29,4.06,4.07,4.05,4.05,20898316.0,84841440.0
2014-05-28,4.02,4.06,4.06,4.02,23229132.0,93930280.0
2014-05-27,4.02,4.04,4.02,4.01,17692128.0,71292552.0
2014-05-26,4.03,4.04,4.02,4.01,15888572.0,63991700.0
2014-05-23,4.0,4.02,4.02,4.0,13546135.0,54326220.0
2014-05-22,4.0,4.02,4.01,3.99,20933618.0,83911952.0
2014-05-21,3.97,4.0,4.0,3.97,16742225.0,66835636.0
2014-05-20,3.99,3.99,3.99,3.97,11513263.0,45872544.0
2014-05-19,4.0,4.0,3.99,3.97,17862236.0,71119528.0
2014-05-16,3.99,4.0,4.0,3.98,18073700.0,72216648.0
2014-05-15,3.97,4.0,3.99,3.97,16650970.0,66400220.0
2014-05-14,3.99,3.99,3.97,3.97,17907116.0,71255224.0
2014-05-13,3.99,4.0,3.98,3.97,16766472.0,66779180.0
2014-05-12,3.98,4.01,4.0,3.96,32419624.0,129354080.0
2014-05-09,3.96,3.97,3.97,3.95,14639208.0,58023624.0
2014-05-08,3.94,3.99,3.96,3.94,18028632.0,71450184.0
2014-05-07,3.94,3.96,3.94,3.93,16584117.0,65509096.0
2014-05-06,3.94,3.97,3.94,3.94,18337008.0,72573312.0
2014-05-05,3.95,3.96,3.95,3.92,27309744.0,107541608.0
2014-04-30,3.98,3.99,3.96,3.95,13965613.0,55343876.0
2014-04-29,3.98,3.99,3.98,3.95,21860780.0,86752776.0
2014-04-28,3.97,4.0,3.98,3.96,27890624.0,110919728.0
2014-04-25,3.96,3.99,3.97,3.95,25019648.0,99486184.0
2014-04-24,3.96,3.98,3.96,3.94,14457641.0,57191368.0
2014-04-23,3.96,3.97,3.96,3.95,19988432.0,79117496.0
2014-04-22,3.95,3.98,3.97,3.94,13178228.0,52228056.0
2014-04-21,3.97,4.0,3.95,3.95,16166331.0,64300288.0
2014-04-18,3.99,3.99,3.98,3.96,16065997.0,63834960.0
2014-04-17,4.01,4.03,3.99,3.99,10025133.0,40138432.0
2014-04-16,4.0,4.03,4.02,3.99,16272144.0,65315592.0
2014-04-15,4.04,4.05,4.0,4.0,18530812.0,74441520.0
2014-04-14,4.06,4.07,4.05,4.03,20062704.0,81185504.0
2014-04-11,4.07,4.08,4.06,4.05,42653904.0,173267600.0
2014-04-10,4.02,4.09,4.08,4.01,48490528.0,196162128.0
2014-04-09,4.03,4.04,4.03,4.01,28626312.0,115354464.0
2014-04-08,3.99,4.07,4.03,3.98,79473784.0,320034368.0
2014-04-04,3.94,4.0,3.99,3.93,18868474.0,74993672.0
2014-04-03,4.03,4.04,3.95,3.94,44639856.0,177617536.0
2014-04-02,4.03,4.03,4.02,4.0,18375380.0,73818248.0
2014-04-01,4.0,4.05,4.02,4.0,23535786.0,94814560.0
2014-03-31,4.02,4.05,4.0,3.98,39131612.0,157091808.0
2014-03-28,3.92,4.02,3.99,3.92,42246472.0,168448384.0
2014-03-27,3.9,3.95,3.92,3.87,35338368.0,138455296.0
2014-03-26,3.88,3.91,3.89,3.88,16399585.0,63857056.0
2014-03-25,3.87,3.9,3.87,3.85,16783392.0,65042864.0
2014-03-24,3.88,3.91,3.89,3.85,29094852.0,112787128.0
2014-03-21,3.77,3.88,3.87,3.77,39101164.0,150309376.0
2014-03-20,3.78,3.81,3.78,3.77,13082739.0,49628216.0
2014-03-19,3.8,3.8,3.78,3.77,12431126.0,46977992.0
2014-03-18,3.82,3.83,3.81,3.79,10857946.0,41330936.0
2014-03-17,3.81,3.83,3.82,3.79,15679809.0,59695080.0
2014-03-14,3.8,3.82,3.81,3.76,23656920.0,89557360.0
2014-03-13,3.79,3.89,3.82,3.79,37478364.0,144045360.0
2014-03-12,3.78,3.8,3.78,3.75,19359972.0,72976032.0
2014-03-11,3.78,3.79,3.78,3.76,13066033.0,49252316.0
2014-03-10,3.82,3.83,3.78,3.77,23739100.0,90142592.0
2014-03-07,3.85,3.86,3.83,3.83,19470538.0,74842784.0
2014-03-06,3.82,3.87,3.85,3.81,20585944.0,78899112.0
2014-03-05,3.84,3.84,3.83,3.81,20955820.0,80199872.0
2014-03-04,3.84,3.84,3.84,3.81,28886500.0,110459920.0
2014-03-03,3.85,3.87,3.84,3.82,31073420.0,119475896.0
2014-02-28,3.88,3.88,3.86,3.84,24933164.0,96283952.0
2014-02-27,3.86,3.89,3.89,3.83,23483864.0,90686264.0
2014-02-26,3.86,3.89,3.86,3.85,15128910.0,58477672.0
2014-02-25,3.89,3.9,3.87,3.85,28361656.0,109900624.0
2014-02-24,3.95,3.96,3.89,3.88,27808568.0,108427872.0
2014-02-21,3.99,3.99,3.96,3.96,20031032.0,79627760.0
2014-02-20,4.02,4.04,3.99,3.98,26338210.0,105456912.0
2014-02-19,3.96,4.04,4.02,3.95,42915772.0,171862864.0
2014-02-18,4.0,4.01,3.96,3.95,22334616.0,88909264.0
2014-02-17,4.01,4.01,4.01,3.99,28276704.0,113179456.0
2014-02-14,3.99,4.01,4.0,3.98,17104232.0,68328784.0
2014-02-13,3.98,4.04,3.99,3.97,46981156.0,187660784.0
2014-02-12,3.99,4.01,3.98,3.97,29032116.0,115685088.0
2014-02-11,3.94,4.03,4.0,3.92,63283160.0,251662016.0
2014-02-10,3.95,3.96,3.95,3.92,33154960.0,130781856.0
2014-02-07,3.92,3.93,3.93,3.9,15982039.0,62455496.0
2014-01-30,3.95,3.95,3.94,3.93,13309885.0,52452016.0
2014-01-29,3.93,3.97,3.96,3.93,13729596.0,54254116.0
2014-01-28,3.91,3.94,3.93,3.91,19482610.0,76512800.0
2014-01-27,3.91,3.92,3.91,3.89,16830130.0,65612768.0
2014-01-24,3.92,3.94,3.92,3.9,16946122.0,66480984.0
2014-01-23,3.94,3.95,3.92,3.91,19274128.0,75601312.0
2014-01-22,3.92,3.96,3.96,3.92,26489098.0,104373104.0
2014-01-21,3.91,3.93,3.92,3.9,12095379.0,47403388.0
2014-01-20,3.92,3.93,3.9,3.9,10242482.0,40059704.0
2014-01-17,3.92,3.94,3.93,3.88,27272098.0,106618760.0
2014-01-16,3.96,3.96,3.94,3.91,24479616.0,96302136.0
2014-01-15,4.0,4.01,3.97,3.95,14157040.0,56138264.0
2014-01-14,4.01,4.02,4.0,3.96,13429687.0,53598660.0
2014-01-13,3.97,4.02,4.01,3.95,26136492.0,104153720.0
2014-01-10,3.95,3.97,3.96,3.94,16948936.0,67024840.0
2014-01-09,3.97,4.0,3.95,3.94,19875036.0,78929464.0
2014-01-08,4.01,4.02,3.98,3.96,27515048.0,109696544.0
2014-01-07,4.04,4.05,4.01,3.99,25840606.0,103534720.0
2014-01-06,4.06,4.09,4.08,3.96,43613988.0,174930928.0
2014-01-03,4.08,4.1,4.07,4.02,30937200.0,125251392.0
2014-01-02,4.12,4.13,4.11,4.07,34717612.0,142131584.0
2013-12-31,4.08,4.15,4.14,4.08,19791864.0,81661824.0
2013-12-30,4.16,4.16,4.09,4.09,23550018.0,96797272.0
2013-12-27,4.08,4.17,4.13,4.08,20563556.0,84897888.0
2013-12-26,4.13,4.15,4.08,4.05,21421068.0,87492456.0
2013-12-25,4.16,4.16,4.14,4.12,9528491.0,39441176.0
2013-12-24,4.18,4.18,4.14,4.1,15949631.0,66289744.0
2013-12-23,4.1,4.19,4.17,4.09,28214652.0,117019328.0
2013-12-20,4.24,4.24,3.96,3.8,36553288.0,152166800.0
2013-12-19,4.25,4.25,4.22,4.22,15359804.0,65070440.0
2013-12-18,4.27,4.28,4.23,4.21,28895850.0,122605912.0
2013-12-17,4.28,4.3,4.27,4.26,18504938.0,79153616.0
2013-12-16,4.32,4.34,4.28,4.28,15623731.0,67250848.0
2013-12-13,4.33,4.36,4.32,4.32,19678144.0,85342768.0
2013-12-12,4.37,4.38,4.36,4.35,11775184.0,51344008.0
2013-12-11,4.41,4.42,4.37,4.36,18058328.0,79138928.0
2013-12-10,4.42,4.45,4.44,4.4,15752204.0,69701208.0
2013-12-09,4.46,4.47,4.42,4.42,14613107.0,64986016.0
2013-12-06,4.43,4.46,4.45,4.42,16725775.0,74322128.0
2013-12-05,4.46,4.47,4.44,4.43,16880820.0,75053496.0
2013-12-04,4.45,4.49,4.46,4.44,36343472.0,162250432.0
2013-12-03,4.47,4.52,4.47,4.44,35234016.0,157561104.0
2013-12-02,4.39,4.5,4.48,4.39,78202752.0,348377728.0
2013-11-29,4.4,4.42,4.38,4.37,21887060.0,95951264.0
2013-11-28,4.4,4.43,4.41,4.39,20580800.0,90739168.0
2013-11-27,4.37,4.44,4.39,4.36,20835684.0,91673808.0
2013-11-26,4.41,4.44,4.37,4.36,15249688.0,67133808.0
2013-11-25,4.43,4.46,4.41,4.41,14877944.0,65956504.0
2013-11-22,4.41,4.47,4.46,4.39,44689288.0,198410784.0
2013-11-21,4.36,4.42,4.41,4.33,37364232.0,163569008.0
2013-11-20,4.36,4.39,4.38,4.34,26358750.0,114962536.0
2013-11-19,4.37,4.38,4.34,4.32,28646862.0,124554088.0
2013-11-18,4.32,4.39,4.38,4.3,58311712.0,252607504.0
2013-11-15,4.32,4.35,4.32,4.28,31500532.0,136064896.0
2013-11-14,4.29,4.32,4.31,4.27,22497786.0,96671392.0
2013-11-13,4.31,4.32,4.28,4.27,20024722.0,85925400.0
2013-11-12,4.34,4.36,4.34,4.32,18989180.0,82417328.0
2013-11-11,4.3,4.36,4.34,4.29,25134002.0,108929288.0
2013-11-08,4.32,4.34,4.31,4.3,17634730.0,76299920.0
2013-11-07,4.3,4.33,4.32,4.27,28768228.0,123920024.0
2013-11-06,4.28,4.32,4.29,4.27,30244008.0,129710416.0
2013-11-05,4.28,4.32,4.31,4.26,30568776.0,131199000.0
2013-11-04,4.35,4.35,4.31,4.28,26069742.0,112547632.0
2013-11-01,4.29,4.34,4.32,4.27,30520430.0,131614688.0
2013-10-31,4.29,4.31,4.28,4.26,26596592.0,113958952.0
2013-10-30,4.27,4.29,4.28,4.24,20806870.0,88879848.0
2013-10-29,4.22,4.3,4.27,4.22,33205664.0,141611616.0
2013-10-28,4.21,4.25,4.21,4.2,16343855.0,69111376.0
2013-10-25,4.23,4.26,4.21,4.19,25976846.0,109805648.0
2013-10-24,4.26,4.26,4.23,4.23,24122130.0,102347216.0
2013-10-23,4.28,4.32,4.27,4.26,18712352.0,80225688.0
2013-10-22,4.3,4.3,4.27,4.26,10917495.0,46699440.0
2013-10-21,4.26,4.31,4.3,4.25,22787046.0,97540288.0
2013-10-18,4.27,4.28,4.27,4.25,11146776.0,47569896.0
2013-10-17,4.28,4.32,4.26,4.25,16818058.0,72154344.0
2013-10-16,4.25,4.28,4.26,4.25,18875062.0,80428160.0
2013-10-15,4.32,4.33,4.25,4.24,40617908.0,173309408.0
2013-10-14,4.35,4.4,4.32,4.31,26943240.0,117478272.0
2013-10-11,4.29,4.37,4.36,4.28,28890588.0,125434992.0
2013-10-10,4.29,4.3,4.27,4.26,12751544.0,54521752.0
2013-10-09,4.28,4.3,4.3,4.26,19812248.0,84824720.0
2013-10-08,4.29,4.3,4.29,4.25,27126460.0,115855232.0
2013-09-30,4.29,4.35,4.3,4.28,23211160.0,100183320.0
2013-09-27,4.27,4.29,4.28,4.26,14149089.0,60490564.0
2013-09-26,4.32,4.33,4.28,4.24,28176676.0,120238288.0
2013-09-25,4.35,4.37,4.33,4.32,15322903.0,66565640.0
2013-09-24,4.41,4.42,4.35,4.32,35902652.0,156241008.0
2013-09-23,4.42,4.44,4.42,4.4,20088112.0,88796864.0
2013-09-18,4.42,4.44,4.41,4.39,20169848.0,89175936.0
2013-09-17,4.45,4.49,4.4,4.4,26874928.0,119539576.0
2013-09-16,4.49,4.51,4.46,4.45,33576940.0,150737664.0
2013-09-13,4.5,4.54,4.46,4.45,34832784.0,156489008.0
2013-09-12,4.43,4.58,4.52,4.41,73986512.0,332628256.0
2013-09-11,4.45,4.48,4.43,4.41,47975024.0,213213008.0
2013-09-10,4.5,4.5,4.47,4.42,49960768.0,222175776.0
2013-09-09,4.31,4.6,4.53,4.3,116744304.0,522536032.0
2013-09-06,4.3,4.32,4.3,4.28,13348348.0,57376624.0
2013-09-05,4.29,4.31,4.3,4.28,13174559.0,56595568.0
2013-09-04,4.28,4.31,4.29,4.26,23336968.0,99990360.0
2013-09-03,4.26,4.3,4.29,4.23,26621000.0,113802392.0
2013-09-02,4.25,4.28,4.24,4.23,25434396.0,108152448.0
2013-08-30,4.24,4.25,4.25,4.21,19476470.0,82465688.0
2013-08-29,4.26,4.27,4.23,4.22,15237924.0,64610648.0
2013-08-28,4.28,4.28,4.24,4.24,18213636.0,77524672.0
2013-08-27,4.29,4.31,4.28,4.26,12684473.0,54315024.0
2013-08-26,4.28,4.31,4.3,4.26,18028986.0,77283176.0
2013-08-23,4.29,4.3,4.26,4.22,18629128.0,79365776.0
2013-08-22,4.29,4.32,4.28,4.26,15397923.0,66077016.0
2013-08-21,4.31,4.31,4.29,4.27,12760362.0,54748576.0
2013-08-20,4.32,4.35,4.29,4.29,20773132.0,89698720.0
2013-08-19,4.32,4.36,4.33,4.3,31658016.0,136936976.0
2013-08-16,4.34,4.54,4.36,4.31,54126792.0,238559936.0
2013-08-15,4.36,4.38,4.33,4.33,17854832.0,77759768.0
2013-08-14,4.37,4.4,4.35,4.34,19626718.0,85827200.0
2013-08-13,4.37,4.37,4.36,4.33,12886745.0,56125260.0
2013-08-12,4.31,4.37,4.36,4.29,24704056.0,107352448.0
2013-08-09,4.32,4.34,4.31,4.25,14539597.0,62423776.0
2013-08-08,4.32,4.35,4.31,4.29,12491259.0,53940312.0
2013-08-07,4.35,4.38,4.32,4.31,13830145.0,60118904.0
2013-08-06,4.35,4.39,4.35,4.32,16958782.0,73760472.0
2013-08-05,4.34,4.39,4.37,4.3,24095240.0,105004064.0
2013-08-02,4.34,4.36,4.33,4.3,15119596.0,65624860.0
2013-08-01,4.29,4.37,4.32,4.28,28629482.0,123680456.0
2013-07-31,4.28,4.3,4.29,4.25,17929060.0,76811040.0
2013-07-30,4.23,4.31,4.28,4.2,35259504.0,150186304.0
2013-07-29,4.25,4.26,4.21,4.17,24533620.0,103203952.0
2013-07-26,4.27,4.32,4.29,4.25,14934636.0,63992720.0
2013-07-25,4.32,4.34,4.28,4.27,15514469.0,66732416.0
2013-07-24,4.34,4.34,4.32,4.27,23345136.0,100525928.0
2013-07-23,4.35,4.4,4.34,4.31,31318720.0,136338144.0
2013-07-22,4.31,4.36,4.35,4.29,35318644.0,152728768.0
2013-07-19,4.34,4.37,4.36,4.26,42906356.0,185606784.0
2013-07-18,4.36,4.38,4.34,4.31,23010098.0,99542256.0
2013-07-17,4.44,4.44,4.37,4.36,24240100.0,106931616.0
2013-07-16,4.41,4.49,4.46,4.33,34507296.0,152077888.0
2013-07-15,4.49,4.51,4.43,4.42,27307386.0,121776296.0
2013-07-12,4.5,4.5,4.48,4.43,35155528.0,157048688.0
2013-07-11,4.39,4.55,4.52,4.36,48270624.0,215465712.0
2013-07-10,4.4,4.42,4.39,4.35,19284110.0,84464968.0
2013-07-09,4.36,4.43,4.41,4.35,21422288.0,94080008.0
2013-07-08,4.43,4.44,4.4,4.34,24247302.0,106241464.0
2013-07-05,4.36,4.5,4.46,4.3,44085728.0,192699104.0
2013-07-04,4.32,4.37,4.36,4.29,25392916.0,109962240.0
2013-07-03,4.31,4.38,4.34,4.26,44461868.0,191532784.0
2013-07-02,4.3,4.35,4.34,4.24,45492720.0,195472096.0
2013-07-01,4.14,4.31,4.3,4.1,76792040.0,323644416.0
2013-06-28,4.09,4.16,4.15,4.07,32704988.0,134615360.0
2013-06-27,4.04,4.12,4.08,4.03,48502448.0,197736352.0
2013-06-26,4.03,4.05,4.01,3.93,56156592.0,223257472.0
2013-06-25,3.95,4.01,3.99,3.9,56088568.0,221845760.0
2013-06-24,4.09,4.09,3.96,3.94,47989124.0,191655584.0
2013-06-21,4.24,4.24,4.08,4.0,72805040.0,299623904.0
2013-06-20,4.6,4.61,4.51,4.48,37752660.0,171032768.0
2013-06-19,4.64,4.65,4.6,4.59,30351220.0,139819440.0
2013-06-18,4.66,4.67,4.65,4.63,24145518.0,112149728.0
2013-06-17,4.69,4.69,4.63,4.63,23230016.0,108214176.0
2013-06-14,4.66,4.69,4.69,4.61,57356748.0,266495568.0
2013-06-13,4.71,4.72,4.67,4.45,71041296.0,328297632.0
2013-06-07,4.76,4.8,4.74,4.72,24415152.0,116299744.0
2013-06-06,4.78,4.79,4.75,4.75,15380835.0,73382064.0
2013-06-05,4.79,4.8,4.78,4.77,12755923.0,61096312.0
2013-06-04,4.81,4.82,4.79,4.77,27028848.0,129517872.0
2013-06-03,4.8,4.82,4.81,4.79,24437800.0,117482296.0
2013-05-31,4.83,4.85,4.8,4.8,12255629.0,59089904.0
2013-05-30,4.83,4.86,4.82,4.81,23163444.0,111836584.0
2013-05-29,4.86,4.89,4.84,4.82,25196828.0,122081480.0
2013-05-28,4.79,4.87,4.86,4.78,32418756.0,156298432.0
2013-05-27,4.77,4.82,4.79,4.76,27556576.0,132153216.0
2013-05-24,4.84,4.87,4.78,4.76,29336698.0,141088448.0
2013-05-23,4.85,4.87,4.81,4.79,26827460.0,129511760.0
2013-05-22,4.88,4.9,4.87,4.85,15151751.0,73818264.0
2013-05-21,4.9,4.92,4.88,4.86,15295395.0,74588344.0
2013-05-20,4.9,4.95,4.9,4.88,22422532.0,110406728.0
2013-05-17,4.81,4.92,4.9,4.79,33193850.0,161567344.0
2013-05-16,4.75,4.82,4.81,4.75,22254504.0,106579152.0
2013-05-15,4.76,4.79,4.76,4.75,14623038.0,69657448.0
2013-05-14,4.82,4.82,4.76,4.74,25990480.0,124211608.0
2013-05-13,4.84,4.85,4.82,4.81,16740744.0,80812152.0
2013-05-10,4.83,4.88,4.85,4.83,19933958.0,96696272.0
2013-05-09,4.86,4.88,4.85,4.83,24310952.0,117946208.0
2013-05-08,4.8,4.86,4.85,4.79,39121472.0,189555792.0
2013-05-07,4.79,4.81,4.79,4.78,27361284.0,131291160.0
2013-05-06,4.8,4.82,4.8,4.77,25732134.0,123439296.0
2013-05-03,4.73,4.84,4.8,4.72,41711400.0,200068368.0
2013-05-02,4.65,4.73,4.71,4.65,36156120.0,170012384.0
2013-04-26,4.7,4.7,4.65,4.65,22742004.0,106270912.0
2013-04-25,4.66,4.69,4.68,4.62,19359720.0,90180296.0
2013-04-24,4.66,4.7,4.65,4.6,18385704.0,85531184.0
2013-04-23,4.7,4.7,4.65,4.64,39868092.0,185837840.0
2013-04-22,4.67,4.7,4.69,4.66,32919144.0,154034816.0
2013-04-19,4.59,4.69,4.68,4.56,34078808.0,157968368.0
2013-04-18,4.58,4.63,4.56,4.56,37410816.0,171413840.0
2013-04-17,4.67,4.69,4.59,4.57,48352996.0,223493696.0
2013-04-16,4.69,4.71,4.68,4.66,45643332.0,213825184.0
2013-04-15,4.69,4.72,4.7,4.68,45925800.0,215564368.0
2013-04-12,4.69,4.7,4.69,4.67,19369452.0,90768888.0
2013-04-11,4.68,4.7,4.68,4.66,21467784.0,100585816.0
2013-04-10,4.67,4.68,4.66,4.64,17440664.0,81221712.0
2013-04-09,4.68,4.71,4.67,4.67,25148632.0,117842816.0
2013-04-08,4.61,4.68,4.67,4.58,42712356.0,198086400.0
2013-04-03,4.65,4.73,4.67,4.65,38530656.0,180799968.0
2013-04-02,4.59,4.65,4.64,4.57,31661872.0,145979584.0
2013-04-01,4.57,4.6,4.58,4.56,23339958.0,106813624.0
2013-03-29,4.57,4.59,4.58,4.56,21523278.0,98475928.0
2013-03-28,4.65,4.65,4.56,4.51,92186936.0,419559552.0
2013-03-27,4.7,4.77,4.68,4.66,46143768.0,217232544.0
2013-03-26,4.77,4.8,4.68,4.67,66077820.0,311931360.0
2013-03-25,4.76,4.81,4.79,4.75,67027864.0,320791904.0
2013-03-22,4.7,4.72,4.71,4.65,35705372.0,167610992.0
2013-03-21,4.7,4.76,4.7,4.67,55660904.0,262783872.0
2013-03-20,4.59,4.72,4.7,4.58,60468392.0,283317280.0
2013-03-19,4.55,4.64,4.58,4.55,31295160.0,143343456.0
2013-03-18,4.66,4.67,4.55,4.54,54151128.0,249387968.0
2013-03-15,4.6,4.72,4.69,4.58,69576488.0,325433920.0
2013-03-14,4.56,4.61,4.6,4.55,23784838.0,108920912.0
2013-03-13,4.56,4.58,4.57,4.54,25516640.0,116318016.0
2013-03-12,4.58,4.64,4.57,4.56,35134796.0,161533248.0
2013-03-11,4.6,4.61,4.58,4.55,25425866.0,116614648.0
2013-03-08,4.58,4.61,4.59,4.54,33952396.0,155326816.0
2013-03-07,4.65,4.66,4.57,4.53,53783868.0,247235248.0
2013-03-06,4.69,4.71,4.67,4.65,45046360.0,210568640.0
2013-03-05,4.58,4.71,4.67,4.56,42970812.0,198865216.0
2013-03-04,4.62,4.69,4.57,4.54,61463464.0,283116864.0
2013-03-01,4.73,4.77,4.7,4.65,38712528.0,182110384.0
2013-02-28,4.65,4.79,4.71,4.61,88872488.0,418206976.0
2013-02-27,4.59,4.64,4.63,4.58,33713976.0,155235664.0
2013-02-26,4.6,4.69,4.58,4.57,54144712.0,250975216.0
2013-02-25,4.61,4.66,4.62,4.6,29365456.0,135649472.0
2013-02-22,4.66,4.66,4.62,4.6,45691824.0,211249536.0
2013-02-21,4.78,4.78,4.67,4.62,82539064.0,385369376.0
2013-02-20,4.85,4.86,4.81,4.76,52678904.0,252809280.0
2013-02-19,4.88,4.91,4.84,4.82,45196456.0,219137888.0
2013-02-18,4.92,4.96,4.88,4.88,41367552.0,203418192.0
2013-02-08,4.88,4.94,4.9,4.87,50909088.0,249919712.0
2013-02-07,5.02,5.03,4.89,4.85,100231624.0,491642848.0
2013-02-06,5.01,5.06,5.02,4.98,45503180.0,228160864.0
2013-02-05,5.06,5.1,5.01,4.99,77224408.0,388428096.0
2013-02-04,5.05,5.19,5.08,5.05,108381392.0,554192576.0
2013-02-01,4.96,5.05,5.05,4.95,75767472.0,379756992.0
2013-01-31,4.92,5.02,4.97,4.89,129682272.0,644492992.0
2013-01-30,4.79,4.92,4.9,4.76,140615008.0,680736768.0
2013-01-29,4.8,4.8,4.78,4.75,75236208.0,359404448.0
2013-01-28,4.7,4.8,4.79,4.69,83265920.0,396114624.0
2013-01-25,4.73,4.76,4.69,4.69,47019412.0,221898528.0
2013-01-24,4.7,4.85,4.74,4.68,134460608.0,641877568.0
2013-01-23,4.65,4.71,4.69,4.62,46718960.0,217993040.0
2013-01-22,4.61,4.73,4.65,4.56,80415432.0,373819968.0
2013-01-21,4.65,4.66,4.62,4.56,56817372.0,261492720.0
2013-01-18,4.62,4.67,4.65,4.61,29933984.0,138918688.0
2013-01-17,4.65,4.66,4.61,4.56,50109092.0,229953376.0
2013-01-16,4.72,4.75,4.67,4.63,56986960.0,266809360.0
2013-01-15,4.75,4.78,4.73,4.7,58116520.0,275204992.0
2013-01-14,4.62,4.77,4.75,4.61,57522936.0,271163872.0
2013-01-11,4.63,4.64,4.63,4.58,48944236.0,226086368.0
2013-01-10,4.6,4.65,4.62,4.58,31889582.0,147017520.0
2013-01-09,4.64,4.67,4.6,4.57,41272412.0,190683024.0
2013-01-08,4.72,4.74,4.65,4.62,52082440.0,242711648.0
2013-01-07,4.69,4.74,4.73,4.68,40505416.0,191167872.0
2013-01-04,4.64,4.77,4.7,4.64,74139048.0,347513152.0
2012-12-31,4.53,4.63,4.6,4.53,53032364.0,243224272.0
2012-12-28,4.52,4.56,4.53,4.51,37234604.0,168622272.0
2012-12-27,4.57,4.59,4.51,4.51,30047712.0,136530224.0
2012-12-26,4.57,4.59,4.58,4.53,28505134.0,130133304.0
2012-12-25,4.42,4.61,4.58,4.4,63734456.0,290113920.0
2012-12-24,4.43,4.46,4.42,4.41,23403676.0,103838080.0
2012-12-21,4.52,4.52,4.41,4.4,34617896.0,154271712.0
2012-12-20,4.52,4.53,4.53,4.47,30391168.0,136623600.0
2012-12-19,4.52,4.56,4.53,4.51,34216564.0,155230736.0
2012-12-18,4.5,4.58,4.52,4.5,67001680.0,304788448.0
2012-12-17,4.51,4.55,4.5,4.47,59703688.0,268931296.0
2012-12-14,4.35,4.53,4.5,4.33,83994408.0,375085248.0
2012-12-13,4.38,4.39,4.34,4.32,24353358.0,106122656.0
2012-12-12,4.35,4.39,4.38,4.34,29053200.0,127041784.0
2012-12-11,4.34,4.37,4.35,4.33,26307656.0,114522232.0
2012-12-10,4.32,4.36,4.34,4.3,69896728.0,302666848.0
2012-12-07,4.29,4.36,4.3,4.28,62754592.0,270517920.0
2012-12-06,4.24,4.32,4.29,4.23,47927768.0,205605472.0
2012-12-05,4.16,4.26,4.25,4.15,45398936.0,191561072.0
2012-12-04,4.16,4.18,4.17,4.14,22738840.0,94505776.0
2012-12-03,4.15,4.18,4.17,4.13,20895448.0,86738640.0
2012-11-30,4.16,4.18,4.17,4.12,30365844.0,125816888.0
2012-11-29,4.19,4.2,4.16,4.15,19096590.0,79622344.0
2012-11-28,4.17,4.2,4.19,4.16,29465686.0,123079416.0
2012-11-27,4.15,4.19,4.18,4.14,26133132.0,108583056.0
2012-11-26,4.15,4.17,4.16,4.12,16076314.0,66543372.0
2012-11-23,4.15,4.18,4.15,4.14,15090079.0,62855128.0
2012-11-22,4.15,4.16,4.15,4.12,10664139.0,44159296.0
2012-11-21,4.16,4.18,4.17,4.1,30257204.0,125039736.0
2012-11-20,4.19,4.21,4.16,4.13,20602316.0,85628352.0
2012-11-19,4.19,4.21,4.21,4.13,18114854.0,75544776.0
2012-11-16,4.18,4.2,4.2,4.13,28951384.0,120281696.0
2012-11-15,4.27,4.29,4.18,4.17,28930656.0,122209856.0
2012-11-14,4.3,4.32,4.28,4.28,15025873.0,64478096.0
2012-11-13,4.31,4.34,4.32,4.25,54649872.0,234602848.0
2012-11-12,4.29,4.33,4.31,4.26,42719152.0,183909680.0
2012-11-09,4.26,4.31,4.29,4.23,45932076.0,195784432.0
2012-11-08,4.25,4.28,4.28,4.22,31113092.0,132300448.0
2012-11-07,4.23,4.27,4.26,4.22,11677359.0,49635944.0
2012-11-06,4.23,4.25,4.25,4.19,25332340.0,106932040.0
2012-11-05,4.24,4.25,4.23,4.21,17046352.0,72067424.0
2012-11-02,4.2,4.25,4.25,4.17,40477648.0,170394544.0
2012-11-01,4.14,4.2,4.19,4.13,19153976.0,80045944.0
2012-10-31,4.11,4.14,4.13,4.11,9701359.0,39997424.0
2012-10-30,4.13,4.14,4.13,4.1,14518346.0,59724024.0
2012-10-29,4.11,4.14,4.13,4.11,9472986.0,39061096.0
2012-10-26,4.15,4.18,4.13,4.1,16233560.0,67178592.0
2012-10-25,4.16,4.18,4.16,4.12,15133004.0,62905800.0
2012-10-24,4.17,4.19,4.16,4.15,11911840.0,49722128.0
2012-10-23,4.18,4.2,4.17,4.16,8516328.0,35613264.0
2012-10-22,4.16,4.2,4.18,4.13,18855248.0,78584552.0
2012-10-19,4.17,4.2,4.16,4.16,16269848.0,68124920.0
2012-10-18,4.19,4.21,4.19,4.16,22720844.0,95296304.0
2012-10-17,4.18,4.2,4.18,4.16,17692864.0,73985664.0
2012-10-16,4.14,4.18,4.18,4.12,25849020.0,107396592.0
2012-10-15,4.16,4.17,4.15,4.12,26139332.0,108404688.0
2012-10-12,4.07,4.15,4.14,4.06,44757828.0,184465408.0
2012-10-11,4.04,4.08,4.07,4.02,28256144.0,114686720.0
2012-10-10,4.05,4.06,4.06,4.02,18556112.0,74948272.0
2012-10-09,3.98,4.06,4.06,3.96,36235332.0,146336320.0
2012-10-08,3.97,3.99,3.98,3.94,40460688.0,160427584.0
2012-09-28,3.91,3.98,3.98,3.9,40057696.0,158203600.0
2012-09-27,3.84,4.0,3.92,3.83,37234400.0,145804896.0
2012-09-26,3.83,3.86,3.84,3.82,11410862.0,43890948.0
2012-09-25,3.85,3.86,3.83,3.82,8465743.0,32494044.0
2012-09-24,3.86,3.87,3.85,3.82,16218498.0,62277292.0
2012-09-21,3.86,3.9,3.87,3.85,18870396.0,73155232.0
2012-09-20,3.89,3.9,3.88,3.86,20826490.0,80707912.0
2012-09-19,3.91,3.92,3.9,3.88,16647355.0,64869616.0
2012-09-18,3.95,3.95,3.9,3.9,12337609.0,48344044.0
2012-09-17,3.99,3.99,3.94,3.94,12883422.0,51104368.0
2012-09-14,3.95,4.01,3.99,3.93,28325518.0,112752648.0
2012-09-13,3.92,3.96,3.93,3.92,9334651.0,36754048.0
2012-09-12,3.95,3.96,3.93,3.91,15773401.0,61971376.0
2012-09-11,3.97,3.97,3.94,3.92,16901708.0,66530328.0
2012-09-10,4.0,4.01,3.97,3.96,18349132.0,73060744.0
2012-09-07,3.91,4.03,4.01,3.89,37828288.0,150483232.0
2012-09-06,3.88,3.91,3.89,3.87,14953723.0,58073520.0
2012-09-05,3.9,3.9,3.88,3.86,19143740.0,74166472.0
2012-09-04,3.96,3.98,3.9,3.88,24698160.0,96894736.0
2012-09-03,4.02,4.02,3.98,3.96,19935020.0,79432592.0
2012-08-31,4.04,4.04,4.02,4.01,9536522.0,38367652.0
2012-08-30,4.0,4.05,4.05,4.0,18769168.0,75645496.0
2012-08-29,4.01,4.02,4.01,4.0,9581332.0,38423216.0
2012-08-28,3.99,4.03,4.02,3.98,11746923.0,47046540.0
2012-08-27,3.99,4.0,3.98,3.97,20473172.0,81726888.0
2012-08-24,3.98,4.0,3.98,3.97,17437682.0,69582928.0
2012-08-23,4.03,4.04,4.01,3.97,22850354.0,91446568.0
2012-08-22,4.05,4.06,4.03,4.01,11469948.0,46233780.0
2012-08-21,4.03,4.06,4.06,4.0,23703452.0,95528656.0
2012-08-20,4.01,4.04,4.04,3.99,10116421.0,40577664.0
2012-08-17,4.02,4.04,4.03,4.01,13532050.0,54505664.0
2012-08-16,4.02,4.03,4.02,4.0,8306188.0,33343692.0
2012-08-15,4.05,4.07,4.03,4.02,9286791.0,37462928.0
2012-08-14,4.07,4.08,4.06,4.05,12280249.0,49949168.0
2012-08-13,4.05,4.07,4.06,4.03,17052640.0,69140672.0
2012-08-10,4.06,4.07,4.05,4.04,9584358.0,38913148.0
2012-08-09,4.04,4.07,4.06,4.03,18851966.0,76402896.0
2012-08-08,4.01,4.06,4.04,4.01,20002900.0,80892400.0
2012-08-07,4.01,4.03,4.02,3.99,15317028.0,61446756.0
2012-08-06,4.02,4.04,4.02,4.0,18045206.0,72561376.0
2012-08-03,4.01,4.03,4.01,4.0,8230243.0,33069728.0
2012-08-02,4.01,4.03,4.01,3.99,12523591.0,50208660.0
2012-08-01,3.97,4.02,4.0,3.97,19897848.0,79740120.0
2012-07-31,3.95,3.98,3.97,3.93,15021483.0,59555836.0
2012-07-30,3.93,3.96,3.93,3.91,16776405.0,66176088.0
2012-07-27,3.88,3.93,3.93,3.87,15914035.0,62162056.0
2012-07-26,3.87,3.89,3.87,3.86,12254926.0,47439272.0
2012-07-25,3.9,3.91,3.87,3.87,11786684.0,45809376.0
2012-07-24,3.94,3.94,3.89,3.89,19801106.0,77416408.0
2012-07-23,3.99,4.0,3.94,3.93,16461018.0,64972512.0
2012-07-20,4.03,4.03,4.01,3.99,14569493.0,58337400.0
2012-07-19,4.02,4.04,4.03,4.0,15593233.0,62702356.0
2012-07-18,4.01,4.03,4.01,3.99,13532391.0,54262288.0
2012-07-17,4.0,4.03,4.02,4.0,11367381.0,45673088.0
2012-07-16,4.04,4.04,4.0,3.99,15587320.0,62522856.0
2012-07-13,4.01,4.04,4.03,4.01,12971373.0,52150024.0
2012-07-12,4.05,4.06,4.01,3.98,37308008.0,149448736.0
2012-07-11,4.1,4.1,4.05,4.05,15710019.0,63955400.0
2012-07-10,4.11,4.13,4.1,4.09,9666895.0,39706100.0
2012-07-09,4.16,4.18,4.11,4.1,19301756.0,79982592.0
2012-07-06,4.16,4.17,4.16,4.12,21703272.0,89963832.0
2012-07-05,4.2,4.2,4.19,4.17,11064244.0,46261612.0
2012-07-04,4.18,4.21,4.2,4.18,9080243.0,38105272.0
2012-07-03,4.18,4.2,4.18,4.17,10427227.0,43636604.0
2012-07-02,4.21,4.21,4.18,4.17,15183073.0,63463732.0
2012-06-29,4.17,4.22,4.2,4.16,19564040.0,81966248.0
2012-06-28,4.21,4.21,4.17,4.16,13264949.0,55475848.0
2012-06-27,4.21,4.22,4.21,4.18,17752114.0,74505984.0
2012-06-26,4.22,4.23,4.21,4.2,16923792.0,71358160.0
2012-06-25,4.25,4.26,4.22,4.22,20792840.0,88141248.0
2012-06-21,4.53,4.53,4.52,4.49,34754476.0,156662640.0
2012-06-20,4.51,4.53,4.53,4.5,23354744.0,105610480.0
2012-06-19,4.49,4.51,4.51,4.48,17612176.0,79214496.0
2012-06-18,4.49,4.5,4.5,4.47,21878774.0,98190960.0
2012-06-15,4.43,4.49,4.48,4.42,23683752.0,105466688.0
2012-06-14,4.43,4.43,4.42,4.41,14307595.0,63184496.0
2012-06-13,4.43,4.44,4.44,4.41,15719340.0,69575456.0
2012-06-12,4.44,4.45,4.42,4.41,16348658.0,72321984.0
2012-06-11,4.44,4.48,4.45,4.43,17852088.0,79533456.0
2012-06-08,4.49,4.49,4.45,4.38,61840452.0,274204800.0
2012-06-06,4.46,4.51,4.49,4.46,26305680.0,118088184.0
2012-06-05,4.44,4.48,4.46,4.44,27285296.0,121726632.0
2012-06-04,4.47,4.47,4.44,4.44,27793320.0,123823112.0
2012-06-01,4.5,4.51,4.49,4.48,19840954.0,89277456.0
2012-05-31,4.49,4.5,4.49,4.47,26298640.0,117827320.0
2012-05-30,4.52,4.53,4.5,4.48,46130756.0,207531744.0
2012-05-29,4.49,4.54,4.53,4.48,37737652.0,170052528.0
2012-05-28,4.48,4.51,4.5,4.47,34034864.0,152475680.0
2012-05-25,4.49,4.51,4.48,4.47,20640240.0,92604600.0
2012-05-24,4.51,4.51,4.49,4.48,19964848.0,89805648.0
2012-05-23,4.54,4.54,4.5,4.5,20078266.0,90578800.0
2012-05-22,4.53,4.54,4.54,4.52,23584976.0,106950000.0
2012-05-21,4.5,4.53,4.52,4.49,18576626.0,83867448.0
2012-05-18,4.52,4.53,4.5,4.48,43243956.0,194723120.0
2012-05-17,4.51,4.56,4.53,4.51,35638936.0,161477904.0
2012-05-16,4.6,4.6,4.51,4.49,75866304.0,343121280.0
2012-05-15,4.61,4.63,4.59,4.57,30282482.0,139009680.0
2012-05-14,4.7,4.71,4.61,4.61,43025692.0,200125824.0
2012-05-11,4.68,4.7,4.68,4.67,20557192.0,96216136.0
2012-05-10,4.72,4.72,4.69,4.67,55060492.0,258242928.0
2012-05-09,4.73,4.75,4.71,4.7,57951856.0,273734176.0
2012-05-08,4.75,4.76,4.75,4.73,44472300.0,210902304.0
2012-05-07,4.75,4.77,4.76,4.73,52394832.0,248653744.0
2012-05-04,4.73,4.77,4.76,4.72,51893000.0,246555472.0
2012-05-03,4.78,4.79,4.73,4.72,35823240.0,170106160.0
2012-05-02,4.81,4.82,4.77,4.77,110504320.0,529762368.0
2012-04-27,4.78,4.81,4.79,4.78,23677624.0,113424136.0
2012-04-26,4.81,4.82,4.79,4.77,22525582.0,107847624.0
2012-04-25,4.76,4.83,4.81,4.75,42833356.0,205319296.0
2012-04-24,4.73,4.85,4.77,4.72,86371136.0,412325536.0
2012-04-23,4.74,4.75,4.73,4.72,24022180.0,113828472.0
2012-04-20,4.71,4.75,4.74,4.69,48709880.0,230275440.0
2012-04-19,4.73,4.74,4.72,4.7,27796758.0,130979904.0
2012-04-18,4.7,4.75,4.74,4.68,28311152.0,133811736.0
2012-04-17,4.72,4.73,4.68,4.67,29281988.0,137571488.0
2012-04-16,4.73,4.75,4.73,4.71,12573560.0,59439044.0
2012-04-13,4.75,4.76,4.74,4.71,29551792.0,139951136.0
2012-04-12,4.7,4.76,4.76,4.68,43044520.0,202938688.0
2012-04-11,4.73,4.73,4.7,4.68,28985536.0,136257616.0
2012-04-10,4.67,4.75,4.74,4.67,30760780.0,145241728.0
2012-04-09,4.72,4.74,4.67,4.67,31719112.0,149100896.0
2012-04-06,4.78,4.79,4.73,4.72,59553524.0,282042368.0
2012-04-05,4.8,4.8,4.79,4.74,59332028.0,282758528.0
2012-03-30,4.74,4.83,4.83,4.74,46510424.0,222879680.0
2012-03-29,4.73,4.76,4.75,4.7,32864924.0,155329616.0
2012-03-28,4.74,4.77,4.74,4.73,35397304.0,168111504.0
2012-03-27,4.72,4.75,4.74,4.71,27197424.0,128704064.0
2012-03-26,4.71,4.74,4.7,4.7,25102574.0,118353552.0
2012-03-23,4.71,4.74,4.7,4.69,29148856.0,137391904.0
2012-03-22,4.73,4.74,4.71,4.69,23250004.0,109479384.0
2012-03-21,4.72,4.74,4.72,4.7,24729940.0,116778720.0
2012-03-20,4.74,4.75,4.7,4.69,27916444.0,131744760.0
2012-03-19,4.75,4.76,4.74,4.73,25395102.0,120484912.0
2012-03-16,4.78,4.78,4.75,4.74,25274000.0,120409552.0
2012-03-15,4.76,4.84,4.74,4.72,86249472.0,413975328.0
2012-03-14,4.79,4.85,4.76,4.74,93386184.0,447595936.0
2012-03-13,4.74,4.79,4.78,4.74,34918584.0,166654080.0
2012-03-12,4.75,4.76,4.75,4.73,54296200.0,257473856.0
2012-03-09,4.79,4.8,4.77,4.73,54657000.0,259700304.0
2012-03-08,4.79,4.81,4.78,4.77,32432108.0,155293296.0
2012-03-07,4.79,4.82,4.78,4.77,30528152.0,146391360.0
2012-03-06,4.84,4.84,4.81,4.8,40742496.0,196216208.0
2012-03-05,4.89,4.9,4.84,4.83,29936776.0,145713520.0
2012-03-02,4.87,4.91,4.89,4.86,26469606.0,129319656.0
2012-03-01,4.88,4.89,4.86,4.86,17151928.0,83601944.0
2012-02-29,4.91,4.91,4.88,4.88,19229992.0,94091464.0
2012-02-28,4.9,4.94,4.91,4.88,45846768.0,225443728.0
2012-02-27,4.89,4.92,4.89,4.88,52508608.0,256810400.0
2012-02-24,4.85,4.88,4.88,4.84,29827280.0,144904128.0
2012-02-23,4.87,4.87,4.85,4.84,31177670.0,151336064.0
2012-02-22,4.88,4.89,4.87,4.83,30533476.0,148308720.0
2012-02-21,4.87,4.89,4.88,4.84,28072356.0,136529968.0
2012-02-20,4.91,4.91,4.85,4.84,30215444.0,147351232.0
2012-02-17,4.86,4.87,4.87,4.83,23158324.0,112484488.0
2012-02-16,4.83,4.87,4.84,4.81,39019180.0,188929696.0
2012-02-15,4.8,4.86,4.85,4.79,36726748.0,177121504.0
2012-02-14,4.86,4.86,4.82,4.8,37101528.0,178853344.0
2012-02-13,4.87,4.89,4.86,4.85,20986428.0,102075760.0
2012-02-10,4.91,4.95,4.89,4.88,32998468.0,161997664.0
2012-02-09,4.88,4.94,4.93,4.84,72299200.0,354065376.0
2012-02-08,4.82,4.9,4.88,4.81,29042728.0,140886144.0
2012-02-07,4.85,4.86,4.82,4.78,19888956.0,95792576.0
2012-02-06,4.89,4.91,4.87,4.84,26045284.0,126916328.0
2012-02-03,4.83,4.93,4.89,4.82,41690908.0,203259408.0
2012-02-02,4.76,4.86,4.85,4.75,22517820.0,108397432.0
2012-02-01,4.77,4.79,4.74,4.73,17160404.0,81696240.0
2012-01-31,4.76,4.8,4.77,4.75,14521850.0,69407264.0
2012-01-30,4.88,4.91,4.74,4.74,40830916.0,196351168.0
2012-01-20,4.89,4.9,4.88,4.84,28215940.0,137558352.0
2012-01-19,4.81,4.93,4.85,4.81,31868420.0,155167120.0
2012-01-18,4.82,4.85,4.81,4.8,22846758.0,110001296.0
2012-01-17,4.76,4.85,4.84,4.72,28293270.0,135447936.0
2012-01-13,4.78,4.8,4.77,4.75,21592332.0,103183656.0
2012-01-12,4.77,4.8,4.77,4.72,24197816.0,115344664.0
2012-01-11,4.78,4.8,4.77,4.74,31390428.0,149646448.0
2012-01-10,4.74,4.8,4.78,4.71,30075872.0,143106048.0
2012-01-09,4.66,4.79,4.74,4.61,72976960.0,343805248.0
2012-01-06,4.57,4.66,4.65,4.55,66224096.0,305372736.0
2012-01-05,4.51,4.61,4.58,4.5,80458280.0,367011104.0
2012-01-04,4.56,4.59,4.5,4.48,41436984.0,187980848.0
2011-12-30,4.53,4.58,4.54,4.51,68086848.0,309021504.0
2011-12-29,4.5,4.57,4.51,4.5,42919520.0,194378320.0
2011-12-28,4.49,4.53,4.52,4.47,28636508.0,128765616.0
2011-12-27,4.52,4.54,4.5,4.48,32655244.0,146943888.0
2011-12-26,4.54,4.55,4.54,4.49,32882258.0,148263808.0
2011-12-23,4.53,4.58,4.56,4.51,40159436.0,182724048.0
2011-12-22,4.52,4.55,4.53,4.48,49850388.0,225034176.0
2011-12-21,4.58,4.6,4.52,4.5,32790670.0,148964064.0
2011-12-20,4.59,4.63,4.56,4.54,23193072.0,106147024.0
2011-12-19,4.64,4.65,4.62,4.48,32331940.0,147581952.0
2011-12-16,4.63,4.67,4.66,4.59,41900536.0,194378144.0
2011-12-15,4.66,4.71,4.64,4.62,16631280.0,77498672.0
2011-12-14,4.71,4.72,4.67,4.67,9754820.0,45809744.0
2011-12-13,4.72,4.78,4.71,4.69,19568404.0,92620104.0
2011-12-12,4.75,4.78,4.73,4.73,8304339.0,39471916.0
2011-12-09,4.75,4.79,4.77,4.74,8819338.0,42109484.0
2011-12-08,4.79,4.81,4.76,4.75,11858131.0,56652400.0
2011-12-07,4.8,4.82,4.77,4.76,8882461.0,42507288.0
2011-12-06,4.81,4.85,4.79,4.78,13040298.0,62857884.0
2011-12-05,4.75,4.86,4.83,4.75,39020360.0,188061280.0
2011-12-02,4.77,4.81,4.75,4.74,16240991.0,77474808.0
2011-12-01,4.75,4.89,4.77,4.7,44548408.0,214123088.0
2011-11-30,4.71,4.73,4.69,4.64,29405306.0,137798480.0
2011-11-29,4.73,4.75,4.73,4.7,8997859.0,42507644.0
2011-11-28,4.73,4.79,4.71,4.7,10777503.0,51119564.0
2011-11-25,4.75,4.77,4.73,4.72,10993228.0,52147344.0
2011-11-24,4.7,4.79,4.75,4.7,19826288.0,94188280.0
2011-11-23,4.69,4.73,4.72,4.66,17593112.0,82543536.0
2011-11-22,4.71,4.75,4.68,4.68,9727056.0,45788712.0
2011-11-21,4.72,4.75,4.71,4.7,7929327.0,37374040.0
2011-11-18,4.74,4.8,4.72,4.72,14387632.0,68319912.0
2011-11-17,4.75,4.8,4.76,4.73,10276375.0,49123968.0
2011-11-16,4.84,4.84,4.75,4.73,19922542.0,95306488.0
2011-11-15,4.84,4.86,4.84,4.82,15425171.0,74663400.0
2011-11-14,4.8,4.89,4.86,4.78,15434556.0,74785872.0
2011-11-11,4.76,4.82,4.78,4.75,21381804.0,102549568.0
2011-11-10,4.85,4.87,4.74,4.72,57495912.0,274634272.0
2011-11-09,4.9,4.91,4.88,4.86,15490980.0,75677728.0
2011-11-08,4.87,4.91,4.88,4.85,21489924.0,105078136.0
2011-11-07,4.86,4.9,4.86,4.84,15706453.0,76546424.0
2011-11-04,4.9,4.92,4.89,4.86,29547510.0,144608208.0
2011-11-03,4.9,4.92,4.87,4.86,24006390.0,117499928.0
2011-11-02,4.82,4.9,4.9,4.81,34455064.0,167155936.0
2011-11-01,4.81,4.87,4.85,4.8,30056266.0,145885664.0
2011-10-31,4.78,4.85,4.82,4.78,48346228.0,233522544.0
2011-10-28,4.83,4.86,4.8,4.76,30270964.0,145628608.0
2011-10-27,4.73,4.81,4.8,4.73,35504732.0,170303408.0
2011-10-26,4.73,4.78,4.74,4.72,34453320.0,163784848.0
2011-10-25,4.64,4.75,4.74,4.63,40401072.0,190032640.0
2011-10-24,4.57,4.67,4.65,4.56,18886386.0,87380656.0
2011-10-21,4.54,4.6,4.58,4.54,15437398.0,70729488.0
2011-10-20,4.61,4.65,4.56,4.51,27911608.0,127901664.0
2011-10-19,4.63,4.69,4.64,4.62,21772944.0,101371680.0
2011-10-18,4.61,4.66,4.65,4.59,42413168.0,196291424.0
2011-10-17,4.61,4.65,4.64,4.58,21605782.0,99795152.0
2011-10-14,4.58,4.62,4.62,4.55,22397600.0,102723520.0
2011-10-13,4.57,4.61,4.6,4.52,45172276.0,205659056.0
2011-10-12,4.48,4.63,4.59,4.46,44842868.0,205642720.0
2011-10-11,4.55,4.6,4.52,4.42,68500648.0,311248544.0
2011-10-10,4.42,4.43,4.41,4.39,20116388.0,88684480.0
2011-09-30,4.37,4.5,4.4,4.37,33736168.0,148923536.0
2011-09-29,4.33,4.4,4.37,4.32,15282511.0,66703816.0
2011-09-28,4.39,4.41,4.35,4.33,11892145.0,51862400.0
2011-09-27,4.36,4.41,4.38,4.34,16915422.0,74031440.0
2011-09-26,4.41,4.44,4.34,4.33,18302586.0,80069688.0
2011-09-23,4.42,4.5,4.43,4.38,25441518.0,112502864.0
2011-09-22,4.5,4.52,4.44,4.44,16554208.0,74180560.0
2011-09-21,4.48,4.55,4.53,4.46,19567048.0,88536216.0
2011-09-20,4.47,4.5,4.48,4.45,7709994.0,34566796.0
2011-09-19,4.49,4.5,4.47,4.46,9597004.0,42906636.0
2011-09-16,4.52,4.55,4.51,4.47,13085612.0,59036564.0
2011-09-15,4.53,4.55,4.49,4.49,13339928.0,60239100.0
2011-09-14,4.54,4.55,4.54,4.48,14798037.0,66838220.0
2011-09-13,4.54,4.54,4.53,4.51,11977491.0,54211720.0
2011-09-09,4.57,4.61,4.57,4.55,13998255.0,64125960.0
2011-09-08,4.54,4.58,4.55,4.52,17195572.0,78353568.0
2011-09-07,4.5,4.55,4.54,4.5,13934750.0,63114120.0
2011-09-06,4.48,4.52,4.5,4.45,11090761.0,49802452.0
2011-09-05,4.5,4.52,4.49,4.46,13942234.0,62531064.0
2011-09-02,4.57,4.58,4.53,4.52,9546122.0,43394844.0
2011-09-01,4.58,4.6,4.57,4.54,11770446.0,53871620.0
2011-08-31,4.53,4.6,4.59,4.51,18954140.0,86470016.0
2011-08-30,4.54,4.6,4.54,4.52,23766212.0,108355920.0
2011-08-29,4.54,4.54,4.5,4.48,16741656.0,75374024.0
2011-08-26,4.6,4.61,4.56,4.52,37286344.0,169947056.0
2011-08-25,4.5,4.62,4.61,4.48,32852500.0,150259360.0
2011-08-24,4.49,4.51,4.49,4.47,15514572.0,69710928.0
2011-08-23,4.45,4.5,4.48,4.42,14208117.0,63477396.0
2011-08-22,4.5,4.52,4.45,4.43,16994542.0,75979320.0
2011-08-19,4.48,4.55,4.49,4.47,23883396.0,107526616.0
2011-08-17,4.56,4.59,4.57,4.56,10808556.0,49495952.0
2011-08-16,4.58,4.63,4.55,4.55,17817124.0,81600280.0
2011-08-15,4.53,4.6,4.58,4.5,23778488.0,108311608.0
2011-08-12,4.55,4.56,4.53,4.51,12753023.0,57750800.0
2011-08-11,4.47,4.55,4.54,4.45,24347466.0,109783728.0
2011-08-10,4.62,4.62,4.51,4.51,31350736.0,142694032.0
2011-08-09,4.43,4.51,4.51,4.33,49294732.0,217593072.0
2011-08-08,4.5,4.57,4.49,4.45,47730492.0,214595264.0
2011-08-05,4.57,4.57,4.53,4.52,23195518.0,105426088.0
2011-08-04,4.65,4.67,4.62,4.62,7309862.0,33943012.0
2011-08-03,4.65,4.68,4.63,4.61,15391560.0,71487960.0
2011-08-02,4.69,4.7,4.67,4.65,13125955.0,61197252.0
2011-08-01,4.73,4.73,4.71,4.69,12550018.0,59169272.0
2011-07-29,4.67,4.78,4.71,4.65,32722426.0,153835520.0
2011-07-28,4.68,4.7,4.66,4.64,20962656.0,97838992.0
2011-07-27,4.72,4.75,4.71,4.68,22174964.0,104230344.0
2011-07-26,4.74,4.77,4.73,4.72,10773750.0,51093428.0
2011-07-25,4.8,4.81,4.74,4.72,31147868.0,148463168.0
2011-07-22,4.86,4.87,4.81,4.81,16382515.0,79166992.0
2011-07-21,4.89,4.89,4.87,4.83,33482592.0,163053120.0
2011-07-20,4.88,4.91,4.88,4.85,27779490.0,135621616.0
2011-07-19,4.87,4.9,4.88,4.85,27792752.0,135621824.0
2011-07-18,4.89,4.92,4.9,4.85,30304694.0,148045872.0
2011-07-15,4.87,4.9,4.89,4.84,34437260.0,167779664.0
2011-07-14,4.85,4.9,4.87,4.81,63675256.0,308919808.0
2011-07-13,4.78,4.86,4.84,4.77,63032948.0,303745184.0
2011-07-12,4.8,4.81,4.77,4.75,33641096.0,160765216.0
2011-07-11,4.83,4.84,4.82,4.81,26896916.0,129893440.0
2011-07-08,4.83,4.86,4.84,4.8,26127856.0,126231272.0
2011-07-07,4.85,4.88,4.83,4.82,30133908.0,146096720.0
2011-07-06,4.89,4.9,4.83,4.82,43150656.0,208999840.0
2011-07-05,4.95,4.95,4.9,4.89,30213782.0,148366144.0
2011-07-04,4.95,4.97,4.95,4.92,30463416.0,150606256.0
2011-07-01,4.95,5.0,4.92,4.91,21869996.0,107943256.0
2011-06-30,4.94,5.01,4.94,4.92,37061160.0,184233184.0
2011-06-29,4.99,4.99,4.95,4.9,56057712.0,277011712.0
2011-06-28,5.02,5.02,4.99,4.96,34249964.0,170795168.0
2011-06-27,4.94,5.06,5.0,4.92,99461272.0,496408448.0
2011-06-24,4.84,4.97,4.96,4.8,71005696.0,347311744.0
2011-06-23,4.99,5.06,5.06,4.97,83312512.0,418124416.0
2011-06-22,4.95,5.01,4.99,4.93,47932192.0,238412512.0
2011-06-21,4.93,4.98,4.94,4.92,49897672.0,247023856.0
2011-06-20,4.92,4.95,4.92,4.9,31655532.0,156116128.0
2011-06-17,4.89,4.95,4.92,4.87,23243508.0,114373472.0
2011-06-16,4.88,4.9,4.87,4.86,33641940.0,164083120.0
2011-06-15,4.9,4.93,4.9,4.89,34432784.0,169157584.0
2011-06-14,4.93,4.96,4.91,4.9,37037404.0,182585344.0
2011-06-13,4.9,4.94,4.93,4.87,25591508.0,125546800.0
2011-06-10,4.88,4.95,4.91,4.86,45056664.0,221230256.0
2011-06-08,4.95,4.97,4.93,4.85,48083440.0,235072464.0
2011-06-07,4.92,4.99,4.95,4.92,33715144.0,167098592.0
2011-06-03,4.87,4.96,4.95,4.87,34748884.0,171540720.0
2011-06-02,5.0,5.01,4.88,4.83,51489392.0,252693648.0
2011-06-01,5.04,5.07,5.05,5.01,53117892.0,267735088.0
2011-05-31,5.0,5.09,5.04,4.96,53141936.0,267069840.0
2011-05-30,4.94,5.03,5.0,4.93,43880428.0,218935472.0
2011-05-27,4.96,4.99,4.93,4.92,31180934.0,154520752.0
2011-05-26,4.94,4.97,4.96,4.93,28712890.0,142279840.0
2011-05-25,4.97,4.97,4.91,4.9,25696936.0,126541712.0
2011-05-24,5.0,5.04,4.97,4.97,32710140.0,163076688.0
2011-05-23,5.11,5.13,4.99,4.97,63930408.0,322411104.0
2011-05-20,5.12,5.16,5.12,5.11,28107896.0,144304864.0
2011-05-19,5.12,5.14,5.12,5.09,21616904.0,110715216.0
2011-05-18,5.07,5.12,5.1,5.06,19154080.0,97640384.0
2011-05-17,5.07,5.09,5.06,5.04,34190284.0,173208000.0
2011-05-16,5.1,5.15,5.07,5.06,44402124.0,226243056.0
2011-05-13,5.09,5.14,5.12,5.05,33800792.0,172344304.0
2011-05-12,5.11,5.14,5.07,5.06,31276696.0,159242640.0
2011-05-11,5.15,5.18,5.13,5.11,17121172.0,88163672.0
2011-05-10,5.11,5.16,5.14,5.09,14651815.0,75177320.0
2011-05-09,5.13,5.18,5.1,5.09,22720940.0,116637544.0
2011-05-06,5.15,5.19,5.14,5.13,27698064.0,142894608.0
2011-05-05,5.1,5.2,5.19,5.05,65420264.0,335745408.0
2011-05-04,5.17,5.21,5.12,5.11,41865308.0,216258544.0
2011-05-03,5.19,5.25,5.2,5.18,44423500.0,231747296.0
2011-04-29,5.21,5.23,5.21,5.09,57975984.0,300687040.0
2011-04-28,5.19,5.28,5.19,5.16,40512212.0,211434576.0
2011-04-27,5.15,5.2,5.16,5.14,36383392.0,188160976.0
2011-04-26,5.13,5.17,5.12,5.12,27427430.0,141162592.0
2011-04-25,5.14,5.17,5.15,5.09,43460256.0,223279520.0
2011-04-22,5.26,5.26,5.18,5.13,35484352.0,183978208.0
2011-04-21,5.26,5.29,5.24,5.22,29552236.0,155304832.0
2011-04-20,5.26,5.31,5.23,5.22,66238680.0,349373664.0
2011-04-19,5.3,5.31,5.23,5.23,59303408.0,312676960.0
2011-04-18,5.26,5.34,5.34,5.24,95300224.0,506259808.0
2011-04-15,5.21,5.3,5.28,5.19,73537008.0,387512288.0
2011-04-14,5.18,5.25,5.22,5.17,95988456.0,501645760.0
2011-04-13,5.11,5.18,5.17,5.06,57664304.0,295322752.0
2011-04-12,5.12,5.14,5.12,5.08,57793060.0,295728256.0
2011-04-11,5.11,5.16,5.13,5.1,62312552.0,320045888.0
2011-04-08,5.08,5.11,5.1,5.05,46978196.0,238543184.0
2011-04-07,5.11,5.12,5.09,5.07,43172012.0,219627696.0
2011-04-06,5.03,5.12,5.09,5.02,84099768.0,428135616.0
2011-04-01,4.97,5.04,5.01,4.96,33876084.0,169727856.0
2011-03-31,5.03,5.03,4.97,4.96,40034776.0,199775760.0
2011-03-30,5.02,5.05,5.03,4.97,63465404.0,318301280.0
2011-03-29,5.02,5.09,5.02,5.0,83065080.0,418736704.0
2011-03-28,5.06,5.08,5.03,5.01,76361520.0,384251008.0
2011-03-25,5.02,5.07,5.04,5.0,72289232.0,364603840.0
2011-03-24,4.97,5.01,4.99,4.96,48622136.0,242725040.0
2011-03-23,4.91,4.98,4.97,4.91,38822232.0,192570096.0
2011-03-22,4.91,4.95,4.92,4.88,29738596.0,146314096.0
2011-03-21,4.86,4.9,4.89,4.84,32885622.0,160298656.0
2011-03-18,4.9,4.92,4.86,4.85,43271504.0,211014960.0
2011-03-17,4.85,4.9,4.89,4.84,37646852.0,183546768.0
2011-03-16,4.85,4.9,4.89,4.85,34968032.0,170407072.0
2011-03-15,4.86,4.88,4.86,4.79,57739672.0,278584544.0
2011-03-14,4.89,4.93,4.89,4.86,38716876.0,189092000.0
2011-03-11,4.92,4.95,4.9,4.89,30592652.0,150683632.0
2011-03-10,4.98,4.99,4.94,4.9,58049920.0,286761952.0
2011-03-09,5.02,5.03,4.99,4.99,34501264.0,172655536.0
2011-03-08,4.99,5.03,5.0,4.98,43780088.0,219115312.0
2011-03-07,4.97,5.01,4.99,4.95,62994944.0,314195840.0
2011-03-04,4.93,4.99,4.96,4.89,48261468.0,238695008.0
2011-03-03,4.88,5.02,4.94,4.86,124338312.0,615437952.0
2011-03-02,4.83,4.91,4.87,4.82,39058288.0,190137264.0
2011-03-01,4.84,4.87,4.85,4.82,30696650.0,148756128.0
2011-02-28,4.86,4.87,4.82,4.81,46769484.0,225861984.0
2011-02-25,4.85,4.88,4.88,4.78,62176588.0,300856192.0
2011-02-24,4.83,4.87,4.85,4.81,43184632.0,209092064.0
2011-02-23,4.84,4.9,4.85,4.83,73550088.0,357467200.0
2011-02-22,4.89,4.89,4.85,4.82,61950912.0,300320000.0
2011-02-21,4.87,4.91,4.9,4.79,91381536.0,444081248.0
2011-02-18,4.9,4.92,4.9,4.86,78490632.0,383772832.0
2011-02-17,4.9,4.93,4.9,4.87,83146984.0,407217536.0
2011-02-16,4.92,4.96,4.9,4.87,104855704.0,513434240.0
2011-02-15,4.95,4.98,4.94,4.91,96839840.0,478846432.0
2011-02-14,4.86,4.96,4.95,4.86,101244744.0,498104576.0
2011-02-11,4.85,4.88,4.88,4.83,69024888.0,335034944.0
2011-02-10,4.81,4.87,4.86,4.79,53701984.0,259773312.0
2011-02-09,4.78,4.85,4.81,4.77,41607892.0,199979104.0
2011-02-01,4.78,4.85,4.82,4.76,39967460.0,192563088.0
2011-01-31,4.66,4.81,4.8,4.64,85849248.0,407963360.0
2011-01-28,4.67,4.69,4.66,4.64,37594132.0,175042512.0
2011-01-27,4.63,4.72,4.71,4.59,56738276.0,264001232.0
2011-01-26,4.66,4.68,4.66,4.63,30282212.0,140994544.0
2011-01-25,4.67,4.67,4.65,4.6,54739720.0,253512400.0
2011-01-24,4.72,4.74,4.67,4.64,46396152.0,216804144.0
2011-01-21,4.66,4.82,4.72,4.65,44224536.0,209901632.0
2011-01-20,4.77,4.77,4.66,4.65,29986608.0,140804288.0
2011-01-19,4.74,4.79,4.77,4.71,25088768.0,119215816.0
2011-01-18,4.71,4.79,4.74,4.69,44220576.0,210128096.0
2011-01-17,4.87,4.88,4.71,4.69,54372748.0,259496944.0
2011-01-14,4.91,4.94,4.91,4.87,57322560.0,281081856.0
2011-01-13,4.86,4.93,4.92,4.86,72154752.0,353324768.0
2011-01-12,4.84,4.89,4.85,4.8,50733928.0,246083680.0
2011-01-11,4.74,4.84,4.84,4.72,69903576.0,335537472.0
2011-01-10,4.71,4.83,4.77,4.71,97981048.0,468631776.0
2011-01-07,4.59,4.8,4.73,4.58,141485728.0,667261696.0
2011-01-06,4.67,4.71,4.58,4.58,66005928.0,306233216.0
2011-01-05,4.64,4.69,4.65,4.63,50936848.0,237471200.0
2011-01-04,4.64,4.69,4.66,4.59,76217400.0,353887712.0
