date,open,high,close,low,volume,price_change,p_change,ma5,ma10,ma20,v_ma5,v_ma10,v_ma20
2015-12-31,3570.47,3580.6,3539.18,3538.35,1769636.62,-33.7,-0.94,3567.498,3595.927,3549.05,2031679.17,2376562.56,2266594.41
2015-12-30,3566.73,3573.68,3572.88,3538.11,1878896.12,9.14,0.26,3582.16,3600.009,3551.332,2133322.3,2483455.37,2318668.21
2015-12-29,3528.4,3564.17,3563.74,3515.52,1825519.25,29.96,0.85,3594.802,3594.34,3549.533,2353946.67,2489048.07,2375469.14
2015-12-28,3635.77,3641.59,3533.78,3533.78,2699832.75,-94.13,-2.6,3612.408,3589.001,3544.161,2511200.37,2506967.49,2410388.55
2015-12-25,3614.05,3635.26,3627.91,3601.74,1984511.12,15.42,0.43,3634.146,3587.69,3539.742,2570932.37,2452358.84,2427495.86
2015-12-24,3631.31,3640.22,3612.49,3572.28,2277852.25,-23.6,-0.65,3624.356,3568.357,3530.162,2721445.95,2436816.6,2505414.07
2015-12-23,3653.28,3684.57,3636.09,3633.03,2982018.0,-15.68,-0.43,3617.858,3552.658,3531.315,2833588.45,2409458.89,2544902.24
2015-12-22,3645.99,3652.63,3651.77,3616.87,2611787.75,9.3,0.26,3593.878,3536.293,3531.907,2624149.47,2306955.94,2532313.77
2015-12-21,3568.58,3651.06,3642.47,3565.75,2998492.75,63.51,1.77,3565.594,3518.123,3530.124,2502734.6,2270144.46,2526129.64
2015-12-18,3574.94,3614.7,3578.96,3568.16,2737079.0,-1.04,-0.03,3541.234,3507.569,3528.516,2333785.3,2178597.76,2534203.74
2015-12-17,3533.63,3583.41,3580.0,3533.63,2838564.75,63.81,1.81,3512.358,3502.172,3531.093,2152187.25,2156626.26,2552750.78
2015-12-16,3522.09,3538.69,3516.19,3506.29,1934823.12,5.84,0.17,3487.458,3502.654,3532.946,1985329.32,2153881.04,2534780.33
2015-12-15,3518.13,3529.96,3510.35,3496.85,2004713.38,-10.32,-0.29,3478.708,3504.726,3535.56,1989762.4,2261890.2,2586829.54
2015-12-14,3403.51,3521.78,3520.67,3399.28,2153746.25,86.09,2.51,3470.652,3499.322,3540.283,2037554.32,2313809.61,2678381.61
2015-12-11,3441.6,3455.55,3434.58,3410.92,1829088.75,-20.92,-0.6,3473.904,3491.795,3544.597,2023410.22,2402632.89,2708787.82
2015-12-10,3469.81,3503.65,3455.5,3446.27,2004275.12,-16.94,-0.49,3491.986,3491.967,3551.91,2161065.27,2574011.54,2790268.84
2015-12-09,3462.58,3495.7,3472.44,3454.88,1956988.5,2.37,0.07,3517.85,3509.972,3560.78,2322432.75,2680345.6,2870913.89
2015-12-08,3518.65,3518.65,3470.07,3466.79,2243673.0,-66.86,-1.89,3530.744,3527.521,3569.67,2534018.0,2757671.6,2953550.79
2015-12-07,3529.81,3543.95,3536.93,3506.62,2083025.75,11.94,0.34,3527.992,3542.125,3578.192,2590064.9,2782114.83,3056240.44
2015-12-04,3558.15,3568.97,3524.99,3510.41,2517364.0,-59.83,-1.67,3509.686,3549.463,3583.689,2781855.55,2889809.73,3203597.5
2015-12-03,3525.73,3591.73,3584.82,3517.23,2811112.5,47.91,1.35,3491.948,3560.014,3586.941,2986957.8,2948875.3,3292312.83
2015-12-02,3450.28,3538.85,3536.91,3427.66,3014914.75,80.6,2.33,3502.094,3563.238,3583.841,3038258.45,2915679.63,3428384.68
2015-12-01,3442.44,3483.41,3456.31,3417.55,2523907.5,10.91,0.32,3524.298,3566.394,3579.978,2981325.2,2911768.88,3447178.3
2015-11-30,3433.86,3470.37,3445.4,3327.81,3041979.0,9.1,0.27,3556.258,3581.243,3572.997,2974164.75,3042953.6,3417431.64
2015-11-27,3616.54,3621.9,3436.3,3412.43,3542875.25,-199.25,-5.48,3589.24,3597.399,3566.981,2997763.9,3014942.75,3380808.25
2015-11-26,3659.57,3668.38,3635.55,3629.86,3067615.75,-12.38,-0.34,3628.08,3611.853,3564.294,2910792.8,3006526.15,3325462.05
2015-11-25,3614.07,3648.37,3647.93,3607.52,2730248.5,31.82,0.88,3624.382,3611.588,3551.882,2793100.8,3061482.18,3289919.28
2015-11-24,3602.89,3616.48,3616.11,3563.1,2488105.25,5.79,0.16,3608.49,3611.82,3538.246,2842212.55,3149429.98,3300168.49
2015-11-23,3630.87,3654.75,3610.31,3598.87,3159974.75,-20.19,-0.56,3606.228,3614.258,3529.158,3111742.45,3330366.05,3339849.61
2015-11-20,3620.79,3640.53,3630.5,3607.92,3108019.75,13.44,0.37,3605.558,3617.915,3520.121,3032121.6,3517385.28,3364631.3
2015-11-19,3573.78,3618.21,3617.06,3561.04,2479155.75,48.59,1.36,3595.626,3613.868,3509.217,3102259.5,3635750.35,3382916.74
2015-11-18,3605.06,3617.07,3568.47,3558.7,2975807.25,-36.33,-1.01,3598.794,3604.444,3496.802,3329863.55,3941089.73,3420828.63
2015-11-17,3629.98,3678.27,3604.8,3598.07,3835754.75,-2.16,-0.06,3615.15,3593.561,3484.412,3456647.4,3982587.73,3501265.99
2015-11-16,3522.46,3607.61,3606.96,3519.42,2761870.5,26.12,0.73,3622.288,3564.751,3475.438,3548989.65,3791909.68,3468965.13
2015-11-13,3600.76,3632.56,3580.84,3564.81,3458709.25,-52.06,-1.43,3630.272,3536.563,3464.425,4002648.95,3746673.75,3519927.69
2015-11-12,3656.82,3659.31,3632.9,3603.23,3617176.0,-17.35,-0.47,3632.11,3516.735,3454.951,4169241.2,3644397.95,3544722.51
2015-11-11,3635.0,3654.88,3650.25,3605.62,3609726.5,9.76,0.27,3610.094,3492.177,3440.21,4552315.9,3518356.38,3522005.64
2015-11-10,3617.4,3669.53,3640.49,3607.89,4297466.0,-6.39,-0.17,3571.972,3464.672,3420.819,4508528.05,3450907.0,3489058.19
2015-11-09,3588.5,3673.76,3646.88,3588.5,5030167.0,56.85,1.58,3507.214,3444.057,3403.456,4034829.7,3349333.18,3422761.45
2015-11-06,3514.44,3596.38,3590.03,3508.83,4291670.5,67.21,1.91,3442.854,3422.327,3385.495,3490698.55,3211877.33,3364400.46
2015-11-05,3459.22,3585.66,3522.82,3455.53,5532549.5,63.18,1.83,3401.36,3404.567,3365.151,3119554.7,3130083.13,3267242.66
2015-11-04,3325.62,3459.65,3459.64,3325.62,3390787.25,142.94,4.31,3374.26,3389.159,3346.178,2484396.85,2900567.53,3107753.21
2015-11-03,3330.32,3346.27,3316.7,3302.18,1928974.25,-8.38,-0.25,3357.372,3375.263,3325.835,2393285.95,3019944.25,3011535.08
2015-11-02,3337.58,3391.06,3325.08,3322.31,2309511.25,-57.48,-1.7,3380.9,3386.126,3311.907,2663836.65,3146020.58,2996697.7
2015-10-30,3380.28,3417.2,3382.56,3346.59,2435951.25,-4.76,-0.14,3401.8,3392.288,3300.691,2933056.1,3293181.63,2959585.9
2015-10-29,3387.77,3411.71,3387.32,3362.51,2356760.25,12.12,0.36,3407.774,3393.167,3286.181,3140611.55,3445047.08,2955920.28
2015-10-28,3417.01,3439.76,3375.2,3367.23,2935232.75,-59.14,-1.72,3404.058,3388.242,3273.949,3316738.2,3525654.9,2944526.13
2015-10-27,3409.14,3441.57,3434.34,3332.62,3281727.75,4.76,0.14,3393.154,3376.966,3260.984,3646602.55,3527209.38,2915925.83
2015-10-26,3448.65,3457.52,3429.58,3402.0,3655608.5,17.15,0.5,3391.352,3362.855,3248.548,3628204.5,3496189.73,2889232.51
2015-10-23,3377.55,3422.02,3412.43,3360.22,3473728.5,43.69,1.3,3382.776,3348.663,3234.896,3653307.15,3516923.6,2826400.76
2015-10-22,3292.29,3373.78,3368.74,3282.99,3237393.5,48.06,1.45,3378.56,3325.735,3219.17,3749482.6,3404402.2,2757302.04
2015-10-21,3428.56,3447.26,3320.68,3265.44,4584554.5,-104.65,-3.06,3372.426,3303.197,3205.036,3734571.6,3314938.9,2754233.81
2015-10-20,3377.55,3425.52,3425.33,3357.86,3189737.5,38.63,1.14,3360.778,3276.407,3196.615,3407816.2,3003125.9,2663768.35
2015-10-19,3401.63,3423.4,3386.7,3355.57,3781121.75,-4.65,-0.14,3334.358,3237.688,3175.607,3364174.95,2847374.83,2628878.7
2015-10-16,3358.3,3393.02,3391.35,3334.85,3954605.75,53.28,1.6,3314.55,3209.094,3162.012,3380540.05,2625990.17,2613138.19
2015-10-15,3255.03,3338.3,3338.07,3254.39,3162838.5,75.63,2.32,3272.91,3179.194,3152.456,3059321.8,2466793.48,2527686.81
2015-10-14,3280.02,3307.32,3262.44,3256.25,2950777.5,-30.79,-0.94,3233.968,3159.656,3145.447,2895306.2,2363397.35,2506175.76
2015-10-13,3262.16,3298.63,3293.23,3253.25,2971531.25,5.57,0.17,3192.036,3145.001,3144.48,2598435.6,2304642.28,2546300.88
2015-10-12,3193.54,3318.71,3287.66,3188.41,3862947.25,104.51,3.28,3141.018,3134.24,3138.341,2330574.7,2282275.3,2525432.05
2015-10-09,3146.64,3192.72,3183.15,3137.79,2348514.5,39.79,1.27,3103.638,3121.128,3127.978,1871440.3,2135877.92,2480518.75
2015-10-08,3156.07,3172.28,3143.36,3133.13,2342760.5,90.58,2.97,3085.478,3112.605,3126.83,1874265.15,2110201.88,2582178.1
2015-09-30,3052.84,3073.3,3052.78,3039.74,1466424.5,14.64,0.48,3085.344,3106.875,3127.993,1831488.5,2193528.73,2681256.3
2015-09-29,3055.22,3068.3,3038.14,3021.16,1632226.75,-62.62,-2.02,3097.966,3116.823,3135.653,2010848.95,2324410.8,2806650.76
2015-09-28,3085.57,3103.07,3100.76,3042.31,1567275.25,8.41,0.27,3127.462,3113.526,3145.364,2233975.9,2410382.58,2946607.9
2015-09-25,3130.85,3149.95,3092.35,3063.0,2362638.75,-50.34,-1.6,3138.618,3114.93,3144.505,2400315.55,2600286.2,3068398.34
2015-09-24,3126.49,3151.16,3142.69,3109.69,2128877.25,26.8,0.86,3139.732,3125.718,3136.252,2346138.6,2588580.15,3183616.23
2015-09-23,3137.72,3164.04,3115.89,3104.74,2363226.75,-69.73,-2.19,3128.406,3131.238,3127.366,2555568.95,2648954.17,3253334.91
2015-09-22,3161.32,3213.48,3185.62,3152.48,2747861.5,29.08,0.92,3135.68,3143.958,3132.067,2637972.65,2787959.48,3302509.48
2015-09-21,3072.09,3159.88,3156.54,3060.86,2398973.5,58.62,1.89,3099.59,3142.441,3148.173,2586789.25,2768588.8,3350076.64
2015-09-18,3100.28,3122.05,3097.92,3070.34,2091754.0,11.86,0.38,3091.242,3134.829,3173.56,2800256.85,2825159.58,3425159.49
2015-09-17,3131.98,3204.7,3086.06,3085.31,3176029.0,-66.2,-2.1,3111.704,3141.054,3208.37,2831021.7,3054154.33,3558269.91
2015-09-16,2998.04,3182.93,3152.26,2983.54,2775245.25,147.09,4.89,3134.07,3149.11,3241.475,2742339.4,3168983.88,3671353.86
2015-09-15,3043.8,3081.7,3005.17,2983.92,2491944.5,-109.63,-3.52,3152.236,3154.483,3283.546,2937946.3,3288890.73,3762807.63
2015-09-14,3221.17,3229.48,3114.8,3049.23,3466311.5,-85.43,-2.67,3185.292,3177.201,3331.553,2950388.35,3482833.23,3872204.5
2015-09-11,3189.48,3223.76,3200.23,3163.45,2245578.25,2.34,0.07,3178.416,3174.08,3373.542,2850062.3,3536510.48,3913925.58
2015-09-10,3190.55,3243.28,3197.89,3178.9,2732617.5,-45.2,-1.39,3170.404,3146.786,3407.846,3277286.95,3778652.3,4022990.81
2015-09-09,3182.55,3256.74,3243.09,3165.7,3753279.75,72.64,2.29,3164.15,3123.494,3444.347,3595628.35,3857715.65,4155821.66
2015-09-08,3054.44,3174.71,3170.45,3011.12,2554154.75,90.03,2.92,3156.73,3120.176,3478.613,3639835.15,3817059.48,4216809.83
2015-09-07,3149.38,3217.58,3080.42,3066.3,2964681.25,-79.75,-2.52,3169.11,3153.905,3507.301,4015278.1,3931564.48,4259480.68
2015-09-02,3027.68,3194.48,3160.17,3019.09,4381701.5,-6.45,-0.2,3169.744,3212.292,3536.357,4222958.65,4025159.4,4248283.95
2015-09-01,3157.83,3180.33,3166.62,3053.74,4324324.5,-39.37,-1.23,3123.168,3275.686,3563.077,4280017.65,4062385.5,4212410.36
2015-08-31,3203.56,3207.86,3205.99,3109.16,3974313.75,-26.36,-0.82,3082.838,3333.84,3592.573,4119802.95,4173723.85,4177644.98
2015-08-28,3125.26,3235.84,3232.35,3102.95,4431369.5,148.76,4.82,3083.622,3412.608,3613.419,3994283.8,4236724.53,4160913.65
2015-08-27,2978.03,3085.42,3083.59,2906.49,4003084.0,156.3,5.34,3138.7,3485.906,3634.988,3847850.85,4261575.78,4114823.05
2015-08-26,2980.79,3092.04,2927.29,2850.71,4666996.5,-37.68,-1.27,3254.84,3573.003,3666.097,3827360.15,4291340.68,4143640.48
2015-08-25,3004.13,3123.03,2964.97,2947.94,3523251.0,-244.94,-7.63,3428.204,3668.906,3709.191,3844753.35,4267329.33,4127466.7
2015-08-24,3373.48,3388.36,3209.91,3191.88,3346718.0,-297.83,-8.49,3584.842,3765.2,3744.092,4227644.75,4453927.68,4232969.18
2015-08-21,3609.96,3652.84,3507.74,3490.54,3699204.75,-156.55,-4.27,3741.594,3837.051,3769.875,4479165.25,4616560.18,4343634.9
2015-08-20,3754.57,3788.01,3664.29,3663.61,3900630.5,-129.82,-3.42,3833.112,3860.697,3798.034,4675300.7,4587396.88,4472387.09
2015-08-19,3646.8,3811.43,3794.11,3558.38,4753962.5,45.95,1.23,3891.166,3860.422,3821.015,4755321.2,4471408.5,4559148.54
2015-08-18,3999.13,4006.34,3748.16,3743.39,5437708.0,-245.51,-6.15,3909.608,3850.468,3832.612,4689905.3,4362435.22,4581816.51
2015-08-17,3947.84,3994.54,3993.67,3907.4,4604320.5,28.34,0.71,3945.558,3851.306,3846.088,4680210.6,4181566.1,4562075.14
2015-08-14,3976.41,4000.68,3965.33,3939.84,4679882.0,10.77,0.27,3932.508,3814.23,3846.01,4753955.1,4085102.78,4601412.46
2015-08-13,3869.91,3955.79,3954.56,3838.16,4300733.0,68.24,1.76,3888.282,3784.07,3845.611,4499493.05,3968070.33,4608281.49
2015-08-12,3881.23,3937.77,3886.32,3871.14,4426883.0,-41.59,-1.06,3829.678,3759.191,3839.041,4187495.8,3995940.28,4639372.94
2015-08-11,3928.81,3970.34,3927.91,3891.18,5389234.5,-0.51,-0.01,3791.328,3749.476,3835.01,4034965.15,3987604.08,4718679.44
2015-08-10,3786.03,3943.62,3928.42,3775.85,4973043.0,184.22,4.92,3757.054,3722.985,3834.839,3682921.6,4012010.68,4784497.11
2015-08-07,3692.61,3756.74,3744.2,3686.3,3407571.75,82.66,2.26,3695.952,3702.699,3836.938,3416250.45,4070709.63,4857589.46
2015-08-06,3625.5,3710.57,3661.54,3614.74,2740746.75,-33.03,-0.89,3679.858,3735.37,3843.618,3436647.6,4357377.3,4980393.0
2015-08-05,3745.65,3782.35,3694.57,3676.39,3664229.75,-61.97,-1.65,3688.704,3781.608,3846.008,3804384.75,4646888.58,5171812.96
2015-08-04,3621.85,3757.03,3756.54,3601.29,3629016.75,133.63,3.69,3707.624,3814.756,3836.639,3940243.0,4801197.8,5328779.93
2015-08-03,3614.99,3648.94,3622.91,3549.5,3639687.25,-40.82,-1.11,3688.916,3840.869,3835.167,4341099.75,4942584.18,5496738.44
2015-07-31,3655.67,3729.51,3663.73,3620.17,3509557.5,-42.04,-1.13,3709.446,3877.789,3842.817,4725168.8,5117722.15,5730323.73
2015-07-30,3773.79,3844.37,3705.77,3685.96,4579432.5,-83.4,-2.2,3790.882,3907.151,3843.977,5278107.0,5248492.65,5828927.4
2015-07-29,3689.82,3792.07,3789.17,3612.06,4343521.0,126.17,3.44,3874.512,3918.892,3854.327,5489392.4,5282805.6,5892963.58
2015-07-28,3573.14,3762.53,3663.0,3537.36,5633300.5,-62.56,-1.68,3921.888,3920.545,3867.554,5662152.6,5449754.8,5975172.25
2015-07-27,3985.57,4051.16,3725.56,3720.44,5560032.5,-345.35,-8.48,3992.822,3946.694,3898.265,5544068.6,5556983.55,6048095.55
2015-07-24,4124.75,4184.45,4070.91,4044.83,6274248.5,-53.01,-1.28,4046.132,3971.177,3914.638,5510275.5,5644469.3,6106987.1
2015-07-23,4022.27,4132.61,4123.92,4019.04,5635859.5,97.87,2.43,4023.42,3951.866,3920.736,5218878.3,5603408.7,6075883.6
2015-07-22,3996.43,4042.34,4026.05,3960.86,5207322.0,8.38,0.21,3963.272,3910.407,3940.929,5076218.8,5696737.35,6080489.4
2015-07-21,3939.9,4041.82,4017.67,3912.8,5042880.5,25.56,0.64,3919.202,3858.521,3974.134,5237357.0,5856362.05,6091625.15
2015-07-20,3948.42,4021.33,3992.11,3927.12,5391067.0,34.76,0.88,3900.566,3829.466,4002.075,5569898.5,6050892.7,6076244.2
2015-07-17,3831.42,3994.48,3957.35,3814.15,4817262.5,134.17,3.51,3896.222,3807.846,4026.387,5778663.1,6342925.3,6033035.68
2015-07-16,3758.5,3877.51,3823.18,3688.44,4922562.0,17.48,0.46,3880.312,3780.803,4067.788,5987939.1,6409362.15,6045893.0
2015-07-15,3874.97,3914.27,3805.7,3741.25,6013013.0,-118.79,-3.03,3857.542,3789.762,4125.024,6317255.9,6503121.55,6068315.48
2015-07-14,3958.37,4035.43,3924.49,3855.56,6705588.0,-45.9,-1.16,3797.84,3814.562,4179.111,6475367.1,6500589.7,6043065.53
2015-07-13,3918.99,4030.19,3970.39,3858.64,6434890.0,92.59,2.39,3758.366,3849.835,4236.036,6531886.9,6539207.55,6026688.13
2015-07-10,3707.46,3959.22,3877.8,3677.43,5863642.5,168.47,4.54,3719.47,3858.099,4295.834,6907187.5,6569504.9,6017757.55
2015-07-09,3432.45,3748.48,3709.33,3373.54,6569146.0,202.14,5.76,3681.294,3889.606,4358.023,6830785.2,6548358.5,6006570.68
2015-07-08,3467.4,3599.25,3507.19,3421.53,6803569.0,-219.93,-5.9,3721.982,3971.451,4427.859,6688987.2,6464241.45,5976597.88
2015-07-07,3654.78,3750.57,3727.12,3585.4,6988187.0,-48.79,-1.29,3831.284,4089.747,4508.176,6525812.3,6326888.25,6001366.33
2015-07-06,3975.21,3975.21,3775.91,3653.04,8311393.0,88.99,2.41,3941.304,4174.684,4578.414,6546528.2,6101595.7,6079474.53
2015-07-03,3793.71,3927.13,3686.92,3629.56,5481631.0,-225.85,-5.77,3996.728,4244.929,4640.773,6231822.3,5723146.05,6050025.28
2015-07-02,4058.62,4080.39,3912.77,3795.25,5860156.0,-140.93,-3.48,4097.918,4354.773,4703.782,6265931.8,5682423.85,6113419.93
2015-07-01,4214.15,4317.05,4053.7,4043.37,5987694.5,-223.52,-5.23,4220.92,4460.286,4753.643,6239495.7,5633509.4,6126139.05
2015-06-30,4006.75,4279.97,4277.22,3847.88,7091766.5,224.19,5.53,4348.21,4543.659,4796.484,6127964.2,5585541.35,6138628.38
2015-06-29,4289.77,4297.47,4053.03,3875.05,6737863.5,-139.84,-3.33,4408.064,4622.236,4824.06,5656663.2,5514168.7,6080734.58
2015-06-26,4399.93,4456.9,4192.87,4139.53,5652178.5,-334.91,-7.4,4493.13,4733.568,4851.996,5214469.8,5466010.2,6049472.6
2015-06-25,4711.76,4720.7,4527.78,4483.55,5727975.5,-162.37,-3.46,4611.628,4826.441,4873.365,5098915.9,5464782.85,6158345.98
2015-06-24,4604.58,4691.77,4690.15,4552.13,5430037.0,113.66,2.48,4699.652,4884.266,4894.062,5027523.1,5488954.3,6212529.9
2015-06-23,4471.61,4577.94,4576.49,4264.77,4735261.5,98.13,2.19,4739.108,4926.605,4905.099,5043118.5,5675844.4,6293474.48
2015-06-19,4689.93,4744.08,4478.36,4476.5,4526896.5,-307.0,-6.42,4836.409,4982.144,4916.965,5371674.2,6057353.35,6397942.1
2015-06-18,4942.52,4966.77,4785.36,4780.87,5074409.0,-182.54,-3.67,4974.007,5036.617,4925.927,5717550.6,6376904.5,6499392.93
2015-06-17,4890.55,4983.66,4967.9,4767.22,5371011.5,80.47,1.65,5041.253,5052.792,4913.13,5830649.8,6544416.0,6478170.73
2015-06-16,5004.41,5029.68,4887.43,4842.1,5508014.0,-175.56,-3.47,5068.88,5046.999,4887.049,5950385.5,6618768.7,6466673.25
2015-06-15,5174.418,5176.795,5062.993,5048.742,6378040.0,-103.357,-2.0,5114.101,5049.309,4863.555,6308570.3,6691715.4,6409640.15
2015-06-12,5143.343,5178.191,5166.35,5103.401,6256278.5,44.757,0.87,5127.879,5025.884,4824.58,6743032.5,6647300.45,6280766.88
2015-06-11,5101.44,5122.457,5121.593,5050.765,5639905.0,15.557,0.3,5099.228,4970.423,4781.697,7036258.4,6632935.0,6187806.05
2015-06-10,5049.197,5164.162,5106.036,5001.489,5969690.0,-7.498,-0.15,5064.33,4920.29,4744.533,7258182.2,6851909.1,6130349.78
2015-06-09,5145.978,5147.454,5113.534,5042.963,7298938.0,-18.347,-0.36,5025.118,4903.858,4708.019,7287151.9,6936105.5,6087110.53
2015-06-08,5045.694,5146.949,5131.881,4997.481,8550351.0,108.785,2.17,4984.517,4883.594,4672.404,7074860.5,6911104.55,5983096.83
2015-06-05,5016.088,5051.626,5023.096,4898.068,7722408.0,75.994,1.54,4923.888,4851.786,4632.489,6551568.4,6738530.85,5799954.53
2015-06-04,4912.945,4947.965,4947.102,4647.407,6749524.0,37.124,0.76,4841.618,4815.236,4591.63,6229611.6,6621881.35,5612548.18
2015-06-03,4924.381,4942.065,4909.978,4822.442,6114538.5,-0.549,-0.01,4776.251,4773.468,4549.885,6445636.0,6411925.45,5472355.3
2015-06-02,4844.704,4911.574,4910.527,4797.552,6237481.0,81.789,1.69,4782.598,4727.099,4515.85,6585059.1,6314577.8,5407494.88
2015-06-01,4633.098,4829.502,4828.738,4615.231,5933890.5,216.994,4.71,4782.672,4677.802,4485.259,6747348.6,6127564.9,5382050.13
2015-05-29,4603.465,4698.193,4611.744,4431.563,6112624.0,-8.522,-0.18,4779.684,4623.277,4467.845,6925493.3,5914233.3,5332442.3
2015-05-28,4943.742,4986.503,4620.266,4614.241,7829646.0,-321.448,-6.5,4788.854,4592.972,4459.341,7014151.1,5742677.1,5290175.1
2015-05-27,4932.846,4958.156,4941.714,4857.056,6811654.0,30.817,0.63,4770.685,4568.776,4452.158,6378214.9,5408790.45,5158609.9
2015-05-26,4854.85,4911.685,4910.897,4779.075,7048928.5,97.099,2.02,4671.6,4512.181,4428.883,6044096.5,5238115.55,5201865.4
2015-05-25,4660.075,4814.672,4813.798,4656.825,6824614.0,156.202,3.35,4572.931,4461.213,4409.708,5507781.2,5055089.1,5184963.22
2015-05-22,4584.984,4658.273,4657.596,4562.989,6555913.0,128.174,2.83,4466.87,4413.191,4388.703,4902973.3,4861378.2,5158010.03
2015-05-21,4456.435,4530.478,4529.422,4438.258,4649965.0,83.134,1.87,4397.089,4368.024,4376.548,4471203.1,4603215.0,5163886.7
2015-05-20,4434.979,4520.538,4446.288,4432.279,5141062.0,28.736,0.65,4366.867,4326.303,4370.002,4439366.0,4532785.15,5271541.0
2015-05-19,4285.777,4418.403,4417.552,4285.777,4367352.0,134.061,3.13,4352.761,4304.601,4362.369,4432134.6,4500411.95,5331723.22
2015-05-18,4277.895,4324.826,4283.491,4260.509,3800574.5,-25.2,-0.58,4349.494,4292.716,4352.345,4602397.0,4636535.35,5541922.03
2015-05-15,4366.822,4366.822,4308.691,4278.553,4397062.0,-69.62,-1.59,4359.513,4312.413,4352.535,4819783.1,4750651.3,5702746.4
2015-05-14,4372.816,4397.745,4378.311,4329.042,4490779.5,2.551,0.06,4338.958,4325.71,4346.842,4735226.9,4837673.1,5758514.78
2015-05-13,4402.378,4415.629,4375.76,4342.481,5104905.0,-25.459,-0.58,4285.739,4335.541,4332.134,4626204.3,4908429.35,5840478.7
2015-05-12,4342.37,4402.309,4401.219,4317.975,5218664.0,67.635,1.56,4256.44,4345.586,4320.125,4568689.3,5165615.25,5890575.23
2015-05-11,4231.271,4334.877,4333.584,4187.82,4887505.0,127.667,3.04,4235.937,4358.204,4306.149,4670673.7,5314837.35,5924549.15
2015-05-08,4152.984,4206.86,4205.917,4099.042,3974281.0,93.703,2.28,4265.313,4364.214,4291.186,4681519.5,5454641.85,5922315.7
2015-05-07,4197.896,4213.764,4112.214,4108.009,3945666.5,-117.052,-2.77,4312.461,4385.073,4278.767,4940119.3,5724558.4,6016190.05
2015-05-06,4311.641,4376.353,4229.266,4187.368,4817330.0,-69.44,-1.61,4385.342,4413.701,4272.896,5190654.4,6010296.85,6127949.43
2015-05-05,4479.848,4488.865,4298.706,4282.237,5728586.0,-181.758,-4.06,4434.732,4420.137,4259.502,5762541.2,6163034.5,6172306.7
2015-05-04,4441.343,4487.57,4480.464,4387.426,4941734.0,38.809,0.87,4480.47,4411.974,4237.763,5959001.0,6447308.7,6122394.05
2015-04-30,4483.013,4507.344,4441.655,4441.054,5267280.0,-34.965,-0.78,4463.114,4392.657,4205.029,6227764.2,6654841.5,6114957.18
2015-04-29,4446.119,4499.945,4476.62,4398.639,5198342.0,0.405,0.01,4457.685,4367.974,4173.461,6508997.5,6679356.45,6075322.33
2015-04-28,4527.635,4572.391,4476.215,4432.904,7676764.0,-51.181,-1.13,4442.06,4328.728,4137.025,6829939.3,6772528.05,6096243.25
2015-04-27,4441.929,4529.735,4527.396,4441.929,6710885.0,133.71,3.04,4405.541,4294.663,4102.543,6563527.8,6615535.2,5994756.23
2015-04-24,4355.951,4416.376,4393.686,4318.119,6285550.0,-20.822,-0.47,4343.478,4254.095,4060.728,6935616.4,6534260.95,5863684.56
2015-04-23,4414.485,4444.41,4414.508,4358.844,6673446.5,16.014,0.36,4322.2,4218.157,4025.148,7081918.8,6389989.55,5793730.66
2015-04-22,4304.597,4400.193,4398.494,4297.951,6803051.0,104.871,2.44,4278.263,4172.46,3987.459,6849715.4,6307821.7,5721001.51
2015-04-21,4212.185,4294.375,4293.623,4188.569,6344706.5,76.546,1.81,4215.396,4132.092,3952.105,6715116.8,6245602.0,5700626.29
2015-04-20,4301.352,4356.001,4217.077,4190.681,8571328.0,-70.219,-1.64,4183.785,4098.867,3921.81,6667542.6,6181578.9,5651422.39
2015-04-17,4254.723,4317.223,4287.296,4238.91,7017062.0,92.473,2.2,4164.712,4063.552,3891.822,6132905.5,5797479.4,5481186.81
2015-04-16,4055.916,4195.305,4194.823,4031.244,5512429.5,110.66,2.71,4114.115,4017.401,3856.571,5698060.3,5575072.85,5399007.01
2015-04-15,4135.648,4175.494,4084.163,4069.007,6130058.0,-51.402,-1.24,4066.657,3978.948,3825.695,5765928.0,5471288.2,5395994.11
2015-04-14,4125.782,4168.346,4135.565,4091.257,6106835.5,13.85,0.34,4048.787,3945.322,3796.629,5776087.2,5419958.45,5349960.96
2015-04-13,4072.723,4128.072,4121.715,4057.293,5898142.5,87.405,2.17,4013.95,3910.422,3762.316,5695615.2,5373977.25,5244185.4
2015-04-10,3947.492,4040.348,4034.31,3929.319,4842836.0,76.776,1.94,3962.392,3867.36,3724.876,5462053.3,5193108.18,5113483.35
2015-04-09,4006.13,4016.396,3957.534,3900.027,5851768.0,-37.277,-0.93,3920.687,3832.139,3690.626,5452085.4,5197471.78,5049989.1
2015-04-08,3976.532,4000.22,3994.811,3903.648,6180854.0,33.433,0.84,3891.239,3802.458,3657.295,5176648.4,5134181.33,4898893.46
2015-04-07,3899.42,3961.666,3961.378,3891.728,5704475.5,97.449,2.52,3841.857,3772.118,3621.858,5063829.7,5155650.58,4732759.55
2015-04-03,3803.383,3864.405,3863.929,3792.211,4730333.0,38.145,1.0,3806.895,3744.753,3588.909,5052339.3,5121265.88,4608283.5
2015-04-02,3827.689,3835.451,3825.784,3775.894,4792996.5,15.49,0.41,3772.328,3720.092,3557.772,4924163.05,5164894.22,4513224.75
2015-04-01,3748.34,3817.082,3810.294,3742.213,4474583.0,62.395,1.67,3743.59,3695.741,3528.907,4942858.15,5222941.18,4433906.71
2015-03-31,3822.987,3835.567,3747.899,3737.043,5616760.5,-38.669,-1.02,3713.677,3672.441,3502.369,5091714.25,5320700.03,4356997.33
2015-03-30,3710.612,3795.935,3786.568,3710.612,5647023.5,95.472,2.59,3702.379,3647.936,3478.126,5247471.45,5279963.47,4267181.61
2015-03-27,3686.134,3710.477,3691.096,3656.831,4089451.75,9.001,0.24,3682.611,3614.21,3455.612,5190192.45,5114393.55,4158053.28
2015-03-26,3641.942,3707.318,3682.095,3615.011,4886472.0,21.368,0.58,3667.856,3582.391,3436.572,5405625.4,5033858.53,4103162.55
2015-03-25,3680.953,3693.151,3660.727,3634.559,5218863.5,-30.683,-0.83,3647.891,3549.114,3417.386,5503024.2,4902506.43,4009470.89
2015-03-24,3692.569,3715.873,3691.41,3600.698,6395546.5,3.682,0.1,3631.206,3512.131,3395.791,5549685.8,4663605.6,3865201.76
2015-03-23,3640.104,3688.249,3687.728,3635.485,5360628.5,70.41,1.95,3593.493,3471.597,3373.566,5312455.5,4309868.53,3659590.75
2015-03-20,3587.084,3632.338,3617.318,3569.38,5166616.5,35.047,0.98,3545.808,3433.065,3350.298,5038594.65,4095301.13,3503458.04
2015-03-19,3576.019,3600.684,3582.271,3546.844,5373466.0,4.97,0.14,3496.927,3395.452,3329.623,4662091.65,3861555.28,3375772.43
2015-03-18,3510.501,3577.662,3577.301,3503.853,5452171.5,74.454,2.13,3450.337,3362.073,3309.181,4301988.65,3644872.25,3204395.28
2015-03-17,3469.603,3504.123,3502.847,3459.694,5209395.0,53.542,1.55,3393.057,3332.296,3288.201,3777525.4,3393294.63,3018206.76
2015-03-16,3391.158,3449.305,3449.305,3377.087,3991324.25,76.394,2.27,3349.701,3308.316,3270.138,3307281.55,3254399.75,2854645.58
2015-03-13,3359.488,3391.255,3372.911,3352.15,3284101.5,23.588,0.7,3320.322,3297.014,3252.429,3152007.6,3201713.0,2758133.56
2015-03-12,3314.813,3360.054,3349.323,3300.488,3572951.0,58.423,1.77,3293.977,3290.754,3237.579,3061018.9,3172466.58,2717303.32
2015-03-11,3289.594,3325.054,3290.9,3278.471,2829855.25,4.832,0.15,3273.808,3285.657,3226.939,2987755.85,3116435.35,2691725.42
2015-03-10,3289.085,3309.915,3286.068,3277.095,2858175.75,-16.34,-0.49,3271.534,3279.451,3221.101,3009063.85,3066797.93,2674781.69
2015-03-09,3224.314,3307.702,3302.408,3198.37,3214954.5,61.221,1.89,3266.931,3275.535,3217.042,3201517.95,3009312.98,2655968.99
2015-03-06,3248.036,3266.933,3241.187,3234.533,2829158.0,-7.289,-0.22,3273.707,3267.531,3208.337,3251418.4,2911614.95,2620652.08
2015-03-05,3264.085,3266.638,3248.476,3221.666,3206635.75,-31.057,-0.95,3287.53,3263.795,3206.796,3283914.25,2889989.58,2608350.46
2015-03-04,3264.182,3286.588,3279.533,3250.484,2936395.25,16.481,0.51,3297.506,3256.289,3207.487,3245114.85,2763918.31,2585347.98
2015-03-03,3317.695,3317.695,3263.052,3260.429,3820446.25,-73.233,-2.19,3287.368,3244.106,3208.798,3124532.0,2643118.89,2589491.77
2015-03-02,3332.721,3336.76,3336.285,3298.669,3464456.75,25.982,0.79,3284.139,3231.96,3213.293,2817108.0,2454891.4,2585728.23
2015-02-27,3296.831,3324.546,3310.303,3291.007,2991637.25,11.944,0.36,3261.355,3207.844,3215.638,2571811.5,2314554.11,2571275.89
2015-02-26,3222.151,3300.616,3298.359,3202.188,3012638.75,69.516,2.15,3240.06,3184.404,3217.711,2496064.9,2262140.06,2604818.66
2015-02-25,3256.479,3257.223,3228.843,3215.552,2333481.0,-18.063,-0.56,3215.071,3168.221,3219.96,2282721.77,2267015.49,2630878.19
2015-02-17,3230.884,3255.725,3246.906,3230.772,2283326.25,24.543,0.76,3200.843,3162.75,3224.699,2161705.77,2282765.46,2719682.16
2015-02-16,3206.137,3228.846,3222.363,3195.884,2237974.25,18.536,0.58,3179.781,3158.55,3221.006,2092674.8,2302625.01,2784056.24
2015-02-13,3186.808,3237.159,3203.827,3182.794,2612904.25,30.411,0.96,3154.333,3149.143,3215.705,2057296.73,2329689.21,2872706.93
2015-02-12,3157.959,3181.766,3173.416,3134.244,1945923.12,15.712,0.5,3128.749,3149.797,3224.339,2028215.23,2326711.34,2912000.09
2015-02-11,3145.765,3166.421,3157.704,3139.052,1728401.0,16.111,0.51,3121.372,3158.686,3232.491,2251309.2,2406777.65,2955977.06
2015-02-10,3090.49,3142.099,3141.593,3084.253,1938171.38,46.469,1.5,3124.656,3173.489,3235.727,2403825.15,2535864.65,2989652.39
2015-02-09,3063.51,3119.034,3095.124,3049.111,2061083.88,19.217,0.62,3137.319,3194.626,3240.413,2512575.23,2716565.06,3008106.69
2015-02-06,3120.09,3129.539,3075.907,3052.939,2467496.75,-60.624,-1.93,3143.954,3223.432,3247.122,2602081.7,2827997.68,3066084.84
2015-02-05,3251.212,3251.212,3136.531,3135.819,3061393.0,-37.595,-1.18,3170.845,3251.018,3257.598,2625207.45,2947497.25,3147830.44
2015-02-04,3212.822,3238.982,3174.126,3171.144,2490980.75,-30.781,-0.96,3196.0,3271.699,3265.444,2562246.1,2994740.9,3180326.38
2015-02-03,3156.086,3207.935,3204.907,3129.732,2481921.75,76.607,2.45,3222.323,3286.647,3275.435,2667904.15,3156598.85,3251736.78
2015-02-02,3148.136,3175.134,3128.3,3122.572,2508616.25,-82.063,-2.56,3251.933,3283.462,3282.762,2920554.9,3265487.48,3378471.54
2015-01-30,3273.747,3288.503,3210.363,3210.308,2583125.5,-51.942,-1.59,3302.91,3282.267,3293.873,3053913.65,3415724.65,3518716.93
2015-01-29,3258.997,3286.786,3262.305,3234.241,2746586.25,-43.433,-1.31,3331.19,3298.88,3295.089,3269787.05,3497288.85,3592559.91
2015-01-28,3325.722,3354.802,3305.738,3294.655,3019271.0,-47.222,-1.41,3347.398,3306.295,3290.264,3427235.7,3505176.48,3654093.26
2015-01-27,3389.853,3390.216,3352.96,3290.219,3745175.5,-30.222,-0.89,3350.972,3297.965,3283.378,3645293.55,3443440.13,3758185.44
2015-01-26,3347.257,3384.798,3383.182,3321.315,3175410.0,31.418,0.94,3314.991,3286.199,3273.61,3610420.05,3299648.33,3801277.14
2015-01-23,3357.096,3406.786,3351.764,3328.293,3662492.5,8.42,0.25,3261.624,3270.813,3258.078,3777535.65,3304172.0,3830980.53
2015-01-22,3327.319,3352.384,3343.344,3293.978,3533829.5,19.733,0.59,3266.571,3264.177,3239.116,3724790.65,3348163.63,3836258.53
2015-01-21,3189.085,3337.004,3323.611,3178.343,4109560.25,150.559,4.75,3265.193,3259.189,3223.58,3583117.25,3365911.85,3878448.25
2015-01-20,3114.56,3190.245,3173.052,3100.477,3570808.0,56.701,1.82,3244.958,3264.223,3213.772,3241586.7,3346874.7,4012656.19
2015-01-19,3189.727,3262.207,3116.351,3095.066,4010988.0,-260.144,-7.71,3257.408,3282.062,3210.549,2988876.6,3491455.6,4094652.54
2015-01-16,3343.603,3400.318,3376.495,3340.49,3398767.5,40.04,1.2,3280.001,3305.479,3207.607,2830808.35,3621709.2,4112055.61
2015-01-15,3224.07,3337.084,3336.455,3207.545,2825462.5,114.018,3.54,3261.784,3291.297,3191.833,2971536.6,3687830.98,4213368.84
2015-01-14,3242.337,3268.483,3222.437,3193.978,2401907.5,-12.864,-0.4,3253.184,3274.233,3176.087,3148706.45,3803010.05,4299017.06
2015-01-13,3223.542,3259.386,3235.301,3214.412,2307257.5,5.985,0.18,3283.488,3268.791,3162.636,3452162.7,4072930.75,4379107.54
2015-01-12,3258.213,3275.185,3229.316,3191.582,3220646.75,-56.096,-1.71,3306.717,3261.021,3147.779,3994034.6,4302905.95,4468485.06
2015-01-09,3276.965,3404.834,3285.412,3267.509,4102408.75,-8.044,-0.24,3330.957,3245.343,3132.601,4412610.05,4357789.05,4548769.1
2015-01-08,3371.957,3381.566,3293.456,3285.095,3711311.75,-80.498,-2.39,3320.81,3214.055,3115.33,4404125.35,4324353.43,4600092.11
2015-01-07,3326.649,3374.896,3373.954,3312.211,3919188.75,22.508,0.67,3295.282,3187.971,3093.471,4457313.65,4390984.65,4800525.72
2015-01-06,3330.799,3394.224,3351.446,3303.184,5016617.0,0.927,0.03,3254.095,3163.32,3075.786,4693698.8,4678437.68,4898351.74
2015-01-05,3258.627,3369.281,3350.519,3253.883,5313524.0,115.842,3.58,3215.326,3139.035,3055.096,4611777.3,4697849.47,4967771.04
2014-12-31,3172.597,3239.357,3234.677,3157.259,4059985.25,68.862,2.17,3159.729,3109.735,3032.543,4302968.05,4602402.03,4968438.69
2014-12-30,3160.801,3190.299,3165.815,3130.353,3977253.25,-2.201,-0.07,3107.3,3092.37,3009.786,4244581.5,4738906.7,5046499.58
2014-12-29,3212.559,3223.86,3168.016,3126.944,5101114.5,10.413,0.33,3080.66,3077.94,2989.672,4324655.65,4795024.08,5066503.61
2014-12-26,3078.005,3164.155,3157.603,3064.176,4607009.5,85.067,2.77,3072.546,3056.48,2965.279,4663176.55,4685284.33,5034843.76
2014-12-25,2992.462,3073.345,3072.536,2969.874,3769477.75,100.004,3.36,3062.744,3034.537,2941.541,4783921.65,4634064.18,5037433.31
2014-12-24,3039.206,3050.507,2972.532,2934.911,3768052.5,-60.08,-1.98,3059.741,3019.858,2919.438,4901836.0,4739749.15,5030997.29
2014-12-23,3085.08,3136.838,3032.612,3025.667,4377624.0,-94.833,-3.03,3077.439,3016.605,2901.029,5233231.9,4875830.8,5011158.29
2014-12-22,3129.267,3189.867,3127.445,3090.509,6793719.0,18.849,0.61,3075.22,2998.971,2877.778,5265392.5,5210066.8,4949434.88
2014-12-19,3053.075,3117.527,3108.596,3018.421,5210735.0,51.075,1.67,3040.415,2988.253,2848.05,4707392.1,5118265.8,4791491.84
2014-12-18,3062.801,3089.791,3057.521,3030.319,4359049.5,-3.499,-0.11,3006.331,2971.158,2816.96,4484206.7,5237692.6,4637074.97
2014-12-17,3031.952,3076.599,3061.02,2993.333,5425032.0,39.502,1.31,2979.975,2955.351,2786.716,4577662.3,5334475.35,4501870.11
2014-12-16,2953.811,3021.897,3021.518,2943.912,4538427.0,68.097,2.31,2955.772,2927.202,2756.215,4518429.7,5354092.45,4323736.39
2014-12-15,2921.446,2960.227,2953.421,2890.904,4003717.0,15.248,0.52,2922.722,2901.404,2727.957,5154741.1,5337983.15,4197346.33
2014-12-12,2929.36,2962.51,2938.173,2914.956,4094808.0,12.43,0.42,2936.09,2874.078,2703.987,5529139.5,5384403.2,4105004.38
2014-12-11,2912.346,2965.675,2925.743,2892.611,4826327.5,-14.263,-0.48,2935.985,2848.544,2681.019,5991178.5,5440802.45,4010567.79
2014-12-10,2855.94,2946.707,2940.006,2807.678,5128869.0,83.737,2.93,2930.727,2819.018,2659.012,6091288.4,5322245.43,3916769.94
2014-12-09,2992.49,3091.324,2856.269,2834.592,7719984.0,-163.989,-5.43,2898.631,2785.452,2636.736,6189755.2,5146485.78,3786793.42
2014-12-08,2907.815,3041.657,3020.258,2879.847,5875709.0,82.611,2.81,2880.086,2756.585,2617.406,5521225.2,4688802.95,3606746.26
2014-12-05,2926.573,2978.029,2937.647,2813.052,6405003.0,38.191,1.32,2812.066,2707.847,2590.077,5239666.9,4464717.88,3463274.91
2014-12-04,2783.469,2900.508,2899.456,2772.432,5326877.0,119.931,4.32,2761.103,2662.761,2564.103,4890426.4,4036457.35,3288610.88
2014-12-03,2768.678,2824.179,2779.525,2733.868,5621203.0,15.98,0.58,2707.309,2618.082,2540.423,4553202.45,3669264.86,3133269.58
2014-12-02,2667.82,2777.372,2763.545,2665.686,4377334.0,83.39,3.11,2672.273,2585.228,2522.41,4103216.35,3293380.34,2984012.76
2014-12-01,2691.725,2720.743,2680.155,2668.841,4467917.5,-2.68,-0.1,2633.084,2554.51,2505.766,3856380.7,3056709.51,2919652.58
2014-11-28,2629.626,2683.18,2682.835,2622.061,4658800.5,52.349,1.99,2603.628,2533.895,2493.26,3689768.85,2825605.56,2845667.32
2014-11-27,2615.367,2631.399,2630.486,2599.108,3640757.25,26.141,1.0,2564.42,2513.494,2480.127,3182488.3,2580333.14,2775609.06
2014-11-26,2572.649,2605.07,2604.345,2570.404,3371272.5,36.748,1.43,2528.854,2499.006,2468.157,2785327.27,2511294.46,2740894.17
2014-11-25,2531.998,2568.381,2567.597,2527.077,3143155.75,34.718,1.37,2498.183,2488.019,2456.591,2483544.32,2427101.06,2705124.88
2014-11-24,2505.532,2546.746,2532.879,2495.521,3634858.25,46.088,1.85,2475.936,2478.227,2445.105,2257038.32,2524689.56,2637262.27
2014-11-21,2452.635,2488.201,2486.791,2446.646,2122397.75,34.131,1.39,2464.162,2472.306,2432.983,1961442.27,2461831.94,2520650.14
2014-11-20,2443.276,2458.319,2452.66,2437.476,1654952.12,1.674,0.07,2462.569,2465.444,2423.757,1978177.97,2540764.41,2480642.89
2014-11-19,2452.15,2461.491,2450.986,2442.71,1862357.75,-5.38,-0.22,2469.158,2462.765,2416.245,2237261.65,2597274.3,2479213.44
2014-11-18,2474.182,2477.052,2456.366,2449.813,2010625.75,-17.643,-0.71,2477.856,2459.592,2410.023,2370657.8,2674645.17,2462444.77
2014-11-17,2506.864,2508.767,2474.009,2472.446,2156878.0,-4.815,-0.19,2480.518,2457.023,2404.188,2792340.8,2782595.65,2446327.62
2014-11-14,2477.966,2481.025,2478.824,2457.045,2206076.25,-6.782,-0.27,2480.45,2452.625,2398.324,2962221.6,2865729.08,2418494.87
2014-11-13,2494.998,2507.743,2485.606,2471.407,2950370.5,-8.87,-0.36,2468.32,2446.76,2391.442,3103350.85,2970884.98,2414341.54
2014-11-12,2454.602,2494.917,2494.476,2444.814,2529338.5,24.803,1.0,2456.371,2437.307,2384.987,2957286.95,2970493.88,2390923.6
2014-11-11,2483.648,2508.623,2469.673,2445.96,4119040.75,-4.0,-0.16,2441.327,2425.163,2378.946,2978632.55,2983148.7,2365859.13
2014-11-10,2436.628,2474.156,2473.673,2428.185,3006282.0,55.502,2.29,2433.528,2411.983,2373.436,2772850.5,2749834.99,2258322.8
2014-11-07,2427.898,2454.423,2418.171,2407.442,2911722.5,-7.693,-0.32,2424.8,2393.659,2368.053,2769236.55,2579468.35,2208458.35
2014-11-06,2419.617,2426.89,2425.864,2401.75,2220051.0,6.61,0.27,2425.201,2382.07,2365.872,2838419.1,2420521.37,2175207.79
2014-11-05,2432.169,2434.363,2419.254,2415.502,2636066.5,-11.423,-0.47,2418.243,2369.725,2364.047,2983700.8,2361152.59,2182165.24
2014-11-04,2428.271,2435.223,2430.677,2417.221,3090130.5,0.645,0.03,2408.999,2360.455,2362.224,2987664.85,2250244.36,2152560.58
2014-11-03,2425.225,2436.785,2430.032,2418.167,2988212.25,9.854,0.41,2390.437,2351.353,2358.884,2726819.47,2110059.6,2095013.4
2014-10-31,2393.178,2423.596,2420.178,2384.483,3257635.25,29.102,1.22,2362.518,2344.023,2355.268,2389700.15,1971260.67,2045658.3
2014-10-30,2371.891,2397.256,2391.076,2365.919,2946459.5,18.046,0.76,2338.939,2336.123,2351.645,2002623.65,1857798.1,1970150.68
2014-10-29,2343.72,2381.643,2373.03,2339.712,2655886.75,35.159,1.5,2321.207,2332.666,2349.346,1738604.37,1811353.32,1935671.87
2014-10-28,2294.012,2338.278,2337.871,2294.012,1785903.62,47.434,2.07,2311.912,2332.73,2347.873,1512823.87,1748569.56,1914140.39
2014-10-27,2293.573,2293.644,2290.437,2279.836,1302615.62,-11.843,-0.51,2312.269,2334.89,2346.466,1493299.72,1766810.61,1903272.8
2014-10-24,2303.08,2314.875,2302.28,2296.657,1322252.75,-0.138,-0.01,2325.527,2342.447,2346.437,1552821.2,1837448.36,1926063.19
2014-10-23,2322.316,2329.927,2302.418,2297.33,1626363.12,-24.135,-1.04,2333.308,2349.673,2347.796,1712972.55,1929894.21,1947274.8
2014-10-22,2339.223,2352.124,2326.553,2324.59,1526984.25,-13.104,-0.56,2344.124,2358.369,2348.471,1884102.28,2003177.9,1960501.17
2014-10-21,2355.033,2361.653,2339.657,2337.551,1688282.88,-17.071,-0.72,2353.548,2363.993,2347.538,1984315.25,2054876.8,1989573.18
2014-10-20,2346.052,2357.509,2356.728,2340.459,1600223.0,15.544,0.66,2357.511,2366.414,2345.383,2040321.5,2079967.2,2056506.09
2014-10-17,2352.784,2360.597,2341.184,2312.826,2123009.5,-15.315,-0.65,2359.367,2366.512,2344.504,2122075.52,2120055.92,2084051.15
2014-10-16,2361.13,2389.675,2356.499,2353.406,2482011.75,-17.171,-0.72,2366.039,2367.166,2344.042,2146815.87,2082503.26,2074636.44
2014-10-15,2358.233,2374.808,2373.67,2344.373,2028049.12,14.195,0.6,2372.613,2366.026,2341.801,2122253.52,2059990.41,2061646.76
2014-10-14,2362.802,2380.515,2359.475,2349.194,1968314.12,-6.534,-0.28,2374.438,2363.017,2339.033,2125438.35,2079711.23,2055158.79
2014-10-13,2366.426,2366.862,2366.009,2341.124,2008993.12,-8.531,-0.36,2375.317,2358.041,2337.385,2119612.9,2039734.99,2055238.24
2014-10-10,2380.755,2386.277,2374.54,2365.075,2246711.25,-14.831,-0.62,2373.657,2350.427,2335.406,2118036.33,2014678.03,2061379.55
2014-10-09,2383.859,2391.348,2389.371,2367.111,2359200.0,6.577,0.28,2368.293,2345.918,2332.022,2018190.65,1964655.39,2048788.98
2014-10-08,2368.576,2382.794,2382.794,2354.29,2043973.25,18.924,0.8,2359.439,2338.573,2326.985,1997727.3,1917824.44,2037068.48
2014-09-30,2361.318,2365.491,2363.87,2354.268,1939186.88,6.159,0.26,2351.595,2331.083,2321.148,2033984.1,1924269.56,2030932.25
2014-09-29,2353.708,2363.059,2357.711,2346.579,2001110.25,9.993,0.43,2340.765,2324.352,2314.73,1959857.08,2033044.98,1998556.2
2014-09-26,2339.288,2350.109,2347.718,2329.955,1747482.88,2.615,0.11,2327.196,2322.495,2307.704,1911319.73,2048046.38,1951101.94
2014-09-25,2352.865,2365.154,2345.103,2336.805,2256883.25,1.528,0.07,2323.543,2320.918,2300.109,1911120.13,2066769.63,1925842.3
2014-09-24,2302.231,2345.747,2343.575,2297.876,2225257.25,33.857,1.47,2317.708,2317.576,2293.327,1837921.58,2063303.1,1873441.08
2014-09-23,2289.091,2311.525,2309.718,2289.024,1568551.75,19.852,0.87,2310.571,2315.049,2286.504,1814555.03,2030606.36,1843931.93
2014-09-22,2323.554,2323.554,2289.866,2284.378,1758423.5,-39.585,-1.7,2307.939,2316.729,2282.482,2106232.88,2070741.5,1846564.13
2014-09-19,2312.984,2331.561,2329.451,2305.517,1746484.88,13.523,0.58,2317.793,2320.386,2280.029,2184773.03,2108081.08,1838698.79
2014-09-18,2303.85,2319.875,2315.928,2297.931,1890890.5,8.035,0.35,2318.293,2318.127,2275.079,2222419.13,2132922.56,1834241.3
2014-09-17,2298.982,2309.048,2307.893,2282.795,2108424.5,11.338,0.49,2317.443,2315.397,2271.294,2288684.63,2156312.51,1823525.97
2014-09-16,2341.027,2347.935,2296.555,2293.869,3026941.0,-42.585,-1.82,2319.526,2311.212,2268.165,2246657.7,2137594.94,1806977.04
2014-09-15,2330.187,2340.449,2339.14,2321.593,2151124.25,7.19,0.31,2325.52,2305.108,2265.311,2035250.13,1964067.43,1737594.3
2014-09-12,2308.346,2331.95,2331.95,2302.775,1934715.38,20.271,0.88,2322.979,2292.914,2259.691,2031389.13,1854157.5,1705027.43
2014-09-11,2315.732,2343.595,2311.679,2304.602,2222218.0,-6.626,-0.29,2317.961,2279.301,2253.416,2043426.0,1784914.98,1693366.23
2014-09-10,2318.496,2321.908,2318.305,2306.421,1898289.88,-8.222,-0.35,2313.351,2269.079,2248.976,2023940.4,1683579.06,1671286.73
2014-09-09,2328.426,2331.917,2326.527,2315.894,1969903.12,0.095,0.0,2302.899,2257.959,2244.141,2028532.17,1657257.5,1653771.76
2014-09-05,2311.305,2327.557,2326.432,2307.447,2131819.25,19.57,0.85,2284.696,2248.234,2239.047,1892884.73,1622386.76,1630568.31
2014-09-04,2290.029,2307.701,2306.862,2283.277,1994899.75,18.235,0.8,2262.849,2239.672,2232.447,1676925.88,1569316.51,1591568.07
2014-09-03,2268.395,2290.547,2288.627,2268.1,2124790.0,22.581,1.0,2240.64,2232.032,2226.487,1526403.95,1535560.04,1579439.72
2014-09-02,2239.684,2267.509,2266.046,2234.378,1921248.75,30.535,1.37,2224.808,2227.19,2222.929,1343217.73,1490739.43,1562056.08
2014-09-01,2220.129,2236.286,2235.511,2217.685,1291665.88,18.311,0.83,2213.02,2225.118,2220.624,1285982.83,1476359.14,1553687.13
2014-08-29,2198.946,2218.696,2217.2,2193.263,1052025.0,21.382,0.97,2211.773,2225.514,2220.015,1351888.8,1511121.18,1576152.54
2014-08-28,2210.484,2219.473,2195.818,2194.861,1242290.12,-13.647,-0.62,2216.495,2226.467,2218.42,1461707.15,1555897.36,1619288.81
2014-08-27,2207.03,2216.67,2209.465,2204.048,1208858.88,2.359,0.11,2223.423,2227.532,2218.707,1544716.13,1601817.48,1639520.13
2014-08-26,2225.291,2232.785,2207.106,2200.618,1635074.25,-22.168,-0.99,2229.572,2228.873,2217.296,1638261.13,1658994.39,1671538.28
2014-08-25,2241.1,2241.553,2229.274,2222.009,1621195.75,-11.538,-0.52,2237.217,2230.322,2216.101,1666735.45,1650286.01,1689916.69
2014-08-22,2228.974,2243.303,2240.812,2225.267,1601116.75,10.354,0.46,2239.255,2229.86,2213.534,1670353.55,1638749.86,1726949.78
2014-08-21,2239.568,2240.077,2230.458,2211.63,1657335.0,-9.753,-0.43,2236.44,2225.222,2207.824,1650087.58,1613819.63,1718141.86
2014-08-20,2241.664,2248.939,2240.211,2233.892,1676583.88,-5.119,-0.23,2231.641,2220.943,2201.555,1658918.83,1623319.4,1718113.61
2014-08-19,2242.34,2246.016,2245.33,2227.925,1777445.88,5.864,0.26,2228.175,2218.668,2193.469,1679727.65,1633372.73,1702930.52
2014-08-18,2229.804,2242.035,2239.466,2228.134,1639286.25,12.732,0.57,2223.428,2216.13,2184.976,1633836.58,1631015.13,1675654.16
2014-08-15,2207.226,2230.872,2226.734,2203.242,1499786.88,20.268,0.92,2220.465,2214.516,2175.727,1607146.18,1641183.9,1640618.78
2014-08-14,2221.541,2230.894,2206.466,2204.384,1701491.25,-16.411,-0.74,2214.003,2210.373,2167.343,1577551.68,1682680.25,1618949.98
2014-08-13,2223.051,2230.991,2222.877,2202.443,1780628.0,1.282,0.06,2210.244,2209.883,2159.8,1587719.98,1677222.78,1586121.33
2014-08-12,2222.696,2222.979,2221.595,2210.0,1547990.5,-3.059,-0.14,2209.162,2205.719,2152.02,1587017.8,1684082.16,1565653.94
2014-08-11,2199.433,2225.961,2224.654,2198.314,1505834.25,30.229,1.38,2208.832,2201.879,2144.458,1628193.68,1729547.38,1550498.8
2014-08-08,2188.709,2199.578,2194.425,2180.597,1351814.38,6.756,0.31,2208.567,2197.208,2136.557,1675221.63,1815149.7,1532766.95
2014-08-07,2216.659,2220.568,2187.669,2185.763,1752332.75,-29.796,-1.34,2206.743,2190.427,2129.184,1787808.83,1822464.09,1517720.28
2014-08-06,2212.003,2223.893,2217.465,2192.993,1777117.12,-2.48,-0.11,2209.521,2182.167,2121.718,1766725.58,1812907.81,1479075.55
2014-08-05,2224.632,2226.838,2219.945,2206.85,1753869.88,-3.386,-0.15,2202.277,2168.269,2112.775,1781146.53,1772488.31,1446872.61
2014-08-04,2190.036,2224.068,2223.331,2186.917,1740974.0,38.028,1.74,2194.926,2153.823,2104.979,1830901.08,1720293.19,1406705.82
2014-08-01,2194.17,2218.789,2185.303,2184.641,1914750.38,-16.259,-0.74,2185.85,2136.937,2096.809,1955077.78,1640053.66,1368241.49
2014-07-31,2179.543,2202.126,2201.562,2173.9,1646916.5,20.319,0.93,2174.112,2124.314,2090.512,1857119.35,1555219.72,1325008.37
2014-07-30,2178.179,2194.572,2181.243,2177.244,1849221.88,-1.949,-0.09,2154.812,2109.717,2083.596,1859090.05,1495019.88,1304125.84
2014-07-29,2179.826,2193.523,2183.192,2172.102,2002642.62,5.244,0.24,2134.261,2098.32,2077.504,1763830.1,1447225.72,1266441.7
2014-07-28,2135.249,2181.496,2177.948,2135.249,2361857.5,51.334,2.41,2112.719,2087.036,2070.864,1609685.3,1371450.22,1215538.27
2014-07-25,2108.714,2127.217,2126.614,2106.714,1424958.25,21.552,1.02,2088.025,2075.906,2064.383,1325029.54,1250384.2,1145778.7
2014-07-24,2079.632,2107.946,2105.062,2079.632,1656770.0,26.573,1.28,2074.516,2067.941,2059.878,1253320.09,1212976.47,1123326.79
2014-07-23,2074.195,2088.192,2078.489,2072.229,1372922.12,3.008,0.14,2064.621,2061.269,2056.558,1130949.71,1145243.29,1080966.18
2014-07-22,2050.5,2078.085,2075.481,2049.815,1231918.62,21.002,1.02,2062.379,2057.281,2053.909,1130621.34,1121256.91,1046089.88
2014-07-21,2057.767,2061.823,2054.479,2049.175,938578.69,-4.588,-0.22,2061.354,2056.135,2051.831,1133215.14,1093118.45,1020101.27
2014-07-18,2047.498,2067.233,2059.067,2045.996,1066411.0,3.476,0.17,2063.787,2056.68,2050.326,1175738.87,1096429.33,1008414.91
2014-07-17,2062.888,2062.888,2055.591,2046.189,1044918.12,-11.685,-0.56,2061.366,2056.711,2048.706,1172632.85,1094797.02,988677.98
2014-07-16,2068.343,2075.493,2067.276,2061.572,1371280.25,-3.081,-0.15,2057.916,2057.475,2047.113,1159536.86,1113231.8,982889.22
2014-07-15,2065.9,2070.358,2070.357,2059.679,1244887.62,3.711,0.18,2052.184,2056.689,2046.525,1111892.49,1085657.68,957947.88
2014-07-14,2047.744,2067.342,2066.646,2044.901,1151197.38,19.685,0.96,2050.916,2054.691,2046.343,1053021.75,1059626.33,939603.74
2014-07-11,2033.869,2051.737,2046.961,2033.004,1050880.88,8.619,0.42,2049.573,2052.859,2047.309,1017119.79,1041173.19,930013.75
2014-07-10,2036.54,2045.527,2038.342,2034.956,979438.19,-0.27,-0.01,2052.055,2051.814,2048.497,1016961.19,1033677.12,926057.11
2014-07-09,2061.635,2062.474,2038.612,2037.601,1133058.38,-25.409,-1.23,2057.033,2051.848,2049.166,1066926.73,1016689.08,917940.8
2014-07-08,2058.134,2064.433,2064.021,2047.204,950533.94,4.094,0.2,2061.194,2050.537,2049.982,1059422.88,970922.85,898510.06
2014-07-07,2058.128,2064.043,2059.927,2050.887,971687.56,0.552,0.03,2058.466,2047.528,2049.408,1066230.9,947084.09,890795.22
2014-07-04,2062.358,2065.078,2059.375,2054.217,1050087.88,-3.854,-0.19,2056.146,2043.972,2047.937,1065226.59,920400.49,874605.0
2014-07-03,2051.632,2066.641,2063.229,2048.081,1229265.88,3.811,0.18,2051.573,2040.701,2046.466,1050393.05,882558.95,855111.48
2014-07-02,2049.485,2060.595,2059.418,2044.035,1095539.12,9.037,0.44,2046.663,2036.752,2045.348,966451.42,852546.64,827622.95
2014-07-01,2051.225,2052.635,2050.381,2041.937,984574.06,2.054,0.1,2039.879,2036.362,2043.619,882422.82,830238.07,809052.38
2014-06-30,2038.613,2052.342,2048.327,2038.527,966666.0,11.919,0.58,2036.589,2037.994,2043.015,827937.27,819581.15,795615.74
2014-06-27,2031.907,2043.982,2036.51,2025.073,975920.19,-2.167,-0.11,2031.797,2041.759,2042.559,775574.4,818854.32,784856.89
2014-06-26,2025.662,2040.754,2038.677,2025.314,809557.75,13.175,0.65,2029.83,2045.18,2042.764,714724.85,818437.11,776682.34
2014-06-25,2030.433,2030.616,2025.502,2018.36,675396.12,-8.429,-0.41,2026.841,2046.484,2043.341,738641.85,819192.52,776873.78
2014-06-24,2023.699,2034.707,2033.931,2021.75,712146.31,9.566,0.47,2032.845,2049.428,2043.794,778053.32,826097.26,776892.91
2014-06-23,2026.226,2033.32,2024.365,2022.917,704851.62,-2.309,-0.11,2039.398,2051.288,2044.172,811225.02,834506.35,776426.21
2014-06-20,2013.414,2027.148,2026.674,2010.53,671672.44,2.939,0.14,2051.722,2051.902,2044.682,862134.24,828809.51,772927.66
2014-06-19,2054.62,2059.255,2023.735,2017.653,929142.75,-31.784,-1.55,2060.53,2052.23,2044.412,922149.36,827664.01,776708.27
2014-06-18,2064.383,2066.913,2055.519,2051.746,872453.5,-11.179,-0.54,2066.126,2053.944,2044.473,899743.19,802699.27,761156.91
2014-06-17,2080.482,2080.482,2066.698,2064.666,878004.81,-19.285,-0.93,2066.011,2050.876,2042.103,874141.2,787866.69,748206.93
2014-06-16,2070.699,2087.322,2085.983,2069.441,959397.69,15.268,0.74,2063.178,2048.037,2039.027,857787.68,771650.33,736971.4
2014-06-13,2049.206,2073.596,2070.715,2048.618,971748.06,19.002,0.93,2052.082,2043.36,2036.053,795484.78,750859.46,722178.35
2014-06-12,2051.582,2057.105,2051.713,2045.962,817111.88,-3.235,-0.16,2043.93,2040.348,2033.766,733178.65,734927.58,711513.53
2014-06-11,2049.128,2056.631,2054.948,2045.407,744443.56,2.416,0.12,2041.763,2040.199,2033.576,705655.35,734555.03,706663.49
2014-06-10,2033.207,2052.765,2052.532,2026.389,796237.19,22.03,1.08,2035.74,2038.161,2033.365,701592.18,727688.57,718053.01
2014-06-09,2024.942,2045.255,2030.502,2023.198,647883.19,0.546,0.03,2032.895,2037.055,2033.382,685512.99,718346.07,736112.19
2014-06-06,2040.864,2041.573,2029.956,2022.158,660217.44,-10.922,-0.54,2034.637,2037.462,2032.383,706234.15,717045.81,733587.32
2014-06-05,2019.442,2041.701,2040.878,2016.175,679495.38,16.044,0.79,2036.765,2036.595,2031.649,736676.5,725752.54,739509.14
2014-06-04,2037.989,2038.481,2024.834,2012.913,724127.69,-13.471,-0.66,2038.635,2035.002,2030.11,763454.71,719614.55,742714.47
2014-06-03,2039.196,2049.576,2038.305,2037.3,715841.25,-0.907,-0.04,2040.581,2033.331,2030.27,753784.95,708547.16,743812.79
2014-05-30,2040.394,2046.96,2039.212,2031.373,751489.0,-1.383,-0.07,2041.215,2030.018,2029.722,751179.14,702292.48,747987.43
2014-05-29,2051.84,2057.077,2040.595,2039.238,812429.19,-9.633,-0.47,2040.287,2028.748,2029.079,727857.46,693497.24,747677.27
2014-05-28,2034.561,2052.656,2050.228,2029.336,813386.44,15.663,0.77,2036.425,2027.185,2028.067,714828.58,688099.48,745166.44
2014-05-27,2039.791,2044.148,2034.565,2032.839,675778.88,-6.911,-0.34,2031.369,2026.954,2025.73,675774.39,678771.96,749394.75
2014-05-26,2042.028,2045.381,2041.476,2035.094,702812.19,6.907,0.34,2026.08,2028.57,2025.827,663309.37,708417.46,762126.97
2014-05-23,2020.115,2034.569,2034.569,2017.739,634880.62,13.284,0.66,2018.821,2029.709,2026.605,653405.81,753878.31,766079.34
2014-05-22,2023.148,2041.96,2021.285,2018.877,747284.75,-3.666,-0.18,2017.208,2027.305,2028.246,659137.01,750128.83,773601.07
2014-05-21,2001.306,2025.194,2024.951,1991.055,618115.5,16.832,0.84,2017.946,2026.704,2030.823,661370.37,753265.75,785596.77
2014-05-20,2011.846,2018.156,2008.119,2002.759,613453.81,2.936,0.15,2022.538,2025.217,2032.867,681769.52,765814.39,802880.18
2014-05-19,2023.014,2023.267,2005.183,1996.015,653294.38,-21.321,-1.05,2031.06,2027.209,2037.348,753525.54,779078.43,816285.34
2014-05-16,2023.596,2027.756,2026.504,2012.694,663536.62,1.53,0.08,2040.597,2029.426,2042.034,854350.81,793682.38,828568.78
2014-05-15,2044.377,2047.316,2024.974,2022.861,758451.56,-22.936,-1.12,2037.402,2029.411,2045.964,841120.65,801857.29,840072.78
2014-05-14,2049.27,2056.574,2047.91,2042.744,720111.25,-2.818,-0.14,2035.462,2028.948,2049.796,845161.13,802233.41,855915.78
2014-05-13,2055.079,2061.06,2050.728,2043.547,972233.88,-2.143,-0.1,2027.896,2024.506,2053.977,849859.26,820017.55,870949.14
2014-05-12,2022.932,2055.506,2052.871,2016.638,1157420.75,41.736,2.08,2023.358,2023.085,2057.968,804631.31,815836.49,888221.63
2014-05-09,2016.501,2020.454,2010.525,2001.3,597385.81,-4.749,-0.24,2018.255,2023.501,2062.039,733013.95,778280.37,908745.4
2014-05-08,2006.853,2036.941,2015.274,2005.685,778653.94,5.191,0.26,2021.421,2029.187,2066.775,762593.94,797073.31,931546.34
2014-05-07,2023.152,2024.631,2010.083,2008.451,743601.94,-17.955,-0.89,2022.435,2034.943,2070.925,759305.7,817927.8,959299.14
2014-05-06,2024.256,2038.705,2028.038,2021.485,746094.12,0.685,0.03,2021.115,2040.517,2073.363,790175.84,839945.97,963713.57
2014-05-05,2022.178,2028.957,2027.353,2007.351,799333.94,0.995,0.05,2022.812,2047.488,2074.146,827041.67,853492.26,980718.08
2014-04-30,2020.438,2029.538,2026.358,2016.577,745285.75,6.017,0.3,2028.748,2054.641,2075.728,823546.8,863455.19,992080.64
2014-04-29,2001.896,2021.68,2020.341,1997.64,762212.75,16.854,0.84,2036.952,2062.517,2076.783,831552.69,878288.27,996459.64
2014-04-28,2033.337,2035.99,2003.487,2000.137,897952.62,-33.032,-1.62,2047.45,2070.643,2077.431,876549.9,909598.14,1005527.27
2014-04-25,2060.538,2065.643,2036.519,2035.566,930423.31,-20.514,-1.0,2059.918,2083.449,2079.342,889716.11,921880.73,1021470.62
2014-04-24,2064.156,2075.757,2057.033,2056.193,781859.56,-10.349,-0.5,2072.164,2092.851,2079.846,879942.84,960606.76,1034524.15
2014-04-23,2068.084,2076.349,2067.382,2059.109,785315.19,-5.449,-0.26,2080.534,2100.578,2080.178,903363.58,1039210.42,1046736.73
2014-04-22,2062.787,2073.663,2072.831,2047.332,987198.81,7.005,0.34,2088.082,2104.363,2080.174,925023.85,1066019.37,1073382.09
2014-04-21,2085.98,2103.078,2065.826,2065.234,963783.69,-31.922,-1.52,2093.836,2106.908,2079.847,942646.39,1100670.48,1097872.19
2014-04-18,2091.48,2099.637,2097.748,2081.185,881556.94,-1.137,-0.05,2106.979,2106.209,2078.936,954045.35,1087481.17,1121921.83
2014-04-17,2108.947,2110.716,2098.885,2095.714,898963.25,-6.237,-0.3,2113.538,2100.804,2073.723,1041270.69,1107943.9,1133010.51
2014-04-16,2097.213,2112.05,2105.122,2092.157,893616.56,3.521,0.17,2120.621,2096.815,2069.865,1175057.26,1120706.1,1135652.75
2014-04-15,2125.902,2125.902,2101.601,2098.15,1075311.5,-29.938,-1.41,2120.644,2091.048,2065.869,1207014.9,1114631.02,1139360.52
2014-04-14,2127.409,2134.434,2131.539,2116.61,1020778.5,0.997,0.05,2119.98,2084.219,2061.973,1258694.57,1101456.41,1128720.13
2014-04-11,2130.368,2138.651,2130.542,2120.179,1317683.62,-3.758,-0.18,2105.439,2075.236,2055.613,1220916.99,1121060.52,1121568.76
2014-04-10,2105.876,2146.67,2134.3,2098.079,1567896.12,29.063,1.38,2088.071,2066.841,2050.041,1174617.11,1108441.53,1106173.64
2014-04-09,2100.651,2108.75,2105.237,2095.64,1053404.75,6.953,0.33,2073.008,2059.778,2043.211,1066354.94,1054263.04,1078459.69
2014-04-08,2054.53,2102.452,2098.284,2052.9,1333709.88,39.453,1.92,2061.453,2055.985,2038.007,1022247.14,1080744.8,1072142.09
2014-04-04,2037.552,2060.104,2058.831,2035.221,831890.56,15.129,0.74,2048.457,2052.785,2033.046,944218.24,1095073.9,1063304.92
2014-04-03,2063.497,2066.007,2043.702,2037.447,1086184.25,-15.286,-0.74,2045.034,2051.663,2032.999,1021204.05,1156362.49,1073565.16
2014-04-02,2049.423,2060.778,2058.988,2046.742,1026585.25,11.528,0.56,2045.611,2046.641,2033.793,1042265.95,1158077.12,1073901.02
2014-04-01,2031.005,2050.681,2047.46,2028.096,832865.75,14.154,0.7,2046.547,2042.916,2033.498,1042171.14,1150599.4,1076438.3
2014-03-31,2043.045,2048.134,2033.306,2024.185,943565.38,-8.406,-0.41,2050.517,2040.689,2034.699,1139242.46,1164090.01,1092757.91
2014-03-28,2046.851,2060.134,2041.712,2035.243,1216819.62,-4.876,-0.24,2057.112,2039.726,2036.795,1245929.56,1155983.85,1109310.08
2014-03-27,2060.812,2073.982,2046.588,2042.713,1191493.75,-17.082,-0.83,2058.293,2035.989,2037.525,1291520.94,1122077.0,1104288.06
2014-03-26,2070.574,2074.572,2063.67,2057.648,1026111.19,-3.641,-0.18,2047.672,2033.241,2037.563,1273888.29,1103905.74,1110795.29
2014-03-25,2063.323,2079.551,2067.311,2057.491,1318222.38,1.032,0.05,2039.284,2026.643,2036.442,1259027.65,1102656.34,1114546.08
2014-03-24,2050.827,2074.056,2066.279,2043.33,1477000.88,18.66,0.91,2030.861,2020.028,2034.788,1188937.56,1063539.37,1118701.45
2014-03-21,1987.679,2052.472,2047.619,1986.071,1444776.5,54.14,2.72,2022.34,2013.307,2035.308,1066038.14,1031535.94,1106629.06
2014-03-20,2017.22,2030.847,1993.479,1993.002,1103330.5,-28.255,-1.4,2013.684,2014.335,2038.612,952633.06,990767.83,1093221.56
2014-03-19,2019.98,2022.181,2021.734,2002.441,951808.0,-3.462,-0.17,2018.811,2020.945,2045.877,933923.2,989724.92,1116581.17
2014-03-18,2026.224,2034.917,2025.196,2020.41,967771.94,1.523,0.07,2014.002,2024.08,2051.918,946285.04,1002277.21,1144621.4
2014-03-17,2009.882,2024.372,2023.673,1999.249,862503.75,19.334,0.96,2009.194,2028.708,2056.611,938141.17,1021425.8,1167667.46
2014-03-14,2008.825,2017.913,2004.339,1990.98,877751.12,-14.772,-0.73,2004.273,2033.864,2062.198,997033.75,1062636.31,1194664.49
2014-03-13,2000.695,2029.12,2019.111,1996.529,1009781.19,21.419,1.07,2014.987,2039.06,2067.774,1028902.6,1086499.11,1206535.91
2014-03-12,1996.239,2011.06,1997.692,1974.382,1013617.19,-3.465,-0.17,2023.08,2041.885,2071.738,1045526.64,1117684.85,1229313.17
2014-03-11,1994.415,2008.071,2001.157,1985.599,927052.62,2.092,0.1,2034.158,2046.241,2077.351,1058269.38,1126435.81,1241798.9
2014-03-10,2042.352,2042.634,1999.065,1995.549,1156966.62,-58.843,-2.86,2048.222,2049.547,2082.477,1104710.43,1173863.53,1266551.93
2014-03-07,2058.375,2079.49,2057.908,2050.47,1037095.38,-1.67,-0.08,2063.456,2057.309,2086.827,1128238.88,1181722.18,1270869.52
2014-03-06,2050.032,2065.79,2059.578,2030.946,1092901.38,6.494,0.32,2063.134,2062.888,2086.157,1144095.63,1195675.29,1255814.13
2014-03-05,2073.295,2074.815,2053.084,2050.175,1077330.88,-18.389,-0.89,2060.69,2070.808,2084.832,1189843.05,1243437.43,1232476.65
2014-03-04,2068.107,2074.025,2071.473,2050.125,1159257.88,-3.762,-0.18,2058.324,2079.755,2084.673,1194602.25,1286965.59,1215542.84
2014-03-03,2052.075,2078.333,2075.235,2047.067,1274608.88,18.933,0.92,2050.873,2084.515,2083.025,1243016.63,1313909.11,1193844.47
2014-02-28,2040.624,2058.489,2056.302,2020.935,1116379.12,8.948,0.44,2051.163,2090.533,2080.929,1235205.47,1326692.66,1174521.73
2014-02-27,2045.096,2068.314,2047.354,2036.391,1321638.5,6.1,0.3,2062.641,2096.487,2080.833,1247254.95,1326572.7,1165176.74
2014-02-26,2026.61,2041.627,2041.254,2014.381,1101126.88,7.035,0.35,2080.927,2101.592,2080.574,1297031.8,1340941.49,1141200.11
2014-02-25,2077.285,2087.616,2034.219,2026.543,1401329.75,-42.467,-2.04,2101.187,2108.462,2081.099,1379328.92,1357161.99,1135590.19
2014-02-24,2099.717,2099.717,2076.686,2058.791,1235553.12,-37.007,-1.75,2118.156,2115.407,2079.804,1384801.6,1359240.34,1095446.16
2014-02-21,2131.592,2132.703,2113.693,2098.328,1176626.5,-25.089,-1.17,2129.902,2116.345,2075.532,1418179.85,1360016.86,1061804.13
2014-02-20,2152.891,2177.978,2138.782,2136.481,1570522.75,-3.772,-0.18,2130.333,2109.426,2070.095,1405890.45,1315952.97,1036625.66
2014-02-19,2116.919,2152.961,2142.554,2111.168,1512612.5,23.488,1.11,2122.257,2098.856,2064.341,1384851.18,1221515.88,994477.39
2014-02-18,2134.143,2134.143,2119.066,2113.128,1428693.12,-16.349,-0.77,2115.737,2089.592,2058.381,1334995.05,1144120.09,952564.87
2014-02-17,2124.88,2136.447,2135.415,2117.689,1402444.38,19.567,0.93,2112.658,2081.536,2053.77,1333679.08,1073779.82,916313.52
2014-02-14,2097.32,2116.186,2115.848,2095.09,1115179.5,17.447,0.83,2102.788,2071.325,2047.477,1301853.88,1022350.81,879463.69
2014-02-13,2106.934,2122.826,2098.401,2096.966,1465326.38,-11.554,-0.55,2088.518,2065.179,2042.349,1226015.49,1003780.78,861512.78
2014-02-12,2103.828,2110.904,2109.955,2096.509,1263331.88,6.284,0.3,2075.455,2059.557,2038.811,1058180.58,941458.73,826217.4
2014-02-11,2086.177,2111.061,2103.671,2082.522,1422113.25,17.604,0.84,2063.446,2053.737,2035.53,953245.12,914018.39,798874.48
2014-02-10,2049.984,2087.975,2086.067,2049.984,1243318.38,41.57,2.03,2050.415,2044.201,2032.712,813880.56,831651.98,759470.29
2014-02-07,2022.323,2044.73,2044.497,2014.698,735987.56,11.414,0.56,2039.861,2034.719,2030.694,742847.74,763591.39,742098.17
2014-01-30,2045.931,2045.931,2033.083,2031.466,626151.81,-16.831,-0.82,2041.84,2030.765,2032.626,781546.06,757298.36,747547.42
2014-01-29,2042.176,2051.583,2049.914,2039.771,738654.62,11.401,0.56,2043.66,2029.826,2036.441,824736.88,767438.89,750482.57
2014-01-28,2036.402,2047.129,2038.513,2026.987,725290.44,5.213,0.26,2044.027,2027.17,2039.745,874791.66,761009.66,753787.03
2014-01-27,2044.272,2044.846,2033.3,2029.626,888154.25,-21.092,-1.03,2037.987,2026.003,2042.695,849423.4,758847.22,754565.03
2014-01-24,2037.667,2060.986,2054.392,2034.453,929479.19,12.212,0.6,2029.577,2023.629,2046.093,784335.05,736576.58,748535.73
2014-01-23,2048.331,2052.528,2042.18,2039.052,842105.88,-9.569,-0.47,2019.689,2019.52,2047.028,733050.65,719244.78,741332.48
2014-01-22,2009.969,2052.339,2051.749,2008.93,988928.56,43.436,2.16,2015.993,2018.064,2050.237,710140.91,710976.07,731796.73
2014-01-21,1992.015,2014.152,2008.313,1992.015,598449.12,17.06,0.86,2010.313,2017.323,2052.295,647227.65,683730.57,717476.04
2014-01-20,2001.894,2005.938,1991.253,1984.824,562712.5,-13.696,-0.68,2014.019,2021.223,2056.364,668271.05,687288.6,721626.9
2014-01-17,2017.522,2017.868,2004.949,2001.33,673057.19,-18.752,-0.93,2017.681,2026.669,2061.041,688818.1,720604.96,736878.88
2014-01-16,2022.538,2034.707,2023.701,2014.407,727557.19,0.353,0.02,2019.351,2034.488,2067.184,705438.9,737796.48,739787.76
2014-01-15,2024.228,2027.409,2023.348,2010.204,674362.25,-3.494,-0.17,2020.135,2043.056,2073.413,711811.22,733526.25,735496.69
2014-01-14,2007.156,2027.428,2026.842,2001.135,703666.12,17.278,0.86,2024.333,2052.319,2079.799,720233.5,746564.4,741068.05
2014-01-13,2014.978,2027.181,2009.564,2000.404,665447.75,-3.734,-0.18,2028.428,2059.388,2086.5,706306.15,750282.84,756578.54
2014-01-10,2023.535,2029.297,2013.298,2008.007,756161.19,-14.324,-0.71,2035.657,2068.557,2095.826,752391.81,760494.89,765856.66
2014-01-09,2041.773,2057.196,2027.622,2026.446,759418.81,-16.718,-0.82,2049.625,2074.537,2105.301,770154.06,763420.18,771102.93
2014-01-08,2047.256,2062.952,2044.34,2037.11,716473.62,-2.977,-0.14,2065.978,2082.41,2114.128,755241.28,752617.39,787868.57
2014-01-07,2034.224,2052.279,2047.317,2029.246,634029.38,1.608,0.08,2080.305,2087.267,2123.786,772895.3,751221.5,806566.46
2014-01-06,2078.684,2078.684,2045.709,2034.006,895876.06,-37.427,-1.8,2090.348,2091.505,2133.33,794259.54,755965.2,821501.81
2014-01-03,2101.542,2102.167,2083.136,2075.899,844972.44,-26.251,-1.24,2101.456,2095.414,2142.9,768597.98,753152.81,828558.47
2014-01-02,2112.126,2113.11,2109.387,2101.016,684854.88,-6.591,-0.31,2099.449,2099.88,2151.096,756686.3,741779.04,847334.05
2013-12-31,2090.679,2120.274,2115.978,2087.415,804743.75,18.449,0.88,2098.842,2103.769,2158.215,749993.51,737467.14,891737.78
2013-12-30,2108.883,2112.009,2097.529,2095.063,740850.56,-3.722,-0.18,2094.228,2107.28,2163.549,729547.7,735571.7,908253.8
2013-12-27,2074.592,2110.357,2101.251,2069.59,767568.25,28.152,1.36,2092.663,2113.613,2169.042,717670.86,762874.24,958352.26
2013-12-26,2102.66,2102.66,2073.099,2070.546,785414.06,-33.255,-1.58,2089.372,2123.095,2175.004,737707.64,771218.43,973453.38
2013-12-25,2095.019,2107.232,2106.354,2088.297,651390.94,13.449,0.64,2100.31,2136.065,2182.318,726871.79,778785.69,1001411.06
2013-12-24,2094.073,2111.805,2092.905,2079.81,702514.69,3.198,0.15,2108.697,2145.846,2187.054,724940.76,823119.74,1026533.72
2013-12-23,2089.539,2099.522,2089.707,2068.543,681466.38,4.913,0.24,2120.331,2160.305,2191.562,741595.7,861911.41,1041638.4
2013-12-20,2128.374,2131.737,2084.794,2082.855,867752.12,-42.998,-2.02,2134.562,2175.154,2196.382,808077.61,887038.41,1061706.41
2013-12-19,2153.674,2159.142,2127.792,2126.246,731234.81,-20.493,-0.95,2156.818,2190.385,2201.962,804729.21,903964.13,1075252.03
2013-12-18,2150.412,2156.593,2148.285,2142.624,641735.81,-2.794,-0.13,2171.819,2202.313,2205.86,830699.59,952889.06,1107313.05
2013-12-17,2161.536,2165.543,2151.079,2146.314,785789.38,-9.782,-0.45,2182.995,2212.66,2208.777,921298.73,1046008.42,1134707.19
2013-12-16,2197.234,2201.696,2160.861,2159.987,1013875.94,-35.214,-1.6,2200.278,2219.819,2210.879,982227.13,1080935.89,1157958.87
2013-12-13,2188.259,2204.637,2196.075,2183.842,851010.12,-6.721,-0.3,2215.746,2224.47,2212.697,965999.21,1153830.29,1186016.43
2013-12-12,2199.317,2214.548,2202.796,2194.901,861086.69,-1.37,-0.06,2223.952,2226.913,2209.684,1003199.05,1175688.33,1206413.19
2013-12-11,2228.633,2228.633,2204.166,2193.16,1094731.5,-33.326,-1.49,2232.806,2228.571,2204.57,1075078.54,1224036.43,1205258.54
2013-12-10,2239.864,2250.504,2237.492,2231.68,1090431.38,-0.708,-0.03,2242.325,2228.261,2198.759,1170718.11,1229947.69,1194650.51
2013-12-09,2241.793,2249.169,2238.2,2231.734,932736.38,1.092,0.05,2239.361,2222.819,2193.223,1179644.66,1221365.39,1179852.31
2013-12-06,2242.563,2248.147,2237.108,2228.632,1037009.31,-9.955,-0.44,2233.195,2217.611,2186.786,1341661.36,1236374.4,1168054.64
2013-12-05,2252.723,2255.261,2247.063,2239.144,1220484.12,-4.699,-0.21,2229.874,2213.538,2180.237,1348177.6,1246539.93,1157752.6
2013-12-04,2219.965,2260.871,2251.762,2215.916,1572929.38,29.092,1.31,2224.336,2209.408,2174.354,1372994.33,1261737.03,1137649.7
2013-12-03,2196.824,2227.925,2222.67,2193.251,1135064.12,15.299,0.69,2214.197,2204.893,2168.746,1289177.27,1223405.95,1109246.91
2013-12-02,2203.122,2231.921,2207.371,2172.633,1742819.88,-13.133,-0.59,2206.278,2201.939,2165.475,1263086.11,1234981.85,1098443.72
2013-11-29,2221.618,2224.944,2220.504,2212.263,1069590.5,1.132,0.05,2202.027,2200.924,2162.588,1131087.44,1218202.58,1049376.7
2013-11-28,2204.378,2234.387,2219.372,2202.623,1344567.75,18.302,0.83,2197.202,2192.456,2159.041,1144902.26,1237138.05,1040456.41
2013-11-27,2181.725,2207.617,2201.07,2176.847,1153844.12,17.997,0.82,2194.48,2180.569,2155.153,1150479.73,1186480.65,1027259.53
2013-11-26,2184.332,2192.579,2183.073,2176.177,1004608.31,-3.042,-0.14,2195.589,2169.256,2153.123,1157634.63,1159353.34,1029389.01
2013-11-25,2186.058,2209.148,2186.115,2181.418,1082826.5,-10.263,-0.47,2197.599,2163.626,2150.412,1206877.6,1138339.24,1050705.0
2013-11-22,2206.471,2211.066,2196.378,2188.767,1138664.62,-9.388,-0.43,2199.82,2155.962,2147.8,1305317.72,1099734.89,1040764.34
2013-11-21,2197.008,2206.531,2205.766,2177.735,1372455.12,-0.847,-0.04,2187.71,2146.937,2144.629,1329373.85,1068965.28,1040793.37
2013-11-20,2201.474,2207.105,2206.613,2186.642,1189618.62,13.488,0.61,2166.658,2139.3,2142.557,1222481.57,1013562.38,1023675.09
2013-11-19,2198.318,2203.297,2193.125,2186.114,1250823.12,-4.094,-0.19,2142.924,2132.6,2141.381,1161072.04,995087.86,1037367.7
2013-11-18,2147.373,2198.316,2197.219,2143.768,1575027.12,61.392,2.87,2129.653,2129.011,2142.258,1069800.87,961905.58,1049392.96
2013-11-15,2100.9,2153.213,2135.827,2100.786,1258945.25,35.321,1.68,2112.103,2124.252,2143.858,894152.05,880550.81,1038988.81
2013-11-14,2087.119,2102.38,2100.506,2078.988,837993.75,12.565,0.6,2106.163,2125.626,2146.756,808556.71,843774.76,1027903.86
2013-11-13,2117.886,2117.912,2087.941,2086.006,882570.94,-38.831,-1.83,2111.942,2129.737,2151.158,804643.19,868038.41,1049388.15
2013-11-12,2110.724,2127.938,2126.772,2108.396,794467.31,17.301,0.82,2122.275,2136.989,2156.415,829103.69,899424.68,1082578.92
2013-11-11,2103.299,2117.28,2109.471,2093.626,696783.0,3.344,0.16,2128.369,2137.198,2161.747,854010.29,963070.76,1119716.96
2013-11-08,2120.923,2128.581,2106.127,2103.51,830968.56,-23.273,-1.09,2136.402,2139.638,2168.162,866949.57,981793.79,1167869.51
2013-11-07,2136.627,2141.6,2129.4,2119.186,818426.12,-10.207,-0.48,2145.089,2142.321,2174.263,878992.81,1012621.46,1204767.17
2013-11-06,2149.39,2166.171,2139.607,2138.78,1004873.44,-17.633,-0.82,2147.531,2145.813,2177.339,931433.64,1033787.79,1238733.81
2013-11-05,2139.837,2158.148,2157.24,2124.845,919000.31,7.606,0.35,2151.703,2150.163,2180.947,969745.67,1079647.54,1253926.01
2013-11-04,2156.087,2160.578,2149.634,2143.207,761479.44,0.072,0.0,2146.027,2155.504,2182.995,1072131.24,1136880.33,1271331.09
2013-11-01,2139.88,2157.313,2149.562,2132.629,891184.75,7.948,0.37,2142.874,2163.465,2184.247,1096638.0,1197426.8,1279662.16
2013-10-31,2155.511,2155.511,2141.614,2137.466,1080630.25,-18.849,-0.87,2139.553,2167.886,2184.77,1146250.1,1212032.96,1287803.82
2013-10-30,2126.69,2161.935,2160.463,2121.841,1196433.62,31.599,1.48,2144.095,2172.579,2185.48,1136141.95,1230737.88,1303979.98
2013-10-29,2135.226,2163.657,2128.864,2093.197,1430928.12,-5.005,-0.23,2148.623,2175.84,2187.382,1189549.4,1265733.16,1324264.68
2013-10-28,2135.879,2140.957,2133.869,2123.069,884013.25,0.914,0.04,2164.981,2186.295,2191.316,1201629.43,1276363.17,1332925.8
2013-10-25,2163.689,2170.612,2132.955,2122.678,1139245.25,-31.367,-1.45,2184.055,2196.685,2195.674,1298215.6,1353945.23,1355312.57
2013-10-24,2178.82,2183.412,2164.322,2159.871,1030089.5,-18.785,-0.86,2196.22,2206.205,2198.619,1277815.81,1396912.88,1355906.25
2013-10-23,2213.274,2226.847,2183.107,2177.725,1463470.88,-27.545,-1.25,2201.064,2208.865,2199.681,1325333.81,1443679.83,1381673.05
2013-10-22,2227.341,2227.341,2210.652,2204.244,1491328.25,-18.585,-0.83,2203.057,2211.731,2202.096,1341916.91,1428204.48,1385941.52
2013-10-21,2198.114,2230.285,2229.237,2190.394,1366944.12,35.457,1.62,2207.609,2210.486,2203.374,1351096.91,1405781.86,1397367.22
2013-10-18,2188.714,2203.291,2193.78,2184.36,1037246.31,5.238,0.24,2209.316,2205.029,2204.692,1409674.86,1361897.53,1433877.57
2013-10-17,2201.71,2211.03,2188.542,2183.246,1267679.5,-4.532,-0.21,2216.189,2201.654,2207.067,1516009.95,1363574.68,1504189.98
2013-10-16,2228.113,2228.113,2193.074,2183.403,1546386.38,-40.338,-1.81,2216.667,2198.38,2209.539,1562025.85,1377222.08,1559409.33
2013-10-15,2237.931,2240.25,2233.412,2221.139,1537228.25,-4.361,-0.2,2220.406,2198.924,2210.511,1514492.05,1382796.21,1591803.55
2013-10-14,2232.218,2242.984,2237.773,2226.403,1659833.88,9.627,0.43,2213.363,2196.336,2205.84,1460466.8,1389488.43,1586572.47
2013-10-11,2201.409,2228.871,2228.146,2200.53,1568921.75,37.217,1.7,2200.742,2194.663,2200.073,1314120.19,1356679.91,1566852.82
2013-10-10,2214.405,2214.592,2190.929,2186.48,1497759.0,-20.84,-0.94,2187.118,2191.034,2195.047,1211139.41,1314899.62,1559406.93
2013-10-09,2191.392,2212.347,2211.769,2185.181,1308717.38,13.57,0.62,2180.094,2190.497,2191.656,1192418.31,1319666.27,1553965.57
2013-10-08,2171.904,2200.018,2198.199,2161.489,1267102.0,23.534,1.08,2177.443,2192.46,2185.99,1251100.36,1343678.56,1563108.96
2013-09-30,2167.734,2176.303,2174.665,2165.162,928100.81,14.638,0.68,2179.309,2196.262,2180.999,1318510.06,1388952.58,1584791.68
2013-09-27,2150.961,2165.777,2160.027,2149.594,1054017.88,4.218,0.2,2188.585,2204.356,2177.127,1399239.62,1505857.61,1605020.76
2013-09-26,2192.226,2192.226,2155.809,2154.721,1404153.5,-42.706,-1.94,2194.95,2212.48,2174.191,1418659.82,1644805.27,1633015.87
2013-09-25,2206.225,2217.974,2198.515,2193.722,1602127.62,-9.016,-0.41,2200.9,2220.698,2171.578,1446914.22,1741596.57,1625979.18
2013-09-24,2219.467,2219.543,2207.531,2187.236,1604150.5,-13.513,-0.61,2207.477,2222.098,2166.476,1436256.75,1800810.89,1605839.12
2013-09-23,2199.361,2223.068,2221.044,2198.336,1331748.62,29.193,1.33,2213.215,2215.344,2158.973,1459395.1,1783656.5,1581844.77
2013-09-18,2185.936,2195.904,2191.851,2172.043,1151118.88,6.291,0.29,2220.127,2205.483,2151.277,1612475.6,1777025.74,1560721.5
2013-09-17,2230.388,2230.929,2185.56,2184.922,1545425.5,-45.841,-2.05,2230.01,2199.059,2145.332,1870950.72,1803914.24,1546888.55
2013-09-16,2244.463,2248.471,2231.401,2226.171,1548840.25,-4.816,-0.21,2240.495,2192.814,2139.684,2036278.92,1788264.86,1523308.16
2013-09-13,2251.462,2259.424,2236.217,2228.483,1719842.25,-19.388,-0.86,2236.718,2179.519,2132.394,2165365.02,1782539.36,1494589.54
2013-09-12,2236.171,2270.268,2255.605,2226.288,2097151.12,14.337,0.64,2217.473,2165.736,2124.006,2107917.9,1780630.79,1485129.09
2013-09-11,2244.962,2258.075,2241.268,2233.003,2443494.5,3.284,0.15,2190.838,2149.898,2115.32,1941575.87,1704183.9,1429969.86
2013-09-10,2214.814,2238.551,2237.984,2202.817,2372066.5,25.468,1.15,2168.108,2135.901,2108.263,1736877.75,1621226.48,1365014.04
2013-09-09,2151.347,2218.529,2212.516,2151.347,2194270.75,72.523,3.39,2145.134,2122.459,2101.672,1540250.8,1510361.79,1305265.15
2013-09-06,2119.333,2143.244,2139.993,2119.021,1432606.62,17.563,0.83,2122.32,2110.855,2096.11,1399713.7,1410867.36,1263116.1
2013-09-05,2125.255,2127.855,2122.43,2115.236,1265441.0,-5.188,-0.24,2113.998,2102.602,2091.722,1453343.68,1380033.05,1239143.98
2013-09-04,2121.68,2132.996,2127.618,2115.753,1420003.88,4.506,0.21,2108.957,2097.071,2087.845,1466791.93,1344417.26,1217938.58
2013-09-03,2100.449,2123.847,2123.112,2095.455,1388931.75,24.664,1.18,2103.694,2091.605,2083.803,1505575.2,1289862.86,1200794.68
2013-09-02,2104.09,2108.683,2098.448,2078.455,1491585.25,0.066,0.0,2099.785,2086.554,2080.673,1480472.77,1258351.46,1184138.58
2013-08-30,2097.217,2114.393,2098.382,2089.095,1700756.5,1.155,0.06,2099.39,2085.269,2078.274,1422021.02,1206639.72,1152318.3
2013-08-29,2108.436,2110.894,2097.227,2088.236,1332682.25,-4.074,-0.19,2091.205,2082.276,2074.826,1306722.42,1189627.39,1114076.86
2013-08-28,2092.311,2113.817,2101.301,2080.861,1613920.25,-2.266,-0.11,2085.185,2080.741,2071.418,1222042.59,1155755.82,1093071.09
2013-08-27,2095.44,2105.376,2103.567,2090.425,1263419.62,7.093,0.34,2079.517,2080.625,2066.043,1074150.52,1108801.6,1047455.38
2013-08-26,2061.417,2097.344,2096.474,2056.133,1199326.5,39.016,1.9,2073.322,2080.884,2060.368,1036230.15,1100168.51,1022894.29
2013-08-23,2075.929,2079.846,2057.458,2029.365,1124263.5,-9.666,-0.47,2071.148,2081.365,2054.36,991258.41,1115364.84,1002269.6
2013-08-22,2069.313,2083.333,2067.124,2062.367,909283.06,-5.837,-0.28,2073.347,2080.843,2052.029,1072532.36,1098254.91,982956.64
2013-08-21,2076.271,2076.317,2072.961,2056.913,874459.94,0.366,0.02,2076.298,2078.62,2049.732,1089469.06,1091459.89,986765.18
2013-08-20,2081.966,2098.98,2072.595,2066.072,1073817.75,-13.007,-0.62,2081.733,2076.001,2047.75,1143452.67,1111726.5,996370.07
2013-08-19,2055.128,2091.132,2085.602,2052.703,974467.81,17.15,0.83,2088.445,2074.792,2046.314,1164106.87,1109925.7,997437.86
2013-08-16,2075.983,2198.848,2068.452,2061.654,1530633.25,-13.428,-0.65,2091.582,2071.28,2042.272,1239471.26,1097996.89,990175.56
2013-08-15,2099.279,2108.405,2081.88,2079.969,993966.56,-18.257,-0.87,2088.338,2067.376,2038.482,1123977.46,1038526.33,965932.69
2013-08-14,2109.225,2122.965,2100.137,2093.043,1144378.0,-6.019,-0.29,2080.941,2062.095,2035.558,1093450.73,1030386.36,962300.38
2013-08-13,2101.324,2106.397,2106.156,2093.796,1177088.75,4.873,0.23,2070.269,2051.461,2032.797,1080000.33,986109.16,956707.14
2013-08-12,2058.416,2102.347,2101.283,2055.715,1351289.75,49.048,2.39,2061.138,2039.852,2030.775,1055744.53,945620.07,946221.4
2013-08-09,2052.244,2061.708,2052.235,2030.127,953164.25,7.34,0.36,2050.978,2027.354,2028.68,956522.51,889174.37,929392.09
2013-08-08,2044.436,2058.561,2044.895,2037.251,841332.88,-1.883,-0.09,2046.414,2023.216,2028.043,953075.2,867658.38,942320.97
2013-08-07,2056.367,2069.561,2046.778,2043.75,1077126.0,-13.722,-0.67,2043.249,2020.844,2029.448,967322.0,882070.46,980239.71
2013-08-06,2043.653,2066.74,2060.5,2034.957,1055809.75,10.019,0.49,2032.653,2019.499,2027.515,892218.0,881013.63,971282.4
2013-08-05,2031.724,2050.911,2050.481,2025.226,855179.69,21.063,1.04,2018.566,2017.836,2022.763,835495.61,884950.02,950761.28
2013-08-02,2039.514,2047.084,2029.418,2025.654,935927.69,0.351,0.02,2003.731,2013.264,2018.153,821826.23,882354.24,950070.54
2013-08-01,2000.818,2029.928,2029.067,1997.058,912566.88,35.268,1.77,2000.017,2009.588,2017.042,782241.55,893339.04,948946.77
2013-07-31,2000.794,2015.472,1993.799,1987.88,701606.0,3.735,0.19,1998.439,2009.02,2015.893,796818.91,894214.4,953515.52
2013-07-30,1981.452,2006.232,1990.064,1965.361,772197.81,13.758,0.7,2006.345,2014.133,2015.917,869809.26,927305.12,965168.45
2013-07-29,1997.838,1997.838,1976.306,1969.853,786832.75,-34.544,-1.72,2017.107,2021.698,2016.741,934404.42,946822.74,969766.27
2013-07-26,2013.19,2021.574,2010.85,2000.797,738004.31,-10.324,-0.51,2022.798,2030.007,2017.688,942882.25,969609.82,969450.33
2013-07-25,2037.336,2045.365,2021.174,2016.431,985453.69,-12.155,-0.6,2019.158,2032.87,2016.106,1004436.53,1016983.56,982919.1
2013-07-24,2035.691,2042.773,2033.329,2010.424,1066557.75,-10.547,-0.52,2019.602,2038.052,2012.548,991609.89,1078408.97,986553.07
2013-07-23,2008.955,2051.526,2043.876,2005.092,1095173.62,39.114,1.95,2021.921,2035.532,2008.456,984800.98,1061551.18,983821.45
2013-07-22,1977.733,2005.474,2004.762,1970.639,829221.88,12.114,0.61,2026.29,2027.69,2004.238,959241.05,1016572.54,998142.02
2013-07-19,2025.317,2035.22,1992.648,1990.253,1045775.69,-30.748,-1.52,2037.215,2023.041,2002.162,996337.39,1017786.85,1011280.03
2013-07-18,2038.4,2043.372,2023.396,2016.899,921320.5,-21.526,-1.05,2046.583,2024.496,2006.184,1029530.6,1004554.51,998827.86
2013-07-17,2061.186,2075.813,2044.922,2043.231,1032513.19,-20.798,-1.01,2056.502,2022.766,2009.215,1165208.05,1012816.64,991655.8
2013-07-16,2054.6,2066.363,2065.72,2038.535,967374.0,6.33,0.31,2049.143,2017.701,2014.142,1138301.37,1003031.79,977742.65
2013-07-15,2046.119,2076.665,2059.39,2037.248,1014703.56,19.904,0.98,2029.089,2011.785,2018.82,1073904.04,992709.81,964190.09
2013-07-12,2068.044,2074.857,2039.486,2036.05,1211741.75,-33.505,-1.62,2008.866,2005.37,2023.661,1039236.31,969290.84,951333.8
2013-07-11,2011.02,2092.868,2072.991,2010.4,1599707.75,64.865,3.23,2002.409,1999.342,2029.789,979578.41,948854.64,929675.45
2013-07-10,1962.84,2009.36,2008.126,1960.277,897979.81,42.672,2.17,1989.03,1987.044,2033.557,860425.22,894697.18,896875.61
2013-07-09,1953.602,1969.149,1965.454,1946.366,645387.31,7.181,0.37,1986.258,1981.381,2043.696,867762.2,906091.72,896965.66
2013-07-08,1983.215,1983.215,1958.273,1953.121,841364.94,-48.926,-2.44,1994.48,1980.786,2057.529,911515.58,979711.5,905465.64
2013-07-05,2006.191,2021.541,2007.199,2002.367,913452.25,1.101,0.06,2001.873,1981.282,2073.162,899345.38,1004773.22,901639.04
2013-07-04,1982.87,2022.136,2006.098,1974.103,1003941.81,11.83,0.59,1996.275,1987.872,2086.423,918130.86,993101.22,906914.34
2013-07-03,1996.506,1996.537,1994.268,1965.519,934664.69,-12.292,-0.61,1985.058,1995.664,2101.08,928969.13,970494.97,905158.66
2013-07-02,1992.89,2007.62,2006.56,1978.428,864154.19,11.318,0.57,1976.503,2010.583,2116.397,944421.24,952453.52,912506.7
2013-07-01,1965.987,1995.916,1995.242,1957.571,780513.94,16.036,0.81,1967.093,2025.856,2131.956,1047907.42,935670.37,925255.51
2013-06-28,1935.516,1987.984,1979.206,1925.651,1007379.69,29.193,1.5,1960.691,2041.953,2148.395,1110201.06,933376.76,948855.17
2013-06-27,1955.126,1980.54,1950.013,1942.371,1058133.12,-1.482,-0.08,1979.469,2060.237,2165.5,1068071.57,910496.27,964802.69
2013-06-26,1954.474,1959.158,1951.495,1922.824,1011925.25,-8.013,-0.41,2006.271,2080.071,2182.654,1012020.81,899054.05,965558.56
2013-06-25,1948.315,1963.566,1959.508,1849.653,1381585.12,-3.727,-0.19,2044.663,2106.011,2199.506,960485.8,887839.6,965682.91
2013-06-24,2068.862,2068.862,1963.235,1958.401,1091982.12,-109.86,-5.3,2084.619,2134.272,2215.314,823433.31,831219.78,958613.58
2013-06-21,2058.978,2085.86,2073.095,2042.879,796732.25,-10.926,-0.52,2123.215,2165.041,2232.272,756552.46,798504.87,968194.48
2013-06-20,2132.813,2132.813,2084.021,2082.825,777879.31,-59.433,-2.77,2141.004,2184.973,2243.873,752920.96,820727.46,990444.46
2013-06-19,2150.816,2150.816,2143.454,2115.793,754250.19,-15.837,-0.73,2153.871,2206.496,2254.671,786087.29,839822.34,1021125.75
2013-06-18,2158.546,2161.681,2159.291,2138.347,696322.69,3.076,0.14,2167.36,2222.21,2261.642,815193.4,872559.88,1046476.24
2013-06-17,2165.994,2169.356,2156.215,2147.029,757577.88,-5.826,-0.27,2183.924,2238.056,2266.268,839006.25,914840.64,1066802.29
2013-06-14,2150.06,2163.846,2162.041,2142.78,778574.75,13.686,0.64,2206.867,2254.836,2269.697,840457.28,964333.58,1064784.84
2013-06-13,2190.101,2190.101,2148.355,2126.216,943710.94,-62.543,-2.83,2228.942,2270.764,2272.445,888533.96,1019109.11,1067478.59
2013-06-07,2242.263,2250.629,2210.898,2205.066,899780.75,-31.212,-1.39,2259.121,2285.236,2277.123,893557.4,1032063.08,1063398.66
2013-06-06,2264.425,2266.692,2242.11,2240.07,815386.94,-28.821,-1.27,2277.061,2293.0,2278.92,929926.35,1043526.21,1063577.36
2013-06-05,2270.712,2276.865,2270.931,2260.871,764833.0,-1.485,-0.07,2292.189,2296.356,2278.463,990675.04,1086007.37,1072073.83
2013-06-04,2297.1,2297.1,2272.416,2264.761,1018958.19,-26.836,-1.17,2302.806,2299.503,2277.232,1088209.89,1137884.09,1079018.15
2013-06-03,2300.209,2313.425,2299.252,2294.113,968828.12,-1.343,-0.06,2312.586,2302.773,2275.39,1149684.25,1160161.45,1071296.41
2013-05-31,2320.739,2325.534,2300.595,2299.369,1081625.5,-17.154,-0.74,2311.351,2302.846,2271.985,1170568.75,1202429.15,1068989.08
2013-05-30,2316.253,2325.721,2317.749,2310.492,1119130.38,-6.268,-0.27,2308.939,2301.073,2267.23,1157126.07,1220392.6,1059199.54
2013-05-29,2323.539,2334.335,2324.017,2321.166,1252507.25,2.699,0.12,2300.522,2294.479,2260.049,1181339.7,1218763.94,1037411.99
2013-05-28,2293.4,2322.099,2321.318,2281.468,1326330.0,28.241,1.23,2296.2,2284.557,2252.744,1187558.3,1165236.11,1013123.61
2013-05-27,2286.661,2301.702,2293.077,2283.935,1073250.62,4.544,0.2,2292.959,2274.126,2246.643,1170638.65,1115848.08,995159.2
2013-05-24,2281.445,2292.595,2288.533,2270.25,1014412.12,12.866,0.56,2294.341,2269.011,2242.905,1234289.55,1094734.24,987296.8
2013-05-23,2293.809,2304.953,2275.667,2274.102,1240198.5,-26.736,-1.16,2293.208,2264.84,2237.706,1283659.12,1083628.51,984846.85
2013-05-22,2303.75,2314.183,2302.403,2292.431,1283600.25,-2.711,-0.12,2288.436,2260.571,2236.031,1256188.17,1058140.29,970453.79
2013-05-21,2297.11,2305.301,2305.114,2290.124,1241731.75,5.128,0.22,2272.915,2254.961,2233.143,1142913.91,1020152.2,961104.06
2013-05-20,2286.328,2309.392,2299.986,2281.899,1391505.12,17.116,0.75,2255.294,2248.007,2227.767,1061057.51,982431.38,934825.93
2013-05-17,2249.811,2288.091,2282.87,2248.413,1261260.0,31.064,1.38,2243.681,2241.125,2222.458,955178.94,935549.01,899407.77
2013-05-16,2221.337,2252.872,2251.806,2210.77,1102843.75,27.009,1.21,2236.473,2233.387,2218.056,883597.89,898006.47,876340.85
2013-05-15,2217.086,2225.186,2224.797,2213.582,717228.94,7.787,0.35,2232.706,2225.619,2214.563,860092.41,856060.04,857014.83
2013-05-14,2238.904,2239.926,2217.01,2205.873,832449.75,-24.91,-1.11,2237.006,2220.931,2213.662,897390.49,861011.11,854576.55
2013-05-13,2247.678,2250.854,2241.92,2231.363,862112.25,-4.911,-0.22,2240.719,2219.16,2213.789,903805.25,874470.33,849770.42
2013-05-10,2228.819,2247.674,2246.831,2225.812,903354.75,13.86,0.62,2238.569,2216.8,2213.0,915919.09,879859.36,846974.61
2013-05-09,2246.963,2247.864,2232.971,2221.384,985316.38,-13.329,-0.59,2230.302,2210.571,2211.947,912415.06,886065.2,843255.15
2013-05-08,2242.393,2255.208,2246.3,2235.417,903719.31,10.725,0.48,2218.532,2211.491,2210.878,852027.66,882767.29,837118.06
2013-05-07,2227.861,2240.256,2235.575,2219.435,864523.56,4.409,0.2,2204.855,2211.325,2209.828,824631.74,902055.91,832829.73
2013-05-06,2212.495,2236.066,2231.166,2212.495,922681.44,25.669,1.16,2197.601,2207.527,2209.436,845135.4,887220.48,834460.72
2013-05-03,2179.049,2222.811,2205.497,2179.049,885834.62,31.374,1.44,2195.031,2203.79,2209.597,843799.64,863266.52,827032.53
2013-05-02,2170.783,2179.647,2174.123,2161.14,683379.38,-3.789,-0.17,2190.84,2202.725,2211.154,859715.34,854675.23,825523.54
2013-04-26,2203.889,2210.581,2177.912,2173.864,766739.69,-21.395,-0.97,2204.449,2203.507,2214.263,913506.92,857969.62,855183.92
2013-04-25,2213.185,2224.63,2199.307,2191.848,967041.88,-19.011,-0.86,2217.795,2206.394,2220.43,979480.09,848141.99,865012.53
2013-04-24,2187.349,2226.117,2218.318,2184.109,916002.62,33.78,1.55,2217.454,2208.419,2225.348,929305.56,825070.5,868884.94
2013-04-23,2242.616,2242.616,2184.538,2182.806,965413.12,-57.631,-2.57,2212.55,2209.199,2230.768,882733.4,814089.86,871600.57
2013-04-22,2236.402,2245.119,2242.169,2232.258,952337.31,-2.474,-0.11,2214.611,2213.323,2237.955,849635.12,800445.09,873913.57
2013-04-19,2201.122,2250.11,2244.643,2200.584,1096605.5,47.041,2.14,2202.566,2210.266,2242.059,802432.31,791468.83,885897.16
2013-04-18,2181.822,2206.027,2197.602,2175.444,716169.25,3.806,0.17,2194.993,2208.331,2245.695,716803.89,763603.55,896687.53
2013-04-17,2195.032,2197.508,2193.796,2178.468,683141.81,-1.05,-0.05,2199.383,2211.345,2248.687,720835.45,781700.95,904670.12
2013-04-16,2169.63,2196.432,2194.846,2165.784,799921.75,12.904,0.59,2205.849,2215.404,2250.998,745446.33,790798.55,917074.42
2013-04-15,2199.914,2204.987,2181.942,2177.388,716323.25,-24.838,-1.13,2212.035,2219.582,2255.175,751255.06,796371.85,935317.23
2013-04-12,2218.095,2226.262,2206.78,2204.438,668463.38,-12.773,-0.57,2217.965,2225.018,2259.592,780505.35,852398.22,939648.12
2013-04-11,2236.983,2242.479,2219.553,2217.265,736327.06,-6.573,-0.29,2221.668,2234.466,2262.452,810403.21,881883.08,951711.34
2013-04-10,2224.934,2233.04,2226.126,2212.561,806196.19,0.351,0.02,2223.306,2242.277,2265.804,842566.45,912699.38,973727.21
2013-04-09,2215.467,2234.725,2225.775,2215.467,828965.44,14.183,0.64,2224.959,2252.336,2270.028,836150.76,929111.29,975473.35
2013-04-08,2196.238,2212.586,2211.592,2180.673,862574.69,-13.703,-0.62,2227.129,2262.587,2274.669,841488.63,947382.04,983422.16
2013-04-03,2232.694,2241.34,2225.295,2217.252,817952.69,-2.445,-0.11,2232.071,2273.852,2280.304,924291.09,980325.49,1010171.6
2013-04-02,2234.901,2253.421,2227.74,2220.439,897143.25,-6.655,-0.3,2247.263,2283.06,2286.399,953362.94,1029771.51,1039940.81
2013-04-01,2229.46,2243.949,2234.395,2227.314,774117.75,-2.226,-0.1,2261.249,2286.029,2291.327,982832.31,1027639.29,1060651.94
2013-03-29,2238.485,2246.868,2236.621,2228.813,855654.75,0.319,0.01,2279.713,2286.591,2293.277,1022071.81,1043350.29,1102821.07
2013-03-28,2273.552,2273.552,2236.302,2232.906,1276587.0,-64.957,-2.82,2298.045,2290.769,2299.422,1053275.46,1074262.62,1120194.71
2013-03-27,2299.377,2323.477,2301.259,2288.995,963311.94,3.59,0.16,2315.633,2294.167,2305.886,1036359.89,1026898.01,1119840.61
2013-03-26,2318.578,2319.988,2297.669,2281.118,1044490.12,-29.046,-1.25,2318.856,2290.437,2306.484,1106180.07,1021539.61,1120587.45
2013-03-25,2334.735,2344.894,2326.715,2319.908,970315.25,-1.563,-0.07,2310.809,2289.331,2306.268,1072446.26,1034755.04,1127182.28
2013-03-22,2321.403,2331.995,2328.278,2314.967,1011673.0,4.036,0.17,2293.469,2287.719,2306.223,1064628.76,1021835.42,1122850.2
2013-03-21,2318.205,2330.813,2324.242,2311.603,1192009.12,6.868,0.3,2283.493,2286.752,2305.517,1095249.79,1019462.27,1120757.47
2013-03-20,2257.737,2317.86,2317.374,2257.421,1312412.88,59.94,2.65,2272.7,2286.757,2305.603,1017436.14,1040017.71,1133186.75
2013-03-19,2244.265,2261.314,2257.434,2232.023,875821.06,17.418,0.78,2262.019,2289.738,2309.593,936899.14,1050110.11,1122706.39
2013-03-18,2267.287,2276.05,2240.016,2239.214,931227.75,-38.385,-1.69,2267.853,2296.625,2315.867,997063.83,1093664.6,1140652.01
2013-03-15,2269.315,2312.078,2278.401,2250.005,1164778.12,8.124,0.36,2281.969,2299.964,2324.944,979042.08,1162291.85,1152178.12
2013-03-14,2255.775,2276.222,2270.277,2253.31,802940.88,6.309,0.28,2290.011,2308.074,2332.644,943674.75,1166126.79,1148474.41
2013-03-13,2282.17,2286.329,2263.968,2253.249,909727.88,-22.637,-0.99,2300.814,2317.606,2340.057,1062599.28,1212783.2,1168331.68
2013-03-12,2309.158,2333.286,2286.605,2264.829,1176644.5,-23.988,-1.04,2317.456,2322.531,2348.582,1163321.08,1219635.3,1181135.27
2013-03-11,2314.683,2320.961,2310.593,2296.583,841119.0,-8.018,-0.35,2325.396,2323.205,2355.908,1190265.38,1219609.51,1197680.29
2013-03-08,2326.417,2333.667,2318.611,2314.587,987941.5,-5.682,-0.24,2317.959,2324.727,2361.787,1345541.63,1223864.99,1239400.04
2013-03-07,2340.436,2352.021,2324.293,2304.27,1397563.5,-22.886,-0.97,2326.138,2324.283,2366.807,1388578.83,1222052.66,1260412.06
2013-03-06,2333.615,2351.441,2347.179,2321.6,1413336.88,20.873,0.9,2334.398,2324.448,2369.863,1362967.13,1226355.79,1260387.83
2013-03-05,2274.808,2328.143,2326.306,2270.1,1311366.0,52.902,2.33,2327.606,2329.448,2371.628,1275949.53,1195302.68,1264660.44
2013-03-04,2332.08,2333.54,2273.404,2259.247,1617500.25,-86.102,-3.65,2321.013,2335.109,2373.262,1248953.65,1187639.41,1270019.11
2013-03-01,2364.544,2369.649,2359.506,2330.858,1203127.5,-6.087,-0.26,2331.496,2349.924,2376.917,1102188.35,1142064.39,1253335.98
2013-02-28,2322.323,2366.164,2365.593,2308.916,1269505.0,52.373,2.26,2322.427,2357.214,2373.507,1055526.5,1130822.03,1239482.47
2013-02-27,2297.767,2324.627,2313.22,2292.034,978248.88,19.879,0.87,2314.499,2362.508,2370.357,1089744.45,1123880.16,1256523.06
2013-02-26,2313.74,2340.709,2293.341,2289.887,1176386.62,-32.478,-1.4,2331.291,2374.633,2370.741,1114655.82,1142635.24,1266700.48
2013-02-25,2320.618,2338.78,2325.819,2315.012,883673.75,11.655,0.5,2349.205,2388.612,2371.831,1126325.18,1175751.08,1282614.44
2013-02-22,2322.94,2330.879,2314.164,2308.76,969818.25,-11.787,-0.51,2368.353,2398.846,2371.951,1181940.43,1254935.1,1305770.99
2013-02-21,2378.822,2378.822,2325.951,2309.171,1440594.75,-71.227,-2.97,2392.001,2409.331,2372.097,1206117.55,1298771.45,1319999.09
2013-02-20,2383.493,2397.941,2397.178,2370.608,1102805.75,14.264,0.6,2410.516,2415.279,2370.045,1158015.88,1294419.86,1307520.27
2013-02-19,2420.265,2427.075,2382.914,2373.535,1234733.38,-38.644,-1.6,2417.976,2413.808,2365.661,1170614.65,1334018.2,1329135.56
2013-02-18,2441.906,2444.804,2421.558,2415.429,1161750.0,-10.844,-0.45,2428.019,2411.415,2362.799,1225176.98,1352398.8,1350221.88
2013-02-08,2416.619,2443.032,2432.402,2414.398,1090703.88,13.872,0.57,2429.339,2403.909,2357.308,1327929.78,1364607.56,1364509.32
2013-02-07,2430.688,2433.893,2418.53,2394.218,1200086.38,-15.947,-0.66,2426.662,2389.799,2347.838,1391425.35,1348142.92,1372508.27
2013-02-06,2432.677,2441.726,2434.477,2427.699,1165799.62,1.347,0.06,2420.041,2378.206,2341.094,1430823.85,1389165.96,1372537.28
2013-02-05,2411.001,2437.415,2433.13,2403.302,1507545.0,4.976,0.2,2409.64,2366.85,2333.138,1497421.75,1390765.72,1375254.77
2013-02-04,2425.921,2440.376,2428.154,2417.585,1675514.0,9.134,0.38,2394.81,2355.051,2325.285,1479620.63,1389477.81,1361331.45
2013-02-01,2377.414,2421.154,2419.02,2369.57,1408181.75,33.598,1.41,2378.48,2345.057,2318.145,1401285.35,1356606.87,1336637.16
2013-01-31,2383.426,2391.821,2385.422,2371.226,1397078.88,2.947,0.12,2352.937,2334.862,2311.044,1304860.49,1341226.72,1335963.03
2013-01-30,2360.748,2383.763,2382.475,2347.89,1498789.12,23.498,1.0,2336.372,2324.811,2307.129,1347508.06,1320620.67,1332746.41
2013-01-29,2347.215,2363.797,2358.977,2337.353,1418539.38,12.472,0.53,2324.059,2317.513,2302.943,1284109.69,1324252.92,1323521.82
2013-01-28,2295.352,2346.921,2346.505,2295.352,1283837.62,55.201,2.41,2315.291,2314.184,2299.647,1299334.99,1348044.96,1317932.55
2013-01-25,2300.001,2308.38,2291.304,2288.262,926057.44,-11.294,-0.49,2311.635,2310.707,2296.718,1311928.39,1364411.08,1320063.48
2013-01-24,2320.258,2362.943,2302.598,2287.296,1610316.75,-18.313,-0.79,2316.788,2305.877,2297.079,1377592.95,1396873.61,1346330.55
2013-01-23,2308.521,2325.118,2320.911,2296.491,1181797.25,5.772,0.25,2313.25,2303.983,2296.685,1293733.28,1355908.61,1327474.39
2013-01-22,2326.49,2335.806,2315.139,2301.301,1494665.88,-13.082,-0.56,2310.968,2299.426,2294.822,1364396.15,1359743.81,1338680.33
2013-01-21,2321.49,2329.581,2328.221,2305.099,1346804.62,11.151,0.48,2313.076,2295.519,2293.129,1396754.92,1333185.1,1325681.53
2013-01-18,2295.809,2324.509,2317.07,2285.972,1254380.25,32.161,1.41,2309.78,2291.233,2289.938,1416893.78,1316667.45,1323761.25
2013-01-17,2305.14,2305.602,2284.909,2275.877,1191018.38,-24.59,-1.06,2294.965,2287.225,2287.225,1416154.28,1330699.35,1330699.35
2013-01-16,2322.158,2326.764,2309.499,2279.507,1535111.62,-16.183,-0.7,2294.715,2287.482,2287.482,1418083.95,1346219.46,1346219.46
2013-01-15,2312.468,2332.783,2325.682,2309.323,1656459.75,13.942,0.6,2287.883,2284.73,2284.73,1355091.48,1322607.94,1322607.94
2013-01-14,2236.288,2317.617,2311.74,2235.107,1447498.88,68.743,3.06,2277.961,2278.88,2278.88,1269615.28,1274914.82,1274914.82
2013-01-11,2285.185,2290.205,2242.997,2234.947,1250682.75,-40.661,-1.78,2272.686,2273.404,2273.404,1216441.12,1246150.81,1246150.81
2013-01-10,2274.377,2295.484,2283.658,2268.648,1200666.75,8.318,0.37,2279.485,2279.485,2279.485,1245244.42,1245244.42,1245244.42
2013-01-09,2271.299,2283.896,2275.34,2259.051,1220149.25,-0.73,-0.03,2278.442,2278.442,2278.442,1256388.84,1256388.84,1256388.84
2013-01-08,2284.654,2289.139,2276.07,2262.979,1229078.75,-9.294,-0.41,2279.475,2279.475,2279.475,1268468.71,1268468.71,1268468.71
2013-01-07,2271.663,2293.317,2285.364,2266.862,1181628.12,8.372,0.37,2281.178,2281.178,2281.178,1288163.69,1288163.69,1288163.69
2013-01-04,2289.51,2296.113,2276.992,2256.56,1394699.25,7.864,0.35,2276.992,2276.992,2276.992,1394699.25,1394699.25,1394699.25
