,code,name,eps,eps_yoy,bvps,roe,epcf,net_profits,profits_yoy,distrib,report_date
0,002673,西部证券,0.54,-31.65,,18.24,,53708.41,-32.15,,04-13
1,601555,东吴证券,0.38,-22.45,,14.56,0.14,57579.48,-21.66,,11-25
2,601336,新华保险,1.87,-15.77,,41.63,51.33,224900.0,-15.45,,11-22
3,601901,方正证券,0.27,-9.93,1.95,15.61,-0.8,124812.3,-9.91,,07-21
4,600291,西水股份,0.04,-96.06,5.64,0.66,0.23,1687.55,-95.27,,04-30
5,600705,中航资本,3.22,643900.0,3.22,199.35,,88301.79,711026.96,,04-30
6,601009,南京银行,0.9,7.14,6.34,17.21,8.91,231091.2,49.7,10派2,04-29
7,601198,东兴证券,,,,,,51032.97,0.81,,04-29
8,000712,锦龙股份,0.51,-22.73,2.81,19.86,0.2,15466.41,-22.68,,04-28
9,000783,长江证券,0.59,-13.24,4.39,13.69,0.48,128299.26,-6.49,10派3,04-28
10,000166,申万宏源,0.44,-25.42,,,,292658.13,-26.26,,04-28
11,002142,宁波银行,0.91,56.9,5.51,20.53,19.14,232198.6,59.32,10派2,04-27
12,600958,东方证券,0.4,-31.03,,13.92,,131528.64,-31.3,,04-27
13,600837,海通证券,0.45,-18.18,5.4,8.39,-1.76,368626.42,-18.95,10派1.5,04-26
14,600816,安信信托,0.2,96.06,0.72,33.12,0.15,9266.38,96.07,,04-26
15,000750,国海证券,-0.09,-325.0,0.99,-8.3,-0.17,-1849.43,-318.03,,04-26
16,601788,光大证券,0.64,-30.43,6.65,9.76,-1.24,220006.31,-22.17,10派4.5,04-23
17,601099,太平洋,0.14,-49.63,1.3,10.9,0.11,20377.16,-49.73,,04-22
18,002736,国信证券,,,,,,311032.14,-25.41,,04-20
19,600999,招商证券,0.9,-21.01,6.69,13.78,-0.22,322886.07,-13.38,10派3转3,04-19
20,600109,国金证券,0.44,-15.12,3.02,15.63,-0.36,43834.45,-15.11,,04-16
21,601688,华泰证券,0.63,-23.12,5.87,11.98,-2.38,342504.63,-9.76,10派1.5,04-16
22,002500,山西证券,0.22,-29.03,2.58,13.14,-0.32,43852.17,-29.12,10派1.5,04-15
23,601818,光大银行,0.36,,2.01,20.99,0.38,1279022.8,67.34,10派0.946,04-12
24,600030,中信证券,1.14,-15.56,7.08,17.28,-1.79,1131134.32,25.91,10派5,04-09
25,601169,北京银行,1.09,21.11,6.83,17.02,5.43,680303.0,20.75,10派2.16,04-09
26,000776,广发证券,1.62,-4150.0,7.74,22.83,-2.22,402699.95,-52277.77,10派5,04-07
27,000686,东北证券,0.82,-42.66,5.42,16.24,-0.54,52713.32,-42.26,10派2,04-01
28,600036,招商银行,1.23,29.47,6.21,21.75,0.41,2576900.0,41.32,10派2.9,04-01
29,601998,中信银行,0.55,48.65,3.08,19.24,0.96,2150900.0,50.2,,04-01
30,601328,交通银行,0.73,19.67,3.96,20.08,-0.43,3904200.0,29.82,10派0.2送1,03-31
31,601398,工商银行,0.48,23.08,2.35,22.79,0.8,16515600.0,28.43,10派1.84,03-31
32,600000,浦发银行,1.6,-1.23,8.57,23.27,-0.38,1917721.09,45.1,10派1.6送3,03-30
33,601318,中国平安,2.3,21.69,14.66,17.3,18.52,1731100.0,24.69,10派4,03-30
34,601288,农业银行,0.33,32.0,1.67,22.49,-0.28,9487300.0,45.98,10派0.54,03-30
35,600643,爱建集团,0.13,68.42,1.51,8.75,-0.16,10491.68,67.63,,03-30
36,601166,兴业银行,3.28,23.31,15.35,24.64,19.63,1852058.22,39.44,10派4.6转8,03-29
37,600830,香溢融通,0.21,48.57,3.1,6.96,-0.59,9446.47,52.04,10派0.5,03-29
38,601939,建设银行,0.56,21.74,2.8,22.61,1.04,13484400.0,26.31,10派2.122,03-28
39,601601,中国太保,1.0,5.26,9.34,10.9,7.16,855700.0,16.33,10派3.5,03-28
40,600015,华夏银行,1.2,59.28,7.11,18.25,4.66,598958.25,59.29,10派2,03-26
41,600016,民生银行,0.66,4.76,3.9,18.29,1.4,1758100.0,45.25,10派1,03-26
42,601988,中国银行,0.39,21.88,2.31,18.87,1.11,10441800.0,29.2,10派1.46,03-25
43,601628,中国人寿,1.19,2.59,7.38,16.02,6.32,3362600.0,2.27,10派4,03-23
44,600369,西南证券,0.39,-27.78,4.79,11.64,-2.04,80528.33,-20.04,,03-22
45,000728,国元证券,0.47,-31.88,7.63,6.25,-3.51,92498.11,-10.82,10派3,03-22
46,601377,兴业证券,0.39,-35.0,3.82,12.96,-0.12,78721.6,-31.86,10派1.5,03-01
47,000001,平安银行,1.91,17.9,9.62,23.22,6.24,628381.6,24.91,,02-25
48,000415,渤海租赁,0.01,-103.5,0.86,1.18,0.12,302.17,-103.52,,02-22
49,000563,陕国投A,0.23,86.7,,12.18,0.45,8151.7,86.75,10派0.5,01-18
