,code,name,eps,eps_yoy,bvps,roe,epcf,net_profits,profits_yoy,distrib,report_date
0,002736,国信证券,0.26,,,10.44,-1.64,182160.36,-41.43,,12-11
1,600958,东方证券,0.27,-32.5,3.36,8.67,-2.8,90862.73,-30.92,,04-22
2,601009,南京银行,1.08,20.0,7.29,15.87,4.22,321150.4,38.97,10派3,04-28
3,600291,西水股份,0.02,-44.19,5.23,0.45,-0.14,939.99,-44.3,,04-28
4,000166,申万宏源,0.25,-43.18,,,,167148.66,-42.89,,04-27
5,601198,东兴证券,0.29,,2.36,12.83,-4.51,44074.05,-13.64,,04-27
6,601099,太平洋,0.1,-23.53,1.41,7.69,-0.74,15668.08,-23.11,10派0.35送1,04-27
7,000563,陕国投A,0.43,89.4,2.37,19.39,-0.05,15435.43,89.35,10派0.6,04-27
8,002142,宁波银行,1.13,24.18,6.49,18.81,-8.4,325351.0,40.12,10派2,04-26
9,600999,招商证券,0.43,-52.15,5.29,8.29,-5.48,200829.4,-37.8,10派1.5,04-24
10,002500,山西证券,0.08,-63.64,2.48,3.21,-1.95,19305.7,-55.98,10派0.5,04-24
11,601169,北京银行,1.44,32.11,8.09,19.3,11.17,894670.3,31.51,10派2送2,04-24
12,601555,东吴证券,0.15,-60.53,3.69,5.53,-3.9,23151.45,-59.79,10派0.8,04-24
13,601688,华泰证券,0.32,-49.43,5.93,5.52,-5.64,178442.88,-47.9,10派1.5,04-21
14,601818,光大银行,0.45,25.0,2.38,20.44,1.15,1806788.8,41.26,10派1.33,04-19
15,601377,兴业证券,0.2,-48.72,3.83,5.2,-4.86,43533.96,-44.7,10派1,04-17
16,000783,长江证券,0.19,-67.8,4.85,3.92,-4.72,43498.28,-66.1,10派1,04-17
17,000776,广发证券,0.78,-51.85,10.69,8.85,-11.05,206367.85,-48.75,10派5转10,04-17
18,002673,西部证券,0.22,-59.26,3.18,7.1,,22323.71,-58.44,,04-13
19,600109,国金证券,0.23,-47.03,3.24,7.4,-2.95,23166.36,-47.15,10派1,04-10
20,601901,方正证券,0.05,-81.42,2.33,2.42,-1.31,25691.71,-79.42,10派0.7,04-05
21,601998,中信银行,0.71,29.09,3.73,21.07,6.41,3081900.0,43.28,10派1.45,03-31
22,601398,工商银行,0.6,25.0,2.74,23.44,1.0,20826500.0,26.1,10派2.03,03-30
23,600030,中信证券,1.23,7.89,7.86,17.0,-2.44,1257648.28,11.18,10派4.3,03-30
24,600643,爱建集团,0.15,14.06,1.66,9.19,-0.26,11952.74,13.93,,03-30
25,601988,中国银行,0.44,12.82,2.59,18.27,0.77,12418200.0,18.93,10派1.55,03-30
26,600036,招商银行,1.67,35.77,7.65,24.17,4.69,3612900.0,40.2,10派4.2,03-29
27,601336,新华保险,1.24,-33.69,10.04,16.84,24.91,279900.0,24.46,10派0.9,03-29
28,601328,交通银行,0.82,12.33,4.39,20.49,-0.02,5073500.0,29.95,10派1,03-29
29,600830,香溢融通,0.41,99.04,3.46,12.64,0.4,18822.09,99.25,10派0.5,03-29
30,000750,国海证券,0.12,-233.33,3.74,2.88,-4.99,7552.87,-508.39,10派1.5送13转2,03-28
31,601628,中国人寿,0.65,-45.38,6.78,9.16,4.74,1833100.0,-45.49,10派2.3,03-27
32,600015,华夏银行,1.48,23.33,9.33,17.44,11.54,922193.36,53.97,10派2.5,03-27
33,601939,建设银行,0.68,21.43,3.24,22.51,0.5,16925800.0,25.52,10派2.365,03-26
34,601601,中国太保,0.97,-3.0,8.93,10.62,6.46,831300.0,-2.85,10派3.5,03-26
35,601288,农业银行,0.38,15.15,2.0,20.46,0.69,12192700.0,28.52,10派1.315,03-23
36,600016,民生银行,1.05,59.09,4.85,23.95,3.78,2792000.0,58.81,10派3,03-23
37,601788,光大证券,0.45,-29.69,6.28,6.85,-5.31,154447.35,-29.8,10派2.62,03-22
38,000712,锦龙股份,0.07,-86.27,2.85,2.52,0.13,2183.25,-85.88,,03-21
39,000728,国元证券,0.29,-38.3,7.53,3.8,-0.94,56271.38,-39.16,10派1,03-20
40,600369,西南证券,0.11,-71.79,4.26,2.38,-1.51,26267.52,-67.38,,03-20
41,601166,兴业银行,2.36,-28.05,10.68,24.67,-0.73,2550500.0,37.71,10派3.7,03-20
42,000415,渤海租赁,0.43,4211.0,7.24,5.32,0.82,36693.08,12043.16,10转3,03-16
43,600837,海通证券,0.38,-15.56,5.47,6.93,-2.16,310303.42,-15.82,10派1.5,03-16
44,600000,浦发银行,1.46,-8.56,7.98,20.07,10.65,2728598.1,42.28,10派3,03-16
45,601318,中国平安,2.5,8.7,16.53,16.0,9.52,1947500.0,12.5,10派2.5,03-16
46,000001,平安银行,2.47,29.32,14.31,20.32,-2.82,1027863.1,63.57,,03-09
47,000686,东北证券,-0.24,-129.27,4.83,-4.64,-8.59,-15155.4,-128.75,,03-01
48,600816,安信信托,0.43,110.49,1.15,46.05,0.38,19509.14,110.54,,02-28
49,600705,中航资本,0.02,-99.38,3.22,0.5,-1.61,440.27,-99.5,10转21,02-10
