,code,name,eps,eps_yoy,bvps,roe,epcf,net_profits,profits_yoy,distrib,report_date
0,601555,东吴证券,0.15,,2.84,5.3,-4.69,22509.51,20.41,,11-25
1,601336,新华保险,0.93,93.75,7.87,13.13,16.23,177500.0,207.63,,11-22
2,600830,香溢融通,0.14,48.96,3.19,4.52,0.41,6505.31,49.71,,08-31
3,600036,招商银行,0.86,32.31,6.74,13.31,4.08,1860000.0,40.88,,08-31
4,601169,北京银行,0.82,30.16,7.39,11.4,5.83,509982.1,30.69,,08-31
5,002142,宁波银行,0.57,11.76,5.87,9.97,-2.45,165504.3,31.09,,08-30
6,000750,国海证券,0.28,-553.07,3.9,5.92,-2.62,15533.17,-1268.0,,08-30
7,601998,中信银行,0.38,40.74,3.46,11.77,0.19,1502400.0,40.61,10派0.55,08-30
8,600837,海通证券,0.27,22.73,5.49,4.92,-2.44,223478.06,21.33,,08-29
9,601601,中国太保,0.68,44.68,9.28,7.2,4.09,581600.0,44.71,,08-29
10,600705,中航资本,0.01,-276.47,3.23,0.27,-1.63,246.72,-277.77,,08-29
11,600109,国金证券,0.21,-30.74,3.22,6.59,-1.48,20535.5,-30.65,,08-26
12,601288,农业银行,0.21,23.53,1.81,11.78,1.17,6666700.0,45.43,,08-26
13,601398,工商银行,0.31,24.0,2.46,25.12,0.68,10948100.0,29.41,,08-26
14,601988,中国银行,0.24,20.0,2.4,9.94,0.09,6651300.0,27.86,,08-25
15,601099,太平洋,0.09,136.84,1.39,6.67,-0.77,13524.22,139.45,,08-25
16,601009,南京银行,0.54,8.0,6.65,8.11,4.87,158929.7,32.76,,08-25
17,601788,光大证券,0.33,37.79,6.49,4.9,-3.39,113026.06,36.3,,08-25
18,601377,兴业证券,0.17,0.0,3.83,4.51,-3.86,38165.64,13.54,,08-24
19,601166,兴业银行,1.13,-31.52,9.38,12.55,-8.28,1223200.0,39.58,,08-24
20,601628,中国人寿,0.46,-28.13,6.97,6.22,3.19,1296400.0,-28.11,,08-24
21,000563,陕国投A,0.23,188.34,2.21,10.86,-0.2,8328.1,188.4,,08-24
22,600291,西水股份,0.01,-89.83,5.67,0.26,0.05,556.98,-89.83,,08-23
23,000776,广发证券,0.54,-18.18,7.78,6.83,-9.21,134302.5,-18.09,,08-23
24,600999,招商证券,0.32,-17.1,6.79,6.02,-5.3,147589.32,7.79,,08-23
25,601939,建设银行,0.37,23.33,2.93,12.49,-0.27,9282500.0,31.22,,08-22
26,600030,中信证券,0.3,15.38,6.8,4.25,-2.14,297341.31,13.12,,08-20
27,601328,交通银行,0.43,7.5,4.4,11.19,0.19,2639600.0,29.67,,08-19
28,601318,中国平安,1.67,28.46,16.97,10.9,10.21,1275700.0,32.73,10派1.5,08-18
29,000001,平安银行,1.36,38.78,10.95,13.19,9.06,473174.6,56.0,,08-18
30,000712,锦龙股份,0.18,31.43,2.99,6.32,0.05,5590.74,32.67,,08-17
31,600016,民生银行,0.52,30.0,4.31,12.54,-1.1,1391800.0,56.98,,08-17
32,600000,浦发银行,0.69,-12.77,7.14,9.96,0.52,1287952.4,41.83,,08-16
33,600816,安信信托,0.14,41.68,0.86,17.92,0.12,6420.05,41.69,,08-16
34,600015,华夏银行,0.76,26.22,8.59,9.71,-1.1,426742.09,41.89,,08-12
35,000415,渤海租赁,0.24,-659.02,7.05,2.55,0.49,17333.65,-1452.65,,08-12
36,601901,方正证券,0.06,,1.93,,-0.93,28796.75,-7.58,,08-09
37,000728,国元证券,0.22,2.33,7.57,2.93,0.21,43977.68,4.21,,08-09
38,002500,山西证券,0.05,-50.0,2.48,1.84,-1.5,11362.67,-44.86,,08-09
39,601818,光大银行,0.23,15.0,2.14,10.72,0.18,921038.9,34.76,,08-08
40,601688,华泰证券,0.2,-24.84,5.92,3.42,-4.36,114357.51,-19.49,,08-06
41,600643,爱建集团,0.08,104.88,1.6,5.36,-0.14,6854.1,104.98,,08-06
42,000783,长江证券,0.18,-21.74,4.92,3.83,-3.68,41513.39,-15.43,,08-02
43,000686,东北证券,0.14,-17.65,5.24,2.58,-5.59,8887.4,-19.5,,07-27
44,600369,西南证券,0.14,75.0,4.93,2.97,-0.98,33503.54,107.85,10派5.5,07-26
45,002673,西部证券,0.23,-11.54,,,,22652.27,-12.85,,07-19
46,000166,申万宏源,0.14,0.0,,,,91896.71,-5.45,,07-19
47,002736,国信证券,,,,,,127913.74,1.91,,07-15
48,600958,东方证券,,,,,,65488.27,22.38,,07-15
