,code,name,eps,eps_yoy,bvps,roe,epcf,net_profits,profits_yoy,distrib,report_date
0,000166,申万宏源,0.15,,,6.04,,103179.01,,,04-09
1,002736,国信证券,,,,,,150421.4,,,02-28
2,600016,民生银行,1.04,30.0,5.44,19.74,-1.7,2881000.0,34.71,,10-31
3,601398,工商银行,0.53,12.77,3.07,18.18,2.53,18560200.0,13.28,,10-31
4,601788,光大证券,0.28,-30.0,6.33,4.36,0.67,95884.69,-30.26,,10-31
5,601169,北京银行,1.19,-4.8,7.96,,-2.48,997091.6,28.27,,10-31
6,600291,西水股份,-0.11,42.97,5.02,-2.08,0.38,-4140.83,43.11,,10-31
7,600830,香溢融通,0.19,-44.11,3.6,5.22,-0.12,8388.91,-44.17,,10-31
8,600000,浦发银行,1.4,31.3,9.1,16.31,1.7,2612580.2,31.22,,10-31
9,601166,兴业银行,2.44,40.23,12.78,20.78,6.02,2634100.0,40.2,,10-31
10,601328,交通银行,0.7,12.9,4.93,14.92,0.69,4451300.0,15.87,,10-31
11,601901,方正证券,0.06,20.0,2.31,2.43,-0.57,34643.76,57.59,,10-31
12,600030,中信证券,0.27,-20.59,7.66,3.39,-1.21,292039.24,-12.39,,10-31
13,601318,中国平安,2.03,7.98,18.47,11.55,20.32,1608500.0,10.79,,10-31
14,600643,爱建集团,0.19,58.47,3.69,6.87,-0.62,17700.85,83.19,,10-31
15,600999,招商证券,0.26,-34.46,5.44,4.85,-1.91,121715.06,-34.46,,10-30
16,600369,西南证券,0.09,0.0,4.41,2.01,-0.38,20225.9,0.32,,10-30
17,600837,海通证券,0.27,-18.18,6.01,4.69,0.22,244032.47,-10.56,,10-30
18,601998,中信银行,0.58,1.75,4.17,14.74,-2.31,2722600.0,12.38,,10-30
19,601336,新华保险,0.74,,11.05,6.97,14.42,232400.0,,,10-30
20,000776,广发证券,0.31,-49.18,5.46,5.65,0.25,181135.2,16.14,,10-30
21,600816,安信信托,0.29,29.21,1.44,22.04,-0.26,12954.86,29.22,,10-30
22,600036,招商银行,1.61,21.97,8.85,19.55,0.5,3479000.0,22.55,,10-30
23,600705,中航资本,0.39,3321.05,3.35,11.99,-6.46,52663.16,16304.52,,10-30
24,000728,国元证券,0.19,-17.39,7.57,2.5,-1.15,37062.51,-19.32,,10-30
25,601555,东吴证券,0.11,,3.72,3.06,-0.92,22785.69,,,10-30
26,002142,宁波银行,1.16,30.34,7.42,16.62,5.74,333461.7,30.43,,10-29
27,000563,陕国投A,0.4,30.17,5.51,8.96,-1.5,19200.03,74.54,,10-29
28,601939,建设银行,0.63,12.5,3.67,18.14,0.9,15819100.0,13.8,,10-29
29,601601,中国太保,0.36,-56.1,9.47,4.0,5.02,313500.0,-55.33,,10-29
30,601818,光大银行,0.47,34.29,2.72,18.33,2.47,1903309.2,34.67,,10-27
31,601288,农业银行,0.37,19.35,2.24,17.27,1.64,12008300.0,19.18,,10-27
32,000712,锦龙股份,0.1,-20.66,4.95,3.0,0.05,3085.59,-16.44,,10-27
33,601377,兴业证券,0.19,2.04,3.92,4.87,-0.65,41769.64,1.98,,10-27
34,601688,华泰证券,0.24,0.0,6.03,3.97,-1.72,134525.59,0.98,,10-27
35,601628,中国人寿,0.26,-55.93,7.5,3.67,3.25,742800.0,-55.57,,10-27
36,601099,太平洋,0.01,-93.83,1.25,0.39,-0.58,816.85,-93.31,,10-27
37,000415,渤海租赁,0.32,1.0,5.57,5.12,1.08,40989.82,58.37,,10-27
38,000750,国海证券,0.09,80.0,1.54,5.82,0.1,15924.71,391.82,,10-27
39,601009,南京银行,1.0,26.58,7.97,13.01,0.71,296523.56,26.63,,10-27
40,002500,山西证券,0.06,0.0,2.52,2.42,-1.28,14525.0,4.56,,10-26
41,000001,平安银行,2.0,-0.5,15.95,13.05,16.16,1023789.4,33.18,,10-26
42,600015,华夏银行,1.34,22.94,10.39,13.58,9.23,918038.85,40.41,,10-26
43,601988,中国银行,0.38,8.57,2.84,14.0,1.2,10636300.0,10.45,,10-26
44,600109,国金证券,0.23,-1.7,3.37,6.94,0.9,23091.59,-1.8,,10-26
45,000686,东北证券,0.21,-800.0,7.34,3.97,-2.83,14261.63,-874.68,,10-25
46,002673,西部证券,0.15,,4.18,3.93,-0.87,16437.17,,,10-24
47,000783,长江证券,0.23,64.29,5.04,4.68,-0.9,55062.45,66.76,,10-19
