,code,name,eps,eps_yoy,bvps,roe,epcf,net_profits,profits_yoy,distrib,report_date
0,600958,东方证券,0.13,,,,,55160.12,-15.77,,01-21
1,600030,中信证券,0.2,-33.33,7.64,2.56,-0.66,224874.84,-24.37,,08-31
2,601398,工商银行,0.35,12.9,2.91,12.16,2.35,12316000.0,12.49,,08-31
3,600291,西水股份,-0.04,-356.55,5.35,-0.7,-0.34,-1429.29,-356.61,,08-31
4,600830,香溢融通,0.12,-13.99,3.53,3.5,-0.05,5602.96,-13.87,,08-31
5,601328,交通银行,0.5,16.28,4.82,10.82,3.17,3108800.0,17.78,,08-31
6,600705,中航资本,0.44,4788.89,4.73,8.3,-5.75,33837.26,13615.08,,08-30
7,601288,农业银行,0.25,19.05,2.13,11.63,1.57,8049900.0,20.75,,08-30
8,601998,中信银行,0.41,7.89,4.02,10.56,-1.61,1937300.0,28.95,,08-30
9,601336,新华保险,0.61,-34.41,11.2,5.72,10.6,190400.0,7.27,,08-30
10,600816,安信信托,0.25,75.39,1.4,19.44,-0.45,11259.72,75.38,,08-30
11,000712,锦龙股份,0.14,-25.54,2.98,4.68,0.03,4161.83,-25.56,,08-29
12,002142,宁波银行,0.75,31.58,7.06,10.93,-2.12,215789.4,30.38,,08-29
13,601169,北京银行,0.79,-3.66,9.2,10.77,2.37,640089.1,25.51,,08-29
14,601628,中国人寿,0.34,-26.09,7.55,4.71,1.89,963500.0,-25.68,,08-29
15,000415,渤海租赁,0.15,-35.32,5.73,2.73,0.33,19603.32,13.09,,08-29
16,000728,国元证券,0.15,-31.82,7.59,1.99,-0.76,29669.96,-32.53,,08-28
17,000563,陕国投A,0.24,2.67,5.39,6.24,-1.1,10299.91,23.68,,08-28
18,000776,广发证券,0.25,-53.7,5.42,4.54,-0.32,146981.81,9.44,,08-28
19,600837,海通证券,0.23,-14.81,5.97,4.07,0.17,202551.59,-9.36,,08-27
20,601939,建设银行,0.43,16.22,3.45,12.28,1.36,10628300.0,14.5,,08-27
21,601818,光大银行,0.32,39.13,2.59,12.6,-0.29,1292047.7,40.28,,08-25
22,601099,太平洋,0.04,-52.22,1.45,3.3,0.04,7101.53,-47.49,,08-25
23,600109,国金证券,0.2,-2.93,3.34,6.05,0.52,19922.81,-2.98,,08-25
24,601009,南京银行,0.74,37.04,7.79,9.57,3.55,218397.2,37.42,,08-25
25,601901,方正证券,0.06,-7.33,2.32,2.35,-0.44,33921.1,17.79,,08-25
26,600016,民生银行,0.69,32.69,5.28,13.44,-2.36,1905300.0,36.89,10派1.5,08-24
27,601988,中国银行,0.26,8.33,2.71,9.5,1.9,7160100.0,7.65,,08-24
28,000750,国海证券,0.08,-71.43,1.53,5.4,0.22,14921.8,-3.94,,08-24
29,601318,中国平安,1.76,5.39,18.54,10.0,25.84,1395900.0,9.42,10派1.5,08-24
30,600369,西南证券,0.12,-14.29,4.45,2.79,-0.44,28238.37,-15.72,,08-21
31,601377,兴业证券,0.16,-5.88,3.9,4.02,-0.29,34631.62,-9.26,,08-21
32,601601,中国太保,0.31,-54.41,9.51,3.3,3.94,263800.0,-54.64,,08-20
33,601688,华泰证券,0.19,-5.55,5.99,3.13,-0.65,105802.74,-7.48,,08-18
34,600036,招商银行,1.08,25.58,8.4,13.5,11.98,2337700.0,25.68,,08-18
35,000001,平安银行,1.32,-2.94,15.58,8.82,28.11,676148.5,42.9,10派1,08-16
36,600643,爱建集团,0.13,50.0,3.64,5.97,-0.99,10931.75,59.49,,08-15
37,600000,浦发银行,0.92,33.62,8.69,10.86,1.13,1719298.2,33.49,,08-15
38,002500,山西证券,0.04,-20.0,2.49,1.43,-0.39,8566.27,-24.61,,08-14
39,600999,招商证券,0.2,-35.72,5.38,3.76,-0.84,94864.73,-35.72,,08-14
40,601555,东吴证券,0.07,-53.33,3.69,1.81,-0.67,13521.74,-39.93,,08-10
41,600015,华夏银行,0.89,16.61,10.01,9.09,2.0,607523.67,42.36,,08-10
42,601166,兴业银行,1.59,40.71,12.03,13.81,19.57,1710200.0,39.81,,08-10
43,000783,长江证券,0.17,-5.56,5.0,3.46,-0.49,40528.4,-2.37,,08-09
44,002673,西部证券,0.1,-56.52,4.15,2.69,-0.72,10220.77,-54.88,10派4.5,08-07
45,601788,光大证券,0.24,-26.61,6.39,3.75,0.24,82939.6,-26.62,,08-01
46,000686,东北证券,0.19,35.71,5.04,3.9,-0.73,12312.45,38.54,,08-01
