,code,name,eps,eps_yoy,bvps,roe,epcf,net_profits,profits_yoy,distrib,report_date
0,600958,东方证券,0.14,-48.15,3.5,4.18,-0.42,60948.05,-32.92,,03-03
1,601198,东兴证券,0.26,-10.18,2.68,10.16,0.08,51304.86,16.41,,02-02
2,002736,国信证券,0.26,0.0,,10.06,-0.01,184824.18,1.46,,12-11
3,601901,方正证券,0.09,82.94,2.37,3.93,-0.77,56222.16,118.83,10派0.37,04-27
4,600015,华夏银行,1.87,26.21,10.9,18.5,13.85,1279628.09,38.76,10派4.7转3,04-26
5,601099,太平洋,0.04,-58.65,,3.31,,7049.13,-55.01,10派0.15,04-26
6,000563,陕国投A,0.52,19.8,,10.83,,26063.0,68.85,10派0.35送1转10,04-26
7,601009,南京银行,1.35,25.0,8.29,17.35,3.75,401260.3,24.94,10派4.06,04-26
8,601169,北京银行,1.38,-4.17,8.14,18.3,-0.52,1167480.8,30.49,10派4,04-26
9,002500,山西证券,0.06,-25.0,,2.37,,14179.85,-26.55,10派0.5,04-25
10,002142,宁波银行,1.41,24.78,7.67,19.97,16.7,406813.7,25.04,10派2.5,04-24
11,601166,兴业银行,3.22,36.44,13.35,26.65,9.19,3471800.0,36.12,10派5.7送5,04-23
12,000776,广发证券,0.37,-52.56,5.58,6.8,-1.18,219145.71,6.19,10派1.5,04-23
13,600999,招商证券,0.35,-18.06,,6.53,,164599.8,-18.04,10派1.42,04-23
14,000166,申万宏源,0.21,-16.0,,,,140782.92,-15.77,,04-23
15,000783,长江证券,0.29,52.63,5.11,5.79,-0.76,68301.41,57.02,10派2,04-22
16,002673,西部证券,0.1,-54.55,,2.73,,11889.91,-46.74,10派0.7,04-22
17,600291,西水股份,0.18,634.29,,3.17,,6907.6,634.86,10派0.54,04-12
18,600109,国金证券,0.27,18.1,,8.24,,27440.26,18.45,10派0.7,04-12
19,601555,东吴证券,0.14,-6.67,,3.76,,28174.81,21.7,10派0.5,04-02
20,601818,光大银行,0.58,28.89,2.82,22.54,6.73,2359100.0,30.57,10派0.58,04-02
21,000712,锦龙股份,0.07,-4.29,,1.78,,2359.34,8.07,10派1,03-30
22,600830,香溢融通,0.25,-40.58,,6.92,,11184.3,-40.58,10派0.5,03-30
23,601688,华泰证券,0.29,-9.45,,4.8,,161568.08,-9.46,10派1.5,03-30
24,600036,招商银行,2.1,25.75,9.29,24.78,11.57,4527300.0,25.31,10派6.3,03-29
25,601998,中信银行,0.66,-7.04,4.24,16.7,-1.18,3103200.0,0.69,10派1.5,03-29
26,600643,爱建集团,0.33,123.29,,10.66,,32120.98,168.73,,03-29
27,600016,民生银行,1.34,27.62,5.75,25.24,-0.7,3756300.0,34.54,10派1.5,03-29
28,601628,中国人寿,0.39,-40.0,7.82,5.38,4.68,1106100.0,-39.66,10派1.4,03-28
29,000686,东北证券,0.2,-183.33,7.36,3.36,-3.32,15059.51,-199.37,10派2,03-28
30,601328,交通银行,0.88,7.32,5.12,18.43,1.03,5837300.0,15.05,10派2.4,03-28
31,601398,工商银行,0.68,13.33,3.22,23.02,,23853200.0,14.53,10派2.39,03-28
32,600030,中信证券,0.38,-69.11,7.85,4.9,-1.73,423741.85,-66.31,10派3,03-28
33,601336,新华保险,0.94,-24.19,11.5,8.69,17.39,293300.0,4.79,,03-27
34,600837,海通证券,0.33,-13.16,6.12,5.63,,301977.64,-2.68,10派1.2,03-27
35,601288,农业银行,0.45,18.42,2.31,20.74,1.05,14509400.0,19.0,10派1.565,03-27
36,601788,光大证券,0.29,-34.8,,4.56,,100296.87,-35.06,10派0.92,03-27
37,000728,国元证券,0.21,-27.59,,2.74,,40670.7,-27.72,10派1,03-27
38,601988,中国银行,0.5,13.64,2.95,18.1,,13943200.0,12.28,10派1.75,03-27
39,600369,西南证券,0.15,36.36,4.48,3.37,,34240.75,30.35,10派1,03-26
40,601939,建设银行,0.77,13.24,3.77,21.98,1.48,19317900.0,14.13,10派2.68,03-25
41,601601,中国太保,0.59,-39.18,10.61,6.13,5.75,507700.0,-38.93,10派3.5,03-25
42,000750,国海证券,0.07,-41.67,1.53,4.94,,13335.87,76.57,10派0.3,03-22
43,601318,中国平安,2.53,1.2,20.16,13.8,35.48,2005000.0,2.95,10派3,03-15
44,600000,浦发银行,1.83,25.29,9.52,20.95,4.96,3418600.0,25.29,10派5.5,03-14
45,000415,渤海租赁,0.39,-10.09,,5.69,,49194.99,34.07,,03-08
46,601377,兴业证券,0.22,10.0,,5.56,,47635.03,9.42,10派1.2,03-08
47,000001,平安银行,2.62,6.07,16.55,16.78,36.27,1340270.1,30.39,10派1.7送6,03-08
48,600816,安信信托,0.24,-44.81,,18.67,,10768.34,-44.8,10派1,03-07
49,600705,中航资本,0.52,2500.0,,15.67,,72224.63,16304.77,10派1.5,02-01
