,code,name,eps,eps_yoy,bvps,roe,epcf,net_profits,profits_yoy,distrib,report_date
0,002673,西部证券,0.06,,3.24,1.78,0.02,5703.59,,,05-02
1,601601,中国太保,0.08,-80.0,9.39,0.8,2.41,65200.0,-81.1,,04-28
2,601009,南京银行,0.35,34.62,7.63,4.67,0.25,103339.4,31.71,,04-28
3,600030,中信证券,0.08,-42.86,7.94,0.99,0.08,86325.51,-36.39,,04-28
4,601318,中国平安,0.77,1.32,17.76,4.5,13.82,606400.0,4.3,,04-28
5,601288,农业银行,0.13,30.0,2.14,6.47,1.37,4345400.0,27.55,,04-28
6,601398,工商银行,0.18,20.0,2.93,6.2,1.14,6133500.0,14.03,,04-28
7,600837,海通证券,0.13,-7.14,5.63,2.3,1.17,104909.25,-11.48,,04-28
8,601788,光大证券,0.1,-37.75,6.46,1.55,0.66,34057.99,-39.53,,04-28
9,600015,华夏银行,0.34,0.0,9.68,3.61,-1.08,235124.83,37.68,,04-28
10,601998,中信银行,0.18,5.88,3.92,4.81,-2.71,856300.0,31.64,,04-28
11,600291,西水股份,-0.08,-19.35,5.36,-1.46,0.05,-2961.66,-19.36,,04-28
12,601377,兴业证券,0.08,-20.0,3.91,1.97,0.74,16754.07,-20.58,,04-28
13,600000,浦发银行,0.42,0.24,8.42,5.16,4.12,789389.8,30.29,,04-28
14,601939,建设银行,0.21,10.53,3.48,6.15,0.99,5151200.0,9.17,,04-28
15,600036,招商银行,0.54,31.71,8.21,6.8,0.13,1164300.0,32.16,,04-28
16,601328,交通银行,0.26,8.33,4.65,5.68,0.71,1588000.0,19.58,,04-28
17,600643,爱建集团,0.05,35.29,1.7,2.72,-0.02,3743.31,33.55,,04-27
18,601818,光大银行,0.17,41.67,2.55,6.89,-0.18,685976.5,41.08,,04-27
19,600016,民生银行,0.34,47.83,5.2,6.83,-1.61,917200.0,47.7,,04-27
20,000563,陕国投A,0.09,-40.88,2.47,3.88,0.23,3360.66,-40.97,,04-27
21,601988,中国银行,0.13,8.33,2.73,4.95,2.03,3676300.0,9.94,,04-27
22,601336,新华保险,0.25,-75.0,10.56,2.4,7.18,76800.0,-35.73,,04-27
23,000750,国海证券,0.09,-306.42,3.84,2.4,1.11,6511.0,-794.95,,04-27
24,601099,太平洋,0.01,-81.97,1.42,0.77,-0.24,1635.36,-82.3,,04-27
25,002142,宁波银行,0.36,28.57,6.84,,-3.09,103363.9,26.83,,04-26
26,600830,香溢融通,0.06,14.81,3.52,1.77,-0.1,2812.43,13.82,,04-26
27,601166,兴业银行,0.77,-11.49,11.49,6.93,1.01,828800.0,58.74,,04-26
28,601628,中国人寿,0.2,-28.57,7.25,2.84,1.11,562500.0,-29.43,,04-26
29,000001,平安银行,0.67,-2.9,14.99,4.57,15.0,342894.5,42.74,,04-26
30,601901,方正证券,0.02,,2.36,0.97,0.16,13818.19,,,04-25
31,000728,国元证券,0.08,-38.46,7.63,1.04,0.05,15535.56,-38.85,,04-24
32,002500,山西证券,0.02,100.0,2.52,0.89,-0.16,5364.69,54.79,,04-24
33,601555,东吴证券,0.03,,3.73,0.82,-0.01,6114.07,,,04-24
34,600999,招商证券,0.12,-47.92,5.42,,0.55,53721.55,-32.33,,04-24
35,000686,东北证券,0.08,-52.06,4.9,1.58,1.26,4902.74,-53.35,,04-24
36,601169,北京银行,0.46,15.0,8.93,,-3.67,337134.4,33.79,,04-24
37,000776,广发证券,0.22,-18.52,11.01,2.03,1.25,65142.18,-2.13,,04-24
38,600816,安信信托,0.12,73.74,1.27,9.94,-0.49,5468.91,73.79,,04-24
39,601688,华泰证券,0.09,-25.0,6.04,1.44,0.54,48118.57,-30.73,,04-21
40,600109,国金证券,0.07,-53.85,3.31,2.2,1.47,7208.74,-53.67,,04-21
41,000783,长江证券,0.08,-46.67,4.94,1.55,1.04,17920.66,-46.24,,04-19
42,000415,渤海租赁,0.05,-293.31,7.3,0.72,0.08,5074.67,-729.0,,04-18
43,600369,西南证券,0.07,-46.15,4.34,1.61,0.48,16046.17,-46.08,,04-17
44,600705,中航资本,0.0,-74.73,3.22,0.07,0.01,63.04,-75.72,,04-16
45,000712,锦龙股份,0.03,-71.96,2.87,1.04,0.02,908.35,-72.17,,04-10
