,code,name,eps,eps_yoy,bvps,roe,epcf,net_profits,profits_yoy,distrib,report_date
0,002736,国信证券,0.25,,,9.02,-1.38,177609.41,18.07,,12-26
1,000166,申万宏源,0.21,40.0,,7.74,,140528.87,36.2,,01-02
2,601398,工商银行,0.59,11.32,3.51,17.25,,20553300.0,10.74,,10-31
3,601788,光大证券,0.15,-46.43,,2.29,,50991.48,-46.82,,10-31
4,600015,华夏银行,1.25,-6.72,9.2,14.05,2.58,1113000.0,21.24,,10-31
5,601169,北京银行,1.25,5.04,,14.74,2.6,1101404.8,10.46,,10-31
6,600830,香溢融通,0.33,80.54,,8.77,,15177.53,80.92,,10-31
7,600000,浦发银行,1.6,14.13,10.49,15.93,14.61,2981800.0,14.13,,10-31
8,601988,中国银行,0.43,13.16,3.19,14.0,-0.16,12021000.0,13.02,,10-31
9,601336,新华保险,1.27,71.62,12.75,10.44,12.28,395000.0,69.97,,10-31
10,601328,交通银行,0.66,-5.71,5.5,12.23,,4870600.0,9.42,,10-31
11,601601,中国太保,0.89,147.22,11.13,8.2,4.17,808100.0,157.77,,10-31
12,601009,南京银行,1.15,15.0,8.89,13.31,17.56,341870.73,15.29,,10-31
13,601901,方正证券,0.14,133.33,2.5,5.63,-0.13,83840.41,142.01,,10-31
14,600030,中信证券,0.34,25.93,,4.24,,369669.67,26.58,,10-31
15,600016,民生银行,1.18,13.46,6.69,18.56,0.56,3331400.0,15.63,,10-31
16,601288,农业银行,0.42,13.51,2.55,17.32,0.45,13798800.0,14.91,,10-31
17,600837,海通证券,0.39,44.44,,6.12,,369108.51,51.25,,10-30
18,601998,中信银行,0.66,13.79,4.7,14.4,-2.37,3086000.0,13.35,,10-30
19,600291,西水股份,0.09,-179.41,,1.39,,3287.01,-179.38,,10-30
20,601688,华泰证券,0.33,37.5,,5.27,,185542.65,37.92,,10-30
21,601166,兴业银行,1.74,-28.69,10.21,18.15,9.43,3310200.0,25.67,,10-30
22,600036,招商银行,1.83,13.66,10.2,18.44,0.26,3949800.0,13.53,,10-30
23,000728,国元证券,0.27,42.11,,3.47,,52636.76,42.02,,10-30
24,600643,爱建集团,0.33,74.33,,8.16,,36028.25,103.54,,10-30
25,601555,东吴证券,0.15,31.69,,3.97,,30527.24,33.98,,10-30
26,600369,西南证券,0.22,144.44,4.6,4.74,,50539.0,149.87,,10-29
27,002142,宁波银行,1.37,18.1,8.68,16.59,13.25,394383.0,18.27,,10-29
28,000776,广发证券,0.39,25.81,,6.84,,230579.0,27.3,,10-29
29,000415,渤海租赁,0.32,-2.07,,5.5,,40131.86,-2.09,,10-29
30,600705,中航资本,0.45,15.38,,12.31,,69255.18,31.51,,10-29
31,600999,招商证券,0.34,30.03,,6.04,,158265.17,30.03,,10-29
32,601818,光大银行,0.54,14.89,3.27,17.57,0.38,2166400.0,13.82,,10-29
33,600109,国金证券,0.18,-20.78,,3.65,,23675.8,2.53,,10-28
34,601939,建设银行,0.71,12.7,4.2,17.54,,17648200.0,11.56,,10-28
35,000750,国海证券,0.16,77.78,,10.0,-0.23,28628.23,79.77,,10-28
36,601377,兴业证券,0.24,26.32,,5.32,,58543.95,40.16,,10-26
37,000783,长江证券,0.34,47.83,5.28,6.56,-0.75,81380.02,47.8,,10-26
38,600816,安信信托,0.31,9.81,,20.72,,14228.78,9.83,,10-26
39,601628,中国人寿,0.84,223.08,8.35,10.33,1.9,2368900.0,218.91,,10-26
40,601099,太平洋,0.05,860.0,,3.65,0.12,7918.76,869.43,,10-26
41,601318,中国平安,2.95,45.32,22.74,13.67,26.38,2333900.0,45.1,,10-26
42,000563,陕国投A,0.19,-52.49,,6.88,,23049.1,20.05,,10-25
43,002500,山西证券,0.08,33.33,,3.01,,18411.47,26.76,,10-25
44,000686,东北证券,0.45,114.29,7.58,6.06,-2.02,44473.31,211.84,,10-24
45,002673,西部证券,0.22,46.67,,5.76,,26246.26,59.68,,10-23
46,000001,平安银行,1.43,-28.5,11.58,12.96,12.3,1169600.0,14.24,,10-23
47,000712,锦龙股份,0.06,-37.5,,,,5656.69,83.33,,10-22
