,code,name,eps,eps_yoy,bvps,roe,epcf,net_profits,profits_yoy,distrib,report_date
0,600958,东方证券,0.12,-7.69,,3.44,,52118.56,-5.51,,10-15
1,601198,东兴证券,0.18,,,,,36649.09,,,09-18
2,000415,渤海租赁,0.23,46.31,,3.95,,28673.78,46.27,,08-31
3,600830,香溢融通,0.11,-9.76,,2.98,,5021.86,-10.37,,08-31
4,601901,方正证券,0.07,19.42,,2.76,,40484.12,19.35,,08-31
5,601009,南京银行,0.81,9.46,8.71,9.3,14.58,240355.1,10.05,,08-30
6,601398,工商银行,0.4,14.29,3.35,11.63,,13834700.0,12.33,,08-30
7,600030,中信证券,0.19,-5.0,,2.42,,210967.36,-6.18,,08-30
8,601988,中国银行,0.29,11.54,3.04,9.47,,8072100.0,12.74,,08-30
9,000712,锦龙股份,0.11,-22.63,,2.14,,4751.08,14.16,,08-30
10,601318,中国平安,2.26,28.41,21.82,10.7,13.37,1791000.0,28.3,10派2,08-30
11,601288,农业银行,0.28,12.0,2.43,11.61,-0.4,9235200.0,14.72,,08-29
12,600016,民生银行,0.81,17.39,6.53,13.02,-1.13,2294500.0,20.43,10派1.58,08-29
13,601169,北京银行,0.89,12.66,8.63,10.41,5.61,780056.7,21.87,,08-29
14,002142,宁波银行,0.9,20.0,8.55,11.15,12.68,260750.8,20.84,,08-29
15,601628,中国人寿,0.57,67.65,8.16,7.11,1.51,1619800.0,68.12,,08-29
16,000686,东北证券,0.31,63.16,7.43,4.2,-0.9,30768.81,149.9,,08-29
17,600705,中航资本,0.27,-38.64,,7.56,,41714.16,23.28,,08-28
18,601998,中信银行,0.44,7.32,4.51,9.79,1.01,2039100.0,5.25,,08-28
19,000728,国元证券,0.15,0.0,,1.96,,29577.34,-0.31,,08-28
20,601336,新华保险,0.7,14.75,12.08,5.95,9.95,218700.0,14.86,,08-28
21,601818,光大银行,0.37,15.63,3.14,12.3,1.87,1491700.0,15.45,,08-27
22,600369,西南证券,0.13,8.33,4.51,2.88,0.6,30433.4,7.77,,08-27
23,000776,广发证券,0.23,-8.0,,4.06,,136176.97,-7.35,,08-27
24,601939,建设银行,0.48,11.63,3.97,11.95,0.31,11971100.0,12.63,,08-26
25,601601,中国太保,0.6,93.55,10.63,5.6,3.16,546400.0,107.13,,08-26
26,601099,太平洋,0.01,-72.09,,0.96,,2053.23,-71.09,,08-24
27,601788,光大证券,0.24,-2.22,,3.59,,81094.59,-2.22,,08-23
28,000001,平安银行,0.92,-30.3,11.17,8.52,3.51,753100.0,11.38,,08-23
29,600837,海通证券,0.28,21.74,,4.45,,266535.26,31.59,,08-23
30,600291,西水股份,0.06,-273.66,,1.13,,2481.87,-273.64,,08-22
31,601328,交通银行,0.47,-6.0,5.34,8.77,,3482700.0,12.03,,08-22
32,000563,陕国投A,0.15,-35.92,,5.55,,18576.39,80.35,,08-22
33,600109,国金证券,0.14,-32.16,,2.7,,17452.75,-12.4,,08-22
34,600999,招商证券,0.22,10.37,,4.0,,104705.75,10.37,,08-21
35,002500,山西证券,0.04,0.0,,1.57,,9540.53,11.37,,08-20
36,600036,招商银行,1.22,12.96,9.84,12.73,-2.3,2627100.0,12.38,,08-17
37,601688,华泰证券,0.23,21.81,,3.69,,128844.16,21.78,,08-17
38,600643,爱建集团,0.18,42.06,,4.58,,19831.33,81.41,,08-16
39,600000,浦发银行,1.04,12.69,10.01,10.45,13.48,1938600.0,12.76,,08-14
40,601166,兴业银行,1.7,6.92,14.51,12.06,16.55,2163800.0,26.52,,08-13
41,000783,长江证券,0.21,23.53,5.12,3.92,-0.3,48656.27,20.05,,08-10
42,600015,华夏银行,0.82,-7.54,9.22,9.31,10.89,730000.0,20.16,,08-09
43,601555,东吴证券,0.1,42.86,,2.49,,19115.67,41.37,,08-09
44,601377,兴业证券,0.18,12.5,,4.04,,40867.38,18.01,,08-08
45,002673,西部证券,0.15,50.0,3.85,3.84,-0.61,17410.41,70.34,,07-31
46,000750,国海证券,0.1,25.0,,6.42,,18143.83,21.59,,07-27
47,600816,安信信托,0.24,-1.94,,16.29,,11045.68,-1.9,,07-22
48,000166,申万宏源,0.11,,,,,75763.31,,,07-19
49,002736,国信证券,,,,,,109549.34,,,07-11
