,code,name,eps,eps_yoy,bvps,roe,epcf,net_profits,profits_yoy,distrib,report_date
0,000166,申万宏源,0.24,14.29,,,,325953.1,131.95,,10-28
1,002736,国信证券,0.4,60.0,3.27,12.79,0.28,275225.92,54.96,,12-26
2,601198,东兴证券,0.36,,3.48,11.0,2.06,71599.8,,,12-17
3,600958,东方证券,0.33,,4.0,8.76,-0.99,142754.59,,,12-09
4,600030,中信证券,0.58,70.59,,7.05,,636481.44,72.18,,10-31
5,600016,民生银行,1.08,-8.47,6.86,17.03,2.63,3677800.0,10.4,,10-31
6,601169,北京银行,1.19,-4.8,,14.82,,1259200.0,14.33,,10-31
7,601988,中国银行,0.47,9.3,3.6,13.52,1.48,13113300.0,9.09,,10-31
8,000712,锦龙股份,0.34,466.67,,13.05,,30398.28,437.39,,10-31
9,600015,华夏银行,1.48,18.4,10.81,14.47,-5.06,1317700.0,18.39,,10-31
10,600830,香溢融通,0.15,-55.39,,3.72,,6764.43,-55.43,,10-31
11,600000,浦发银行,1.87,16.7,12.4,15.92,2.68,3479900.0,16.7,,10-31
12,601901,方正证券,0.23,64.29,3.62,6.29,0.84,148223.86,76.79,,10-31
13,601555,东吴证券,0.36,140.0,,4.24,,77282.95,153.16,,10-31
14,601818,光大银行,0.5,-7.41,3.7,14.16,1.59,2332200.0,7.65,,10-31
15,601288,农业银行,0.47,11.9,2.95,16.76,0.2,15243900.0,10.47,,10-31
16,601998,中信银行,0.69,4.55,5.35,13.58,0.13,3228000.0,4.6,,10-30
17,600643,爱建集团,0.33,1.84,,7.52,,36666.16,1.77,,10-30
18,601377,兴业证券,0.21,-12.5,,8.03,,108378.63,85.12,,10-30
19,601688,华泰证券,0.47,42.42,,7.1,,264477.17,42.54,,10-30
20,600291,西水股份,0.6,598.71,,9.92,,22967.7,598.74,,10-30
21,601328,交通银行,0.69,4.55,6.14,11.69,,5152200.0,5.78,,10-30
22,600036,招商银行,1.82,-0.55,11.97,16.0,5.99,4580400.0,15.97,,10-30
23,601398,工商银行,0.63,6.78,4.06,16.14,,22046400.0,7.26,,10-30
24,600837,海通证券,0.52,33.33,,7.74,,494905.7,34.08,,10-29
25,601628,中国人寿,0.97,15.48,9.12,11.5,1.46,2755300.0,16.31,,10-29
26,601166,兴业银行,2.01,15.52,12.28,17.54,,3830400.0,15.72,,10-29
27,000686,东北证券,0.31,-31.11,,7.72,,60232.2,35.43,,10-29
28,601099,太平洋,0.11,137.5,,7.94,,34952.08,341.38,,10-29
29,000563,陕国投A,0.2,5.9,,6.71,,24418.97,5.94,,10-29
30,600109,国金证券,0.21,15.85,,7.66,,54878.39,131.79,,10-29
31,601318,中国平安,4.0,35.59,27.62,15.67,11.88,3168700.0,35.77,,10-29
32,000776,广发证券,0.51,30.77,,8.48,,304062.15,31.87,,10-29
33,601009,南京银行,1.4,21.74,10.33,14.42,29.7,415994.25,21.68,,10-29
34,600705,中航资本,0.85,88.89,,15.46,,148038.93,113.76,,10-29
35,000728,国元证券,0.48,77.78,,5.84,,94273.35,79.1,,10-28
36,002142,宁波银行,1.59,16.06,10.05,16.6,16.64,458441.9,16.24,,10-28
37,000783,长江证券,0.26,-23.53,,9.39,1.24,122664.06,50.73,,10-28
38,000415,渤海租赁,0.43,35.45,,8.27,,69918.3,74.22,,10-28
39,000750,国海证券,0.2,25.0,,7.3,,46545.07,62.58,,10-28
40,600999,招商证券,0.49,44.3,,7.55,,253346.66,60.08,,10-28
41,002500,山西证券,0.15,87.5,,5.3,,37128.63,101.66,,10-27
42,600369,西南证券,0.33,50.0,,6.17,,89064.25,76.23,,10-25
43,601336,新华保险,2.03,59.84,15.01,14.68,9.63,632500.0,60.13,,10-25
44,601601,中国太保,0.99,11.24,12.3,8.5,3.38,896000.0,10.88,,10-25
45,002673,西部证券,0.35,59.09,,8.65,,42083.08,60.34,,10-25
46,601788,光大证券,0.26,73.33,,3.84,,89857.99,76.22,,10-25
47,000001,平安银行,1.37,-4.2,11.09,13.16,-0.45,1569400.0,34.18,,10-24
48,601939,建设银行,0.76,7.04,4.83,16.61,,19029800.0,7.83,,10-24
49,600816,安信信托,1.81,476.99,,65.94,,82089.76,476.93,,10-10
