,code,name,eps,eps_yoy,bvps,roe,epcf,net_profits,profits_yoy,distrib,report_date
0,002736,国信证券,0.21,,3.06,7.09,0.48,149590.1,36.55,,12-11
1,600958,东方证券,0.19,58.33,,,,82466.82,58.23,,11-25
2,601166,兴业银行,1.34,-21.18,11.57,11.9,8.61,2552700.0,17.97,,08-30
3,601939,建设银行,0.52,8.33,4.55,11.49,0.36,13066200.0,9.15,,08-30
4,601099,太平洋,0.08,533.33,,4.13,,14413.37,601.99,10转5,08-30
5,601901,方正证券,0.13,95.78,,4.85,,76946.44,90.07,,08-30
6,601818,光大银行,0.34,-8.11,3.53,9.7,1.17,1584500.0,6.22,,08-30
7,600036,招商银行,1.21,-0.82,11.34,10.75,16.21,3045900.0,15.94,,08-30
8,600016,民生银行,0.75,-7.41,6.53,12.11,3.07,2557000.0,11.44,10派0.75,08-29
9,601398,工商银行,0.42,5.0,3.86,10.89,,14810000.0,7.05,,08-29
10,600030,中信证券,0.37,94.74,,4.56,,407561.97,93.19,,08-29
11,601998,中信银行,0.47,6.82,5.11,9.32,1.93,2203400.0,8.06,,08-29
12,601169,北京银行,0.84,-5.62,9.94,10.63,2.76,884700.0,13.41,,08-28
13,601628,中国人寿,0.65,14.04,8.51,7.89,1.43,1840700.0,13.64,,08-28
14,600109,国金证券,0.29,117.04,,5.48,,37869.99,116.99,10转10,08-28
15,000415,渤海租赁,0.3,30.72,,5.83,,46140.6,60.92,,08-28
16,600705,中航资本,0.66,144.44,,13.29,,112124.74,168.79,10派2转10,08-28
17,601336,新华保险,1.2,71.43,13.88,9.04,9.37,374800.0,71.38,,08-27
18,600837,海通证券,0.3,7.14,,4.55,,287751.78,7.96,,08-27
19,601009,南京银行,0.97,19.75,9.83,10.04,21.24,286656.1,19.26,,08-27
20,601288,农业银行,0.32,14.29,2.79,11.52,1.48,10403200.0,12.65,,08-27
21,600369,西南证券,0.2,53.85,,3.91,,54190.59,78.06,,08-26
22,600830,香溢融通,0.1,-9.01,,2.51,,4576.57,-8.87,,08-26
23,000750,国海证券,0.11,10.0,,3.88,,24471.51,34.88,,08-26
24,000712,锦龙股份,0.26,145.28,,10.05,,23138.43,387.01,,08-25
25,002142,宁波银行,1.07,18.89,10.13,11.28,15.46,308607.9,18.35,,08-25
26,601601,中国太保,0.76,26.67,11.73,6.6,2.64,684800.0,25.33,,08-25
27,000563,陕国投A,0.18,18.18,,6.07,,21950.11,18.16,,08-25
28,601555,东吴证券,0.17,70.0,,4.16,,33281.07,74.1,,08-23
29,601328,交通银行,0.5,6.38,5.93,8.4,,3677300.0,5.59,,08-22
30,000686,东北证券,0.17,-45.16,,4.34,,33171.73,7.81,,08-21
31,600291,西水股份,0.38,483.13,,6.57,,14466.25,482.88,,08-21
32,601377,兴业证券,0.23,29.5,,4.55,,60594.34,48.27,10转10,08-21
33,601988,中国银行,0.32,10.34,3.46,9.29,,8972400.0,11.15,,08-20
34,601318,中国平安,2.7,19.47,26.08,10.9,15.8,2136200.0,19.27,10派2.5,08-20
35,600643,爱建集团,0.21,17.32,,4.81,,23225.98,17.12,,08-20
36,002500,山西证券,0.1,150.0,,3.44,,23976.58,151.31,,08-19
37,000776,广发证券,0.28,21.74,,4.74,,167499.01,23.0,,08-19
38,600999,招商证券,0.28,25.2,,4.58,,136450.24,30.32,10派1.53,08-19
39,000728,国元证券,0.31,106.67,,3.84,,60703.54,105.24,,08-19
40,000001,平安银行,0.88,-4.35,10.59,8.62,4.68,1007200.0,33.74,,08-14
41,600000,浦发银行,1.22,16.94,11.7,10.52,-1.63,2265600.0,16.87,,08-14
42,601688,华泰证券,0.26,14.78,,4.06,,147891.75,14.78,,08-09
43,000783,长江证券,0.14,-33.33,2.69,5.12,0.67,66206.0,36.07,,08-08
44,600015,华夏银行,0.97,18.29,10.27,9.66,-11.04,867000.0,18.77,,08-07
45,000166,申万宏源,,,,,,104119.83,37.43,,08-04
46,601788,光大证券,0.11,-53.01,,1.66,,38108.16,-53.01,,07-30
47,600816,安信信托,1.21,396.59,,48.15,,54844.46,396.52,,07-29
48,002673,西部证券,0.13,-13.33,3.96,3.22,0.52,15229.38,-12.53,,07-29
49,601198,东兴证券,,,,,,47847.46,30.56,,07-18
