,code,name,eps,eps_yoy,bvps,roe,epcf,net_profits,profits_yoy,distrib,report_date
0,601688,华泰证券,1.38,193.62,,16.01,,863935.22,226.66,,10-31
1,600016,民生银行,1.1,1.85,8.02,14.47,3.36,3837700.0,4.35,,10-31
2,601336,新华保险,2.77,36.45,17.33,16.84,1.84,864400.0,36.66,,10-31
3,600015,华夏银行,1.3,-12.16,10.5,12.9,7.13,1391200.0,5.58,,10-31
4,601328,交通银行,0.7,1.45,6.79,10.61,,5204000.0,1.01,,10-31
5,000783,长江证券,0.67,157.69,,20.93,3.46,318165.55,159.38,,10-31
6,600830,香溢融通,0.15,2.68,,3.65,,6966.13,2.98,,10-31
7,601601,中国太保,1.66,67.68,14.02,12.3,2.68,1503600.0,67.81,,10-31
8,601901,方正证券,0.48,108.7,4.17,12.11,-0.82,392710.25,164.94,,10-31
9,000563,陕国投A,0.28,40.35,,8.65,,34261.49,40.31,,10-31
10,000776,广发证券,1.51,196.08,,18.02,,1038601.72,241.58,,10-31
11,601818,光大银行,0.51,2.0,4.21,12.62,,2387500.0,2.37,,10-31
12,601398,工商银行,0.62,-1.59,4.62,13.95,,22176100.0,0.59,,10-31
13,600999,招商证券,1.52,210.45,,19.54,,883344.09,248.67,,10-31
14,601788,光大证券,1.73,564.58,,20.16,,599969.44,567.69,,10-31
15,601169,北京银行,1.12,-5.88,8.51,13.88,,1413600.0,12.26,,10-30
16,601988,中国银行,0.43,-8.51,3.94,11.27,1.82,13154500.0,0.31,,10-30
17,600369,西南证券,0.55,66.67,,17.9,,310994.15,249.18,,10-30
18,002142,宁波银行,1.36,-14.47,9.84,14.65,-1.26,532051.9,16.06,,10-30
19,601939,建设银行,0.77,1.32,5.5,14.59,,19155700.0,0.66,,10-30
20,600291,西水股份,1.05,75.51,,12.77,,40308.21,75.5,,10-30
21,600000,浦发银行,1.99,6.75,14.49,14.37,15.8,3716200.0,6.79,,10-30
22,601099,太平洋,0.22,93.86,,11.69,,78045.31,123.29,,10-30
23,601555,东吴证券,0.81,125.0,,14.67,,218396.83,182.59,,10-30
24,000415,渤海租赁,0.27,-36.17,,9.34,,97029.9,38.78,,10-30
25,600036,招商银行,1.92,5.49,13.84,14.63,6.98,4850000.0,5.89,,10-30
26,600030,中信证券,1.4,141.38,,14.11,,1598595.8,151.16,,10-30
27,600643,爱建集团,0.3,-9.94,,7.98,,42921.26,17.06,,10-30
28,601377,兴业证券,0.68,223.81,,21.68,,351900.01,224.7,,10-30
29,600837,海通证券,1.06,103.85,,13.04,,1106492.21,123.58,,10-29
30,601628,中国人寿,1.2,23.71,10.57,11.67,1.33,3383700.0,22.81,,10-29
31,000686,东北证券,1.14,267.74,,22.99,,223248.7,270.65,,10-29
32,600109,国金证券,0.58,172.17,,13.27,,168373.6,206.81,,10-29
33,601009,南京银行,1.67,19.29,13.16,14.77,23.08,517819.1,24.48,,10-29
34,600958,东方证券,1.19,260.61,,21.75,,591086.71,314.06,,10-28
35,601166,兴业银行,2.16,7.46,15.87,15.75,31.86,4122100.0,7.62,,10-28
36,601318,中国平安,2.64,-34.0,17.96,15.3,9.36,4827600.0,52.35,,10-28
37,600816,安信信托,0.76,-58.06,,36.53,,121355.8,47.83,,10-28
38,002736,国信证券,1.35,237.5,,28.5,,1108258.26,302.67,,10-28
39,000750,国海证券,0.58,190.0,,16.82,,141035.64,203.01,,10-28
40,600705,中航资本,0.48,-43.53,,12.44,,180808.16,22.14,,10-28
41,002673,西部证券,0.63,80.0,,18.39,,172789.38,310.59,,10-28
42,000166,申万宏源,0.57,137.5,3.13,19.96,3.57,839478.41,157.55,,10-28
43,601198,东兴证券,0.74,107.28,,15.64,,176769.17,146.88,,10-28
44,601998,中信银行,0.7,1.45,6.29,11.92,0.85,3292600.0,2.0,,10-28
45,000728,国元证券,1.14,137.5,,12.2,,223684.2,137.27,,10-28
46,002500,山西证券,0.49,228.6,,15.8,,124155.57,234.39,,10-26
47,601288,农业银行,0.47,0.0,3.37,14.56,1.57,15321000.0,0.51,,10-24
48,000001,平安银行,1.27,-7.3,10.98,12.39,6.43,1774000.0,13.04,,10-23
49,000712,锦龙股份,0.83,144.12,,25.98,,74619.47,145.47,,10-16
