,code,name,eps,eps_yoy,bvps,roe,epcf,net_profits,profits_yoy,distrib,report_date
0,601818,光大银行,0.18,0.0,4.02,4.56,,835800.0,2.34,,04-30
1,601398,工商银行,0.21,0.0,4.52,4.84,,7432400.0,1.39,,04-30
2,000166,申万宏源,0.19,137.5,2.77,6.23,2.27,256655.05,352.58,,04-30
3,600030,中信证券,0.35,191.67,,3.76,,381704.59,191.3,,04-30
4,601198,东兴证券,0.31,158.33,,7.35,,68126.51,190.49,,04-30
5,601988,中国银行,0.16,0.0,3.83,4.23,1.36,4583800.0,1.05,,04-30
6,601336,新华保险,1.16,132.0,17.29,7.09,1.85,362400.0,132.31,,04-30
7,600015,华夏银行,0.46,9.52,11.83,4.0,-2.94,413600.0,11.12,,04-30
8,601939,建设银行,0.27,3.85,5.26,5.26,,6700500.0,1.86,,04-30
9,600291,西水股份,0.2,-29.53,,2.23,,7632.27,-29.54,,04-30
10,600830,香溢融通,0.05,10.87,,1.24,,2326.88,10.61,,04-30
11,601601,中国太保,0.54,54.29,13.66,4.1,0.7,490300.0,52.69,,04-30
12,600000,浦发银行,0.6,4.53,13.7,4.47,-4.36,1119400.0,4.52,,04-30
13,601901,方正证券,0.12,71.43,3.81,3.14,0.64,97033.08,122.97,,04-30
14,601318,中国平安,2.19,59.85,34.43,6.6,6.7,1996400.0,84.7,,04-30
15,002736,国信证券,0.4,,,9.44,,325539.27,247.26,,04-29
16,000415,渤海租赁,0.14,-0.64,,2.49,,24684.2,28.72,,04-29
17,600036,招商银行,0.68,15.25,13.14,5.33,1.14,1722000.0,15.22,,04-29
18,601288,农业银行,0.17,6.25,3.21,5.32,1.19,5411600.0,1.28,,04-29
19,601788,光大证券,0.44,557.65,,5.87,,151275.0,557.93,,04-29
20,600837,海通证券,0.43,230.77,,5.81,,410165.83,238.88,,04-29
21,601628,中国人寿,0.43,65.38,10.69,4.19,0.01,1227100.0,69.77,,04-29
22,601328,交通银行,0.26,4.0,6.6,3.95,,1897000.0,1.5,,04-29
23,000563,陕国投A,0.06,0.49,,1.91,,7522.6,0.61,,04-29
24,601009,南京银行,0.6,25.0,11.43,5.34,12.17,177344.7,24.91,,04-28
25,000750,国海证券,0.18,260.0,,5.97,,41606.07,246.17,,04-28
26,600705,中航资本,0.11,-42.11,,3.12,,42746.34,50.41,,04-28
27,002673,西部证券,0.37,428.57,,9.23,,51880.86,551.94,,04-28
28,600999,招商证券,0.46,200.46,,6.19,,266290.39,274.44,,04-28
29,000728,国元证券,0.37,94.74,,4.04,,71710.23,95.37,,04-28
30,601377,兴业证券,0.21,200.0,,7.05,,107318.99,471.66,,04-28
31,601169,北京银行,0.47,-7.84,,5.08,,498600.0,10.26,,04-28
32,600369,西南证券,0.34,209.09,,5.61,,96522.23,254.54,,04-28
33,002142,宁波银行,0.54,3.85,11.04,5.01,0.18,175165.7,16.61,,04-28
34,601166,兴业银行,0.78,11.43,14.33,5.86,-2.82,1479000.0,10.68,,04-28
35,600109,国金证券,0.13,-19.28,,3.77,,38113.44,77.22,,04-28
36,000776,广发证券,0.43,207.14,,6.09,,251729.26,204.67,,04-28
37,601555,东吴证券,0.23,187.5,,4.24,,61368.1,281.26,,04-28
38,601998,中信银行,0.23,0.0,5.79,4.18,-0.67,1092800.0,2.07,,04-25
39,600958,东方证券,0.45,800.0,,9.87,,193994.6,789.82,,04-25
40,000783,长江证券,0.16,23.08,,5.39,-0.09,77244.47,147.59,,04-25
41,600643,爱建集团,0.12,27.17,,2.46,,12901.74,26.89,,04-24
42,000001,平安银行,0.41,-22.64,9.97,4.21,0.84,562900.0,11.38,,04-24
43,000686,东北证券,0.28,207.69,,6.06,,54868.25,207.91,,04-24
44,601099,太平洋,0.08,110.81,,4.21,,27533.82,346.0,,04-24
45,601688,华泰证券,0.36,150.1,,4.76,,201535.42,150.14,,04-23
46,600016,民生银行,0.39,-13.33,7.42,5.41,1.91,1337700.0,5.53,,04-22
47,000712,锦龙股份,0.22,-53.19,,7.46,,19819.89,-5.95,,04-22
48,002500,山西证券,0.19,270.57,,6.32,,47873.75,270.24,,04-21
49,600816,安信信托,0.45,-17.9,,10.79,,20584.81,-17.9,,04-10
