date,open,high,close,low,volume,amount
2015-12-31,1133.28,1136.08,1122.97,1122.04,49125892.0,591643584.0
2015-12-30,1132.34,1134.21,1133.28,1119.23,53266704.0,641277248.0
2015-12-29,1122.97,1133.28,1132.34,1121.1,61980216.0,744718400.0
2015-12-28,1164.18,1166.99,1122.04,1122.04,82240864.0,1003010176.0
2015-12-25,1159.5,1167.93,1162.31,1154.82,39984504.0,495638048.0
2015-12-24,1166.99,1176.36,1155.75,1146.39,64022964.0,791975808.0
2015-12-23,1167.93,1196.96,1168.86,1161.37,103901824.0,1302341504.0
2015-12-22,1170.74,1181.98,1164.18,1159.5,69809144.0,870121728.0
2015-12-21,1137.02,1191.34,1171.67,1134.21,128114216.0,1595741312.0
2015-12-18,1126.72,1175.42,1145.45,1125.78,102294472.0,1257360384.0
2015-12-17,1121.1,1137.02,1130.46,1120.16,64827476.0,780891776.0
2015-12-16,1122.03,1124.84,1113.6,1112.67,39276280.0,468510272.0
2015-12-15,1126.72,1132.34,1116.41,1110.8,36448736.0,436557696.0
2015-12-14,1098.62,1134.21,1130.46,1096.75,58723664.0,698792000.0
2015-12-11,1115.48,1116.41,1107.99,1098.62,37950804.0,448800928.0
2015-12-10,1119.23,1137.02,1120.16,1115.48,41760360.0,502326080.0
2015-12-09,1116.42,1135.15,1122.97,1114.54,42938436.0,515596480.0
2015-12-08,1130.46,1132.34,1120.16,1114.54,50310180.0,602568640.0
2015-12-07,1140.77,1147.32,1137.96,1127.65,40279264.0,488370688.0
2015-12-04,1152.94,1159.5,1135.15,1131.4,76453248.0,934906560.0
2015-12-03,1160.44,1194.15,1166.06,1147.32,142597680.0,1786008960.0
2015-12-02,1095.81,1183.85,1171.67,1092.07,161576080.0,1978750464.0
2015-12-01,1095.81,1110.8,1100.49,1078.02,68025392.0,793118208.0
2015-11-30,1097.68,1111.73,1099.56,1077.08,65849388.0,770221376.0
2015-11-27,1140.77,1142.64,1098.62,1079.89,72802592.0,867702400.0
2015-11-26,1157.62,1159.5,1145.45,1142.64,55221016.0,679692160.0
2015-11-25,1143.58,1158.56,1153.88,1139.83,51346272.0,629507072.0
2015-11-24,1162.31,1166.06,1150.13,1138.89,66421480.0,812675968.0
2015-11-23,1175.42,1180.1,1166.06,1159.5,60797532.0,760493312.0
2015-11-20,1170.74,1179.17,1175.42,1163.24,59803632.0,747487168.0
2015-11-19,1161.37,1171.67,1170.74,1154.82,47112068.0,585571008.0
2015-11-18,1166.99,1189.47,1163.25,1152.94,79370480.0,991513856.0
2015-11-17,1162.31,1189.47,1170.74,1157.63,104648656.0,1315319808.0
2015-11-16,1136.08,1160.44,1155.75,1132.34,55984872.0,685977408.0
2015-11-13,1144.51,1168.87,1146.39,1141.7,58755504.0,722252992.0
2015-11-12,1180.1,1184.79,1161.37,1150.13,67113960.0,833753280.0
2015-11-11,1189.47,1196.96,1175.42,1159.5,102173504.0,1280174464.0
2015-11-10,1198.84,1224.12,1194.15,1181.04,112502760.0,1438707584.0
2015-11-09,1170.74,1253.16,1211.95,1166.99,241388784.0,3137641472.0
2015-11-06,1125.78,1162.31,1160.43,1116.41,146319488.0,1781331328.0
2015-11-05,1086.44,1177.29,1130.46,1081.76,229218976.0,2780266752.0
2015-11-04,1037.74,1095.81,1094.87,1034.93,130724416.0,1493255552.0
2015-11-03,1044.3,1049.92,1034.93,1031.18,39126520.0,434818752.0
2015-11-02,1055.54,1060.22,1043.36,1039.61,48443580.0,544000192.0
2015-10-30,1058.35,1069.59,1063.96,1055.54,53593072.0,607980992.0
2015-10-29,1058.35,1063.96,1055.54,1053.66,31670368.0,357830464.0
2015-10-28,1073.33,1075.2,1055.54,1053.66,54481116.0,619790784.0
2015-10-27,1077.08,1090.19,1075.2,1062.09,58043636.0,664648832.0
2015-10-26,1086.44,1106.11,1078.95,1071.46,108591752.0,1260872064.0
2015-10-23,1066.78,1079.89,1074.27,1062.09,93742512.0,1073981568.0
2015-10-22,1053.66,1067.71,1061.15,1047.11,82280576.0,928960000.0
2015-10-21,1057.41,1100.49,1050.85,1047.11,133262904.0,1523591936.0
2015-10-20,1048.98,1065.84,1060.22,1048.04,71516328.0,807642368.0
2015-10-19,1055.54,1063.03,1054.6,1044.3,72337152.0,814910976.0
2015-10-16,1049.92,1058.35,1051.79,1045.23,57000144.0,640488896.0
2015-10-15,1025.56,1046.17,1046.17,1024.63,48590048.0,539103680.0
2015-10-14,1033.99,1044.3,1028.37,1024.63,41898064.0,462963488.0
2015-10-13,1048.98,1054.6,1042.42,1038.68,35979820.0,401600928.0
2015-10-12,1026.5,1065.84,1051.79,1021.82,84966512.0,950602304.0
2015-10-09,1006.83,1025.57,1020.88,1004.02,47461208.0,516310496.0
2015-10-08,1016.2,1019.95,1002.15,1002.15,49407084.0,533806144.0
2015-09-30,974.05,991.85,982.48,973.12,36465972.0,383230176.0
2015-09-29,978.74,989.04,972.18,966.56,33360356.0,347612288.0
2015-09-28,989.04,991.85,986.23,976.86,19908728.0,209186176.0
2015-09-25,1001.21,1003.09,988.1,978.74,44642060.0,471537664.0
2015-09-24,1007.77,1012.45,1003.09,999.34,25863256.0,277274176.0
2015-09-23,1017.13,1021.82,1002.15,1000.28,37115084.0,399583552.0
2015-09-22,1014.33,1035.87,1026.5,1013.39,49295560.0,541007296.0
2015-09-21,1002.15,1019.95,1013.39,997.47,38611112.0,416851072.0
2015-09-18,1015.26,1026.5,1012.45,1004.96,31827282.0,345063776.0
2015-09-17,1016.2,1043.36,1008.71,1008.71,62079856.0,682338176.0
2015-09-16,991.85,1037.74,1020.88,985.29,56924376.0,612767040.0
2015-09-15,1001.21,1016.2,989.98,983.42,54283900.0,579042240.0
2015-09-14,1029.31,1030.25,1018.07,978.74,75645272.0,813927104.0
2015-09-11,1032.12,1041.49,1026.5,1019.01,42645080.0,469297504.0
2015-09-10,1030.25,1047.11,1034.93,1024.63,46520564.0,514578400.0
2015-09-09,1033.06,1048.05,1039.62,1019.01,85107392.0,940582976.0
2015-09-08,1019.01,1044.3,1030.25,991.85,74729248.0,815241856.0
2015-09-07,1081.76,1082.7,1019.95,1019.95,137611072.0,1544055040.0
2015-09-02,1047.11,1123.91,1108.92,1035.87,281574688.0,3273803264.0
2015-09-01,1020.88,1087.38,1083.63,993.72,265766128.0,3003860736.0
2015-08-31,1003.09,1036.81,1036.81,981.55,146429728.0,1578261504.0
2015-08-28,1019.95,1038.68,1014.33,988.1,160802976.0,1728745600.0
2015-08-27,951.58,1020.88,1011.52,923.48,184923568.0,1912163328.0
2015-08-26,899.13,958.13,928.16,871.03,249191952.0,2460482048.0
2015-08-25,922.54,969.37,886.01,872.9,219233376.0,2122788608.0
2015-08-24,1039.61,1046.17,969.37,969.37,151802976.0,1601529088.0
2015-08-21,1114.54,1122.97,1077.08,1073.33,93336784.0,1095668224.0
2015-08-20,1139.83,1139.83,1128.59,1114.54,67763440.0,815652736.0
2015-08-19,1133.27,1145.45,1145.45,1114.54,95889424.0,1157078528.0
2015-08-18,1170.74,1193.21,1149.19,1119.22,117632440.0,1459671040.0
2015-08-17,1181.04,1188.53,1174.48,1166.05,67964256.0,852588992.0
2015-08-14,1188.53,1194.15,1183.85,1178.23,82378928.0,1043762752.0
2015-08-13,1171.67,1186.66,1177.29,1163.24,60634440.0,760265728.0
2015-08-12,1188.53,1196.02,1177.29,1176.36,68682208.0,869580800.0
2015-08-11,1209.14,1212.88,1202.58,1197.9,82849336.0,1065323968.0
2015-08-10,1185.72,1216.63,1210.07,1175.42,105311192.0,1346325120.0
2015-08-07,1181.04,1191.34,1181.04,1174.48,62201032.0,785501376.0
2015-08-06,1170.73,1192.28,1173.55,1164.18,45021844.0,567208512.0
2015-08-05,1198.83,1212.88,1179.16,1177.29,55180236.0,704539328.0
2015-08-04,1196.02,1216.63,1204.45,1179.16,77493760.0,988843520.0
2015-08-03,1142.64,1203.52,1200.71,1137.95,140512272.0,1757739776.0
2015-07-31,1138.89,1163.24,1157.62,1125.78,120274688.0,1472860288.0
2015-07-30,1181.04,1183.85,1148.26,1145.45,77027896.0,962337472.0
2015-07-29,1180.1,1181.97,1180.1,1159.5,97168288.0,1210759040.0
2015-07-28,1141.7,1195.09,1181.97,1137.95,201120080.0,2509971456.0
2015-07-27,1240.98,1247.54,1165.12,1127.65,178785920.0,2289450240.0
2015-07-24,1281.25,1283.13,1253.15,1247.54,133931000.0,1815659008.0
2015-07-23,1260.65,1287.81,1280.32,1255.96,148369616.0,2022035328.0
2015-07-22,1263.46,1268.14,1266.27,1249.41,113809064.0,1528783872.0
2015-07-21,1265.33,1277.51,1270.95,1253.15,113164352.0,1529148288.0
2015-07-20,1292.49,1292.49,1273.76,1267.2,135868304.0,1852316416.0
2015-07-17,1279.38,1305.6,1294.37,1267.2,168063760.0,2304999424.0
2015-07-16,1273.76,1288.75,1273.76,1256.9,138893984.0,1884221568.0
2015-07-15,1279.38,1307.48,1271.89,1255.03,162642320.0,2225697024.0
2015-07-14,1329.95,1346.81,1299.05,1265.33,258022960.0,3608580608.0
2015-07-13,1348.69,1394.58,1352.43,1322.46,326819616.0,4737400320.0
2015-07-10,1297.17,1438.6,1391.77,1274.7,465098784.0,6891581440.0
2015-07-09,1235.36,1352.43,1335.58,1134.21,434435552.0,5904698368.0
2015-07-08,1293.43,1311.22,1235.36,1235.36,499669696.0,6762103296.0
2015-07-07,1279.38,1372.1,1372.1,1237.23,480831200.0,6808003584.0
2015-07-06,1339.32,1340.26,1299.98,1244.73,338152672.0,4660186112.0
2015-07-03,1309.35,1310.29,1224.12,1197.9,259745824.0,3473335552.0
2015-07-02,1301.86,1340.26,1287.81,1253.15,198282624.0,2762337280.0
2015-07-01,1344.01,1366.48,1303.73,1286.87,183540608.0,2629096448.0
2015-06-30,1268.14,1361.8,1361.8,1253.16,254810320.0,3572978432.0
2015-06-29,1318.72,1325.27,1270.02,1194.15,261294320.0,3570319360.0
2015-06-26,1371.17,1400.2,1289.68,1253.16,255532176.0,3623880448.0
2015-06-25,1459.21,1463.89,1392.71,1382.41,207916480.0,3179774464.0
2015-06-24,1404.88,1417.06,1416.12,1376.79,153199616.0,2290363648.0
2015-06-23,1371.17,1402.07,1400.2,1321.53,180548816.0,2643180032.0
2015-06-19,1428.3,1441.41,1370.23,1358.05,156552048.0,2345768704.0
2015-06-18,1468.57,1468.57,1440.47,1405.82,160255488.0,2468466176.0
2015-06-17,1482.62,1488.24,1473.25,1447.03,171594224.0,2689990144.0
2015-06-16,1479.81,1504.16,1464.83,1451.71,181217984.0,2858213632.0
2015-06-15,1548.18,1554.74,1491.05,1489.18,219217664.0,3547149568.0
2015-06-12,1543.5,1557.55,1546.31,1527.58,190338880.0,3131996672.0
2015-06-11,1562.23,1570.66,1543.5,1531.32,170696048.0,2811189760.0
2015-06-10,1573.47,1585.65,1562.23,1548.18,219838656.0,3679460608.0
2015-06-09,1625.92,1634.35,1590.33,1562.23,328696768.0,5601776128.0
2015-06-08,1528.51,1634.35,1619.36,1516.34,508605024.0,8596941824.0
2015-06-05,1564.1,1573.47,1526.64,1501.35,285545632.0,4681142272.0
2015-06-04,1484.49,1552.87,1533.2,1466.7,368253280.0,5971846144.0
2015-06-03,1477.0,1493.86,1482.62,1451.71,197523184.0,3103860736.0
2015-06-02,1488.24,1489.18,1477.0,1453.59,190482208.0,2991565056.0
2015-06-01,1435.79,1496.67,1489.18,1422.68,215836224.0,3365459200.0
2015-05-29,1452.65,1467.63,1434.86,1415.19,201493296.0,3103543552.0
2015-05-28,1545.37,1546.31,1451.71,1445.16,273306112.0,4404154880.0
2015-05-27,1556.61,1583.77,1543.5,1536.01,234121776.0,3888992256.0
2015-05-26,1557.55,1564.11,1556.61,1524.77,279220864.0,4607493632.0
2015-05-25,1531.32,1565.04,1554.74,1531.32,273036960.0,4518316544.0
2015-05-22,1490.11,1526.64,1523.83,1481.68,262190784.0,4233675776.0
2015-05-21,1479.81,1488.24,1478.87,1462.95,140584656.0,2214024960.0
2015-05-20,1499.48,1512.59,1474.19,1461.08,258966688.0,4115472640.0
2015-05-19,1420.81,1474.19,1460.14,1409.57,191781264.0,2959557120.0
2015-05-18,1423.62,1437.66,1421.74,1402.07,153708416.0,2327558400.0
2015-05-15,1479.81,1487.3,1447.03,1430.17,175271648.0,2718885120.0
2015-05-14,1498.54,1503.22,1488.24,1469.51,143802768.0,2283604736.0
2015-05-13,1515.4,1521.96,1487.3,1474.19,175656160.0,2807445504.0
2015-05-12,1496.67,1515.4,1494.8,1465.76,198965552.0,3166864384.0
2015-05-11,1479.81,1509.78,1501.35,1450.78,212307728.0,3349066752.0
2015-05-08,1471.38,1496.67,1484.49,1451.71,137446848.0,2163108864.0
2015-05-07,1472.32,1487.3,1467.63,1451.71,125870752.0,1968941824.0
2015-05-06,1481.68,1526.64,1472.32,1450.78,194991104.0,3107565568.0
2015-05-05,1536.94,1547.25,1485.43,1451.71,229934176.0,3685372416.0
2015-05-04,1564.11,1564.11,1547.25,1524.77,142757504.0,2351547392.0
2015-04-30,1576.28,1616.55,1564.1,1562.23,289063552.0,4899379712.0
2015-04-29,1560.36,1568.79,1559.42,1517.28,215118832.0,3550493440.0
2015-04-28,1540.69,1627.79,1564.1,1519.15,476354400.0,8014319104.0
2015-04-27,1518.21,1554.74,1537.88,1517.28,246056352.0,4027939328.0
2015-04-24,1526.64,1546.31,1511.66,1499.48,244283696.0,3959606528.0
2015-04-23,1590.33,1595.95,1560.36,1550.99,231968832.0,3893522176.0
2015-04-22,1552.87,1590.33,1587.52,1545.37,277314176.0,4640335872.0
2015-04-21,1528.51,1564.1,1550.99,1496.67,241593696.0,3943356928.0
2015-04-20,1601.57,1610.93,1526.64,1513.53,344725728.0,5776437760.0
2015-04-17,1639.03,1639.03,1585.64,1573.47,260952336.0,4447332864.0
2015-04-16,1530.39,1601.57,1592.2,1521.96,246740720.0,4102824448.0
2015-04-15,1526.64,1618.43,1559.42,1507.91,341764192.0,5746875392.0
2015-04-14,1545.37,1545.37,1526.64,1507.91,247237504.0,4020209664.0
2015-04-13,1592.2,1607.19,1549.12,1512.59,480715328.0,8021096960.0
2015-04-10,1392.67,1531.94,1531.94,1381.07,334020992.0,6339649024.0
2015-04-09,1388.81,1473.91,1392.67,1371.79,317306336.0,5794632192.0
2015-04-08,1309.89,1398.87,1386.49,1288.22,337164640.0,5784459264.0
2015-04-07,1249.54,1312.21,1300.6,1249.54,296047232.0,4898119680.0
2015-04-03,1214.72,1233.29,1226.33,1207.76,143494128.0,2262844416.0
2015-04-02,1244.9,1248.77,1222.46,1208.53,140583744.0,2222670592.0
2015-04-01,1224.01,1248.77,1234.84,1203.12,164331648.0,2608976896.0
2015-03-31,1241.03,1284.36,1218.59,1209.31,273318336.0,4393135104.0
2015-03-30,1178.36,1233.29,1211.63,1168.3,258261376.0,4014724352.0
2015-03-27,1168.3,1183.0,1166.75,1149.73,104763888.0,1577607040.0
2015-03-26,1149.73,1193.06,1169.07,1138.12,148789152.0,2246003712.0
2015-03-25,1182.22,1185.32,1153.6,1152.05,159146800.0,2396613888.0
2015-03-24,1193.83,1206.21,1187.64,1177.58,155919344.0,2396553472.0
2015-03-23,1186.09,1203.89,1193.83,1186.09,178205584.0,2750596608.0
2015-03-20,1175.26,1203.12,1185.32,1165.2,197639440.0,3027315200.0
2015-03-19,1197.7,1197.7,1175.26,1169.85,158030032.0,2413982208.0
2015-03-18,1188.41,1205.44,1200.02,1183.0,183100064.0,2823982848.0
2015-03-17,1200.02,1222.46,1191.51,1179.9,195984192.0,3020408576.0
2015-03-16,1168.3,1199.25,1192.28,1154.37,221847248.0,3387198720.0
2015-03-13,1152.83,1207.76,1159.79,1145.09,316398848.0,4799934976.0
2015-03-12,1098.66,1157.47,1129.61,1089.38,330513728.0,4805590528.0
2015-03-11,1066.94,1089.38,1072.36,1066.94,90335416.0,1258356096.0
2015-03-10,1083.19,1092.48,1065.4,1065.4,138570624.0,1927581952.0
2015-03-09,1042.18,1109.5,1094.8,1030.58,220532368.0,3067985664.0
2015-03-06,1034.45,1045.28,1039.86,1032.9,55704776.0,748959104.0
2015-03-05,1044.51,1046.83,1035.22,1028.26,82860488.0,1109152000.0
2015-03-04,1053.79,1061.53,1049.92,1044.51,81497304.0,1108145408.0
2015-03-03,1081.64,1081.64,1052.24,1051.47,105947632.0,1457305088.0
2015-03-02,1085.51,1090.15,1085.51,1073.13,101879696.0,1423603328.0
2015-02-27,1087.83,1095.57,1082.42,1080.1,79357016.0,1115146112.0
2015-02-26,1067.72,1089.38,1088.61,1052.24,102554424.0,1424064896.0
2015-02-25,1086.29,1087.06,1067.72,1064.62,57739232.0,799193600.0
2015-02-17,1080.1,1091.7,1082.42,1077.78,68049160.0,954430208.0
2015-02-16,1079.32,1083.97,1077.0,1062.3,72120240.0,999898496.0
2015-02-13,1077.78,1097.12,1079.32,1070.81,88774312.0,1244514816.0
2015-02-12,1063.85,1075.45,1072.36,1053.79,60871568.0,838611264.0
2015-02-11,1066.17,1071.59,1062.3,1058.43,55434952.0,763414592.0
2015-02-10,1043.73,1069.27,1065.4,1038.32,72487536.0,991823744.0
2015-02-09,1044.51,1058.43,1046.05,1022.84,94658624.0,1273141120.0
2015-02-06,1059.21,1079.32,1045.28,1036.77,103040856.0,1411298560.0
2015-02-05,1106.4,1116.46,1066.94,1064.62,191372912.0,2710523904.0
2015-02-04,1083.19,1086.29,1060.76,1059.98,80762312.0,1122666752.0
2015-02-03,1066.17,1082.42,1079.32,1053.79,88334912.0,1217876608.0
2015-02-02,1052.24,1067.72,1054.57,1048.38,86093216.0,1176949504.0
2015-01-30,1077.78,1092.48,1077.78,1064.62,93011672.0,1298735744.0
2015-01-29,1069.27,1083.97,1075.46,1063.85,101675328.0,1408825344.0
2015-01-28,1073.13,1106.4,1087.84,1067.72,124087752.0,1742175744.0
2015-01-27,1110.27,1111.82,1082.42,1070.04,133949464.0,1881058944.0
2015-01-26,1111.05,1117.23,1109.5,1095.57,105760576.0,1508446592.0
2015-01-23,1111.05,1131.94,1114.14,1106.4,145918192.0,2108746752.0
2015-01-22,1109.5,1123.42,1106.4,1095.57,125501608.0,1801436288.0
2015-01-21,1073.91,1129.62,1115.69,1063.85,194053040.0,2758192640.0
2015-01-20,1070.04,1087.84,1070.04,1049.15,149101808.0,2064280576.0
2015-01-19,1083.97,1127.29,1070.04,1070.04,213712368.0,3016203008.0
2015-01-16,1191.51,1208.53,1189.19,1174.49,155584640.0,2403346176.0
2015-01-15,1148.96,1187.64,1187.64,1138.13,124217032.0,1868795904.0
2015-01-14,1143.54,1176.04,1145.86,1137.35,126302960.0,1889296640.0
2015-01-13,1133.48,1152.83,1135.8,1130.39,81687480.0,1204987136.0
2015-01-12,1150.5,1164.43,1142.77,1121.88,155329088.0,2293104640.0
2015-01-09,1152.83,1227.88,1166.75,1138.12,250850016.0,3835378176.0
2015-01-08,1199.25,1204.66,1157.47,1152.83,140771424.0,2128003456.0
2015-01-07,1203.89,1224.78,1197.7,1183.77,170012064.0,2634796288.0
2015-01-06,1226.33,1268.11,1220.91,1203.12,216642144.0,3453446144.0
2015-01-05,1237.16,1259.6,1239.48,1206.98,286043648.0,4565387776.0
2014-12-31,1207.76,1228.65,1225.55,1183.77,240006576.0,3760218368.0
2014-12-30,1155.15,1206.21,1199.25,1150.5,236607840.0,3637484288.0
2014-12-29,1207.76,1241.8,1154.37,1141.22,258614816.0,3983923200.0
2014-12-26,1130.39,1174.49,1168.3,1123.42,243707328.0,3625690368.0
2014-12-25,1110.27,1141.22,1136.58,1086.29,199727584.0,2887581440.0
2014-12-24,1140.45,1148.96,1088.61,1058.43,201027104.0,2854208000.0
2014-12-23,1159.79,1182.23,1141.22,1121.88,179785072.0,2688160512.0
2014-12-22,1152.83,1250.31,1186.87,1145.86,346739136.0,5383744512.0
2014-12-19,1146.64,1175.26,1160.56,1117.24,193540576.0,2880581120.0
2014-12-18,1192.29,1203.12,1152.05,1129.62,247025088.0,3714889472.0
2014-12-17,1114.14,1212.4,1188.42,1098.67,440016608.0,6579202560.0
2014-12-16,1044.51,1113.37,1113.37,1039.87,246907296.0,3433988608.0
2014-12-15,1063.85,1063.85,1050.7,1026.71,180093664.0,2428185600.0
2014-12-12,1075.45,1098.67,1078.55,1058.43,164390912.0,2291244544.0
2014-12-11,1068.49,1128.07,1077.0,1059.21,223799568.0,3153661696.0
2014-12-10,1052.24,1111.05,1097.89,1007.37,352784416.0,4800983040.0
2014-12-09,1157.47,1201.57,1060.75,1060.75,404542016.0,6002899968.0
2014-12-08,1099.44,1199.25,1178.36,1083.19,392834240.0,5883664384.0
2014-12-05,1087.06,1178.36,1124.2,1046.05,441369728.0,6338168320.0
2014-12-04,1016.65,1080.87,1080.1,998.08,345018080.0,4674285056.0
2014-12-03,1015.11,1074.68,1013.56,983.38,399753024.0,5328330240.0
2014-12-02,939.28,1036.77,1015.1,934.64,349041152.0,4436545024.0
2014-12-01,974.87,1008.91,943.15,940.05,446521376.0,5600612352.0
2014-11-28,871.97,962.49,962.49,865.0,484483936.0,5793392128.0
2014-11-27,878.16,890.54,875.06,860.36,210385664.0,2386849792.0
2014-11-26,850.3,879.71,867.33,844.89,218491872.0,2437181184.0
2014-11-25,831.74,852.62,849.53,827.09,156780272.0,1704413952.0
2014-11-24,820.9,847.21,834.06,813.94,222736848.0,2397291008.0
2014-11-21,821.68,840.25,835.6,812.39,114673200.0,1223438976.0
2014-11-20,818.58,827.09,822.45,812.39,68354464.0,724359488.0
2014-11-19,820.13,824.77,822.45,815.49,59165676.0,627088000.0
2014-11-18,830.96,836.38,820.9,817.03,93029648.0,989520768.0
2014-11-17,847.21,850.3,832.51,828.64,88959448.0,961843456.0
2014-11-14,851.08,851.85,845.66,835.61,90152664.0,980490624.0
2014-11-13,865.01,878.93,854.95,853.4,134038424.0,1498070400.0
2014-11-12,865.78,867.33,866.55,850.3,138946256.0,1538194048.0
2014-11-11,859.59,900.6,871.97,856.5,298139072.0,3390990080.0
2014-11-10,854.95,870.42,861.91,840.25,162134848.0,1792128640.0
2014-11-07,836.38,880.48,844.12,833.28,223436928.0,2470577664.0
2014-11-06,837.15,843.34,838.7,830.96,64512384.0,697762496.0
2014-11-05,839.47,847.21,837.15,824.77,128587680.0,1386577280.0
2014-11-04,862.68,865.0,839.47,834.06,131899208.0,1443563392.0
2014-11-03,863.46,871.2,859.59,849.53,191683472.0,2129642880.0
2014-10-31,812.39,878.16,853.4,809.3,359308416.0,3900875264.0
2014-10-30,797.69,816.26,806.98,789.96,152063312.0,1578266368.0
2014-10-29,788.41,803.11,796.92,784.54,106527616.0,1093979392.0
2014-10-28,777.58,788.41,786.86,777.58,53065096.0,536920640.0
2014-10-27,781.45,783.77,775.25,772.16,72956880.0,732278912.0
2014-10-24,799.24,800.79,787.63,785.31,82098912.0,842529664.0
2014-10-23,782.99,800.01,792.28,782.99,158547968.0,1625133824.0
2014-10-22,779.9,788.41,781.45,778.35,55946012.0,566148288.0
2014-10-21,784.54,786.09,780.67,779.12,48632320.0,491186144.0
2014-10-20,785.31,788.41,786.86,780.67,61117048.0,619515008.0
2014-10-17,789.18,790.73,782.99,778.35,70051112.0,709337216.0
2014-10-16,781.44,800.79,789.18,779.9,132373552.0,1355834880.0
2014-10-15,782.22,787.63,786.09,775.25,59765984.0,604421632.0
2014-10-14,780.67,789.18,782.99,779.12,57588336.0,582555072.0
2014-10-13,782.99,784.54,781.44,776.8,51987540.0,524142432.0
2014-10-10,786.09,789.18,786.09,783.77,65934904.0,669474240.0
2014-10-09,793.82,796.14,789.18,786.09,66239360.0,676601216.0
2014-10-08,786.86,793.82,793.82,784.54,67468720.0,688179584.0
2014-09-30,784.54,786.09,784.54,781.45,48398244.0,490091136.0
2014-09-29,784.54,788.41,782.99,780.67,60535872.0,613587456.0
2014-09-26,786.09,786.86,782.99,778.35,45363332.0,458477952.0
2014-09-25,798.47,799.24,787.63,785.31,67716736.0,693101952.0
2014-09-24,779.12,796.92,795.37,776.8,76055288.0,774981760.0
2014-09-23,778.35,784.54,781.45,777.58,46215800.0,466701920.0
2014-09-22,799.24,800.01,778.35,775.26,79019168.0,802793600.0
2014-09-19,796.92,804.66,803.11,793.83,57075420.0,590539520.0
2014-09-18,789.96,809.3,799.24,787.64,76830912.0,793783232.0
2014-09-17,796.92,800.79,793.83,789.18,55674796.0,570332032.0
2014-09-16,798.47,809.3,793.05,792.28,82834048.0,855746048.0
2014-09-15,799.24,799.24,797.69,793.05,51541836.0,530216256.0
2014-09-12,802.34,803.11,802.34,794.6,40865436.0,421465536.0
2014-09-11,799.24,816.26,802.34,796.92,71346128.0,743736320.0
2014-09-10,804.66,805.43,799.24,797.69,53159332.0,549288832.0
2014-09-09,816.26,818.58,809.3,806.21,56669760.0,593195200.0
2014-09-05,816.26,823.23,817.81,812.39,59787808.0,631001536.0
2014-09-04,812.39,816.26,816.26,803.11,62815852.0,657751232.0
2014-09-03,810.07,819.36,812.39,806.98,76692880.0,807419392.0
2014-09-02,800.79,811.62,808.52,792.28,78800496.0,816712384.0
2014-09-01,792.28,799.24,796.92,786.86,48778216.0,501154048.0
2014-08-29,785.31,793.05,793.05,784.54,34372640.0,350689088.0
2014-08-28,792.28,793.05,785.31,784.54,43896984.0,447046656.0
2014-08-27,788.41,803.88,792.28,786.86,57314684.0,588959936.0
2014-08-26,788.41,794.6,788.41,784.54,46116512.0,469882624.0
2014-08-25,800.79,800.79,789.96,787.63,50943444.0,521445408.0
2014-08-22,796.15,805.43,800.79,793.83,48156176.0,497919616.0
2014-08-21,808.53,810.07,800.01,793.05,63223048.0,653438912.0
2014-08-20,817.81,817.81,810.07,807.75,57328568.0,600953664.0
2014-08-19,824.0,825.55,818.58,813.17,58082164.0,613961792.0
2014-08-18,819.36,827.1,824.0,816.26,58902348.0,625059392.0
2014-08-15,815.49,822.45,818.58,808.53,67508976.0,711373248.0
2014-08-14,826.32,831.74,815.49,813.17,52369320.0,556638912.0
2014-08-13,818.59,828.64,824.0,811.62,53336496.0,564717120.0
2014-08-12,824.0,824.77,820.13,813.94,48085236.0,508251840.0
2014-08-11,817.04,831.74,828.64,817.04,62133184.0,663290432.0
2014-08-08,814.72,821.68,815.49,809.3,55565168.0,586028480.0
2014-08-07,824.0,826.32,812.39,810.85,59643464.0,629404544.0
2014-08-06,831.74,831.74,824.0,813.17,83464760.0,884436928.0
2014-08-05,847.21,858.04,837.15,828.64,75217528.0,817861952.0
2014-08-04,827.87,845.66,845.66,820.13,83062392.0,896723520.0
2014-08-01,838.7,857.27,827.87,827.87,85450968.0,930971520.0
2014-07-31,831.74,843.34,841.02,824.0,63778444.0,685541120.0
2014-07-30,837.15,858.82,831.74,830.19,81002560.0,880625344.0
2014-07-29,837.15,858.82,837.15,830.19,120182704.0,1306061696.0
2014-07-28,793.83,843.34,834.06,792.28,186787920.0,1997922432.0
2014-07-25,789.18,793.83,790.73,779.9,85391392.0,868778304.0
2014-07-24,755.91,796.92,786.09,755.14,180582400.0,1820306688.0
2014-07-23,750.5,760.56,755.14,748.95,55570368.0,541821248.0
2014-07-22,737.35,758.24,752.82,736.57,61369888.0,594111744.0
2014-07-21,742.76,742.76,738.89,737.35,27299506.0,260823472.0
2014-07-18,738.89,746.63,742.76,737.35,37511524.0,360507392.0
2014-07-17,742.76,744.31,741.99,737.34,32007282.0,306409312.0
2014-07-16,750.5,751.27,743.53,736.57,61770284.0,592431488.0
2014-07-14,748.95,752.04,752.04,740.44,46311612.0,446246592.0
2014-07-11,747.4,750.5,748.18,745.86,31832008.0,307776992.0
2014-07-10,747.4,752.82,748.18,743.53,36025784.0,348040192.0
2014-07-09,767.52,767.52,746.63,741.21,58789112.0,573417344.0
2014-07-08,761.33,768.29,768.29,755.91,34608704.0,341179840.0
2014-07-07,766.75,768.29,762.88,758.23,34306164.0,337859968.0
2014-07-04,771.39,774.48,766.74,762.88,34231128.0,339852544.0
2014-07-03,765.2,772.93,770.61,760.55,44690488.0,443709920.0
2014-07-02,762.88,765.97,765.2,759.01,28604172.0,281857216.0
2014-07-01,766.74,769.84,762.88,760.55,28494372.0,281216672.0
2014-06-30,758.23,771.39,766.74,757.46,44723792.0,442037472.0
2014-06-27,757.46,763.65,759.78,751.27,36752084.0,359856064.0
2014-06-26,751.27,760.55,759.78,751.27,34288524.0,335699968.0
2014-06-25,758.23,759.01,755.91,745.85,27126264.0,263555600.0
2014-06-24,756.68,762.1,758.23,755.14,28459320.0,279235072.0
2014-06-23,762.1,769.84,755.91,755.14,43085976.0,423339296.0
2014-06-20,755.91,762.1,762.1,753.59,37207088.0,364389984.0
2014-06-19,762.88,769.06,756.68,748.95,48308104.0,474545248.0
2014-06-18,776.8,778.35,762.88,759.01,53855012.0,534087744.0
2014-06-17,777.58,787.63,776.8,772.16,54184788.0,546274880.0
2014-06-16,778.35,792.28,783.76,775.25,87818232.0,889629952.0
2014-06-13,750.5,803.11,782.99,748.95,123950480.0,1246107264.0
2014-06-12,744.31,755.91,751.27,742.76,36744200.0,355905024.0
2014-06-11,742.87,753.05,749.23,739.69,43323328.0,509141984.0
2014-06-10,732.7,747.33,747.33,729.52,62198264.0,723590272.0
2014-06-09,721.89,733.97,730.15,719.98,31352202.0,359580576.0
2014-06-06,727.61,730.15,723.79,718.07,18643556.0,212129088.0
2014-06-05,718.71,727.61,726.97,718.07,24629124.0,280049632.0
2014-06-04,732.06,732.7,720.61,715.53,32388974.0,367011936.0
2014-06-03,731.43,743.51,732.06,731.43,27811388.0,322371200.0
2014-05-30,730.79,739.06,731.43,728.88,31877308.0,367350848.0
2014-05-29,737.15,746.69,731.43,730.79,36223848.0,420664544.0
2014-05-28,735.88,739.7,737.79,724.43,42703764.0,491816864.0
2014-05-27,733.33,744.15,736.51,731.43,28440770.0,329865248.0
2014-05-26,740.97,740.97,736.51,728.88,31598920.0,365020288.0
2014-05-23,725.07,738.42,736.51,722.52,41535648.0,478107232.0
2014-05-22,720.61,741.6,724.43,718.07,61914168.0,713100736.0
2014-05-21,712.35,723.79,720.61,704.71,26316828.0,297218368.0
2014-05-20,715.53,721.25,714.89,710.44,20576600.0,231625056.0
2014-05-19,716.8,717.43,716.8,708.53,26110556.0,292426272.0
2014-05-16,711.71,721.25,716.8,711.07,31177310.0,351626464.0
2014-05-15,718.71,721.89,711.71,709.17,31262756.0,351067744.0
2014-05-14,712.98,727.61,719.34,712.98,41612180.0,471890560.0
2014-05-13,720.61,722.52,714.25,711.71,30583330.0,344109440.0
2014-05-12,709.16,725.07,721.25,700.9,60199192.0,678608640.0
2014-05-09,695.17,707.89,702.81,693.26,32191490.0,354936704.0
2014-05-08,688.81,709.17,695.17,687.54,37962092.0,418459584.0
2014-05-07,693.9,696.45,690.09,690.09,24191028.0,263547088.0
2014-05-06,694.54,705.35,696.45,693.26,26777092.0,294197728.0
2014-05-05,705.99,706.62,698.99,688.81,40327048.0,440413664.0
2014-04-30,711.07,713.62,708.53,705.35,25959642.0,289386176.0
2014-04-29,700.9,715.53,709.8,694.54,41362160.0,458216064.0
2014-04-28,715.53,717.43,701.53,697.08,52604504.0,582533632.0
2014-04-25,714.25,732.7,715.53,706.62,71433520.0,810796672.0
2014-04-24,726.34,728.25,714.25,707.26,63400484.0,712292416.0
2014-04-23,704.71,728.25,718.71,704.71,119102808.0,1346115072.0
2014-04-22,681.18,711.07,703.44,679.27,52328164.0,569433664.0
2014-04-21,683.73,693.26,679.91,678.64,29815604.0,321959264.0
2014-04-18,690.09,691.99,686.9,681.82,32354412.0,349102656.0
2014-04-17,700.9,704.71,693.26,688.81,30488524.0,333305056.0
2014-04-16,695.17,707.89,698.99,690.72,37664608.0,414021984.0
2014-04-15,712.98,714.25,697.72,693.9,53468880.0,589940416.0
2014-04-14,721.89,728.25,717.43,711.71,42174132.0,476278752.0
2014-04-11,721.25,731.43,725.07,715.52,59325528.0,674562240.0
2014-04-10,712.98,737.79,722.52,709.8,77006824.0,876017984.0
2014-04-09,716.8,721.89,711.71,709.8,55734652.0,626176128.0
2014-04-08,685.63,730.79,717.43,685.63,134292064.0,1503024000.0
2014-04-04,680.54,688.18,686.27,673.55,34209024.0,366585728.0
2014-04-03,697.08,700.9,685.0,684.36,45365088.0,494227840.0
2014-04-02,686.27,700.26,693.9,682.45,46039728.0,500530400.0
2014-04-01,681.82,692.63,686.9,680.54,28124288.0,303939584.0
2014-03-31,690.09,695.81,685.0,678.64,32113078.0,346029600.0
2014-03-28,680.54,697.08,685.63,678.64,53264992.0,576611648.0
2014-03-27,676.73,701.53,685.0,669.1,80313368.0,867999424.0
2014-03-26,678.0,683.73,680.54,670.37,36020600.0,383229632.0
2014-03-25,685.0,687.54,674.18,671.64,41575436.0,444839360.0
2014-03-24,685.0,695.17,686.27,676.09,84253872.0,908755200.0
2014-03-21,640.48,695.81,686.27,637.93,125181192.0,1316754816.0
2014-03-20,650.01,654.47,642.38,639.2,45488152.0,462702976.0
2014-03-19,658.28,658.28,651.29,645.56,36302888.0,370332000.0
2014-03-18,665.92,668.46,660.19,657.01,43181484.0,449377632.0
2014-03-17,662.1,667.82,665.92,657.65,37297944.0,388751072.0
2014-03-14,663.37,669.73,656.38,653.2,45039248.0,466403744.0
2014-03-13,666.55,686.27,671.64,659.55,62662520.0,663461504.0
2014-03-12,653.2,666.55,658.28,647.47,51510720.0,532491168.0
2014-03-11,655.74,660.83,651.29,642.38,45078940.0,462135328.0
2014-03-10,680.54,681.82,655.74,651.92,54432072.0,567573120.0
2014-03-07,683.72,695.81,686.9,681.82,48865432.0,529718080.0
2014-03-06,681.18,690.08,685.0,668.46,52738264.0,564310336.0
2014-03-05,692.63,698.35,680.54,676.09,53301668.0,575251328.0
2014-03-04,698.99,700.9,698.35,686.9,52758524.0,575054336.0
2014-03-03,700.9,704.71,702.17,695.17,42743200.0,470295904.0
2014-02-28,710.44,714.89,707.89,691.99,44623752.0,493549152.0
2014-02-27,709.16,721.88,714.89,700.26,55508600.0,621811136.0
2014-02-26,701.53,713.62,706.62,699.62,40793776.0,453164480.0
2014-02-25,710.44,721.88,700.9,699.62,54838744.0,611611840.0
2014-02-24,728.25,730.15,709.8,708.53,66782028.0,750803456.0
2014-02-21,751.78,753.05,737.78,736.51,47999664.0,559681280.0
2014-02-20,758.77,779.13,747.96,747.33,76632416.0,919006400.0
2014-02-19,738.42,771.49,763.23,738.42,98817488.0,1177763456.0
2014-02-18,757.5,758.77,741.6,739.06,59606164.0,700246016.0
2014-02-17,769.59,774.04,761.32,754.96,60892188.0,727601216.0
2014-02-14,770.22,775.31,768.31,760.68,58233936.0,701905728.0
2014-02-13,752.41,795.03,777.22,750.5,121819272.0,1480576896.0
2014-02-12,754.96,775.95,759.41,753.68,69462200.0,831733248.0
2014-02-11,733.33,784.21,763.23,726.97,131046536.0,1569553152.0
2014-02-10,723.79,737.15,735.88,721.88,58122624.0,670008704.0
2014-02-07,719.98,723.79,723.79,705.98,41875744.0,470138336.0
2014-01-30,734.6,734.6,725.06,723.79,29141306.0,332618208.0
2014-01-29,733.97,740.33,735.24,731.42,31210440.0,361575328.0
2014-01-28,728.25,737.15,731.42,723.16,38968304.0,446213152.0
2014-01-27,735.24,739.69,724.43,721.88,44299724.0,508343008.0
2014-01-24,740.33,751.14,741.6,735.88,48528332.0,567516096.0
2014-01-23,748.6,749.87,744.14,740.97,37553548.0,439497024.0
2014-01-22,722.52,754.32,749.87,721.88,61908448.0,723523200.0
2014-01-21,719.98,735.24,722.52,719.98,26579498.0,303578624.0
2014-01-20,730.15,730.15,718.7,715.52,30721992.0,349154112.0
2014-01-17,739.06,740.33,730.15,728.24,42351388.0,487423200.0
2014-01-16,741.6,750.5,743.51,736.51,29959340.0,350027744.0
2014-01-15,744.14,746.69,742.24,735.24,29798810.0,346733024.0
2014-01-14,735.88,749.23,745.42,728.24,36242708.0,420715264.0
2014-01-13,750.5,757.5,737.78,730.79,47887516.0,559375168.0
2014-01-10,749.23,760.04,751.78,741.6,38119764.0,450487744.0
2014-01-09,743.51,762.59,751.78,740.97,48551836.0,576870528.0
2014-01-08,740.33,760.04,747.96,733.33,45776816.0,538436160.0
2014-01-07,733.33,747.96,739.69,732.06,33840748.0,393977568.0
2014-01-06,756.23,763.23,742.24,731.42,58211824.0,679280384.0
2014-01-03,772.77,773.4,758.77,749.23,55111484.0,656631296.0
2014-01-02,770.86,782.31,777.85,766.41,48991088.0,596223744.0
2013-12-31,746.05,788.03,779.13,740.97,82686416.0,1002632448.0
2013-12-30,749.87,753.69,746.69,744.15,43574488.0,512282784.0
2013-12-27,728.88,756.23,747.33,726.97,63066168.0,733105792.0
2013-12-26,744.14,744.14,728.25,726.97,40230092.0,463847168.0
2013-12-25,744.15,749.87,745.42,733.33,50589940.0,589596288.0
2013-12-24,763.23,770.86,744.15,737.79,51936464.0,617009152.0
2013-12-23,758.14,774.68,760.05,750.51,41215328.0,495535264.0
2013-12-20,795.66,800.12,757.5,757.5,68133392.0,826323840.0
2013-12-19,812.84,817.29,795.03,795.03,35620148.0,450676320.0
2013-12-18,807.75,817.29,811.56,804.57,23274046.0,296740192.0
2013-12-17,813.47,819.2,809.02,802.66,36768040.0,470046208.0
2013-12-16,795.03,816.02,810.93,795.03,55566784.0,704816704.0
2013-12-13,806.48,807.11,798.21,791.85,43034384.0,540933952.0
2013-12-12,808.38,818.56,809.02,805.2,39806208.0,507708736.0
2013-12-11,839.55,842.09,816.65,806.48,92520408.0,1192542592.0
2013-12-10,845.91,848.45,845.27,839.55,32403352.0,429632576.0
2013-12-09,845.91,851.63,838.91,838.28,41804456.0,553192448.0
2013-12-06,856.72,857.36,845.27,842.09,48110320.0,640155456.0
2013-12-05,863.72,866.26,854.18,850.36,60748012.0,818132160.0
2013-12-04,858.63,880.89,864.99,849.73,89180488.0,1217121536.0
2013-12-03,870.08,878.98,861.17,845.91,80243608.0,1081622656.0
2013-12-02,867.53,894.25,874.53,861.81,122233192.0,1682918400.0
2013-11-29,877.71,883.43,864.99,862.45,62016340.0,850388544.0
2013-11-28,863.08,877.07,866.26,861.17,61904048.0,845915776.0
2013-11-27,852.9,878.98,863.08,850.36,57665668.0,783820160.0
2013-11-26,858.63,866.9,856.72,852.27,39201960.0,528774464.0
2013-11-25,852.27,877.07,858.63,849.73,53232868.0,722870912.0
2013-11-22,882.8,884.07,869.44,869.44,53878412.0,741591616.0
2013-11-21,882.16,887.89,886.61,857.36,94467416.0,1289349376.0
2013-11-20,890.43,903.15,889.79,874.53,70523848.0,984763584.0
2013-11-19,892.97,898.06,878.98,875.8,83538392.0,1161254272.0
2013-11-18,857.36,899.34,896.15,842.73,128156184.0,1761157760.0
2013-11-15,838.28,875.8,849.73,830.64,96702976.0,1306569856.0
2013-11-14,842.73,849.73,835.73,824.92,96441256.0,1262294144.0
2013-11-13,882.16,885.98,847.82,844.0,82642152.0,1127155584.0
2013-11-12,852.91,896.79,893.61,852.91,108732648.0,1510757376.0
2013-11-11,847.82,861.17,852.27,833.19,61585088.0,823194176.0
2013-11-08,833.19,861.17,847.82,831.92,72008184.0,958253504.0
2013-11-07,840.19,856.09,844.0,833.19,68650392.0,913998400.0
2013-11-06,852.91,857.36,836.37,830.65,71528944.0,951290048.0
2013-11-05,845.91,870.72,868.81,824.29,98703536.0,1305185664.0
2013-11-04,889.16,896.16,862.45,856.72,73966848.0,1013876800.0
2013-11-01,882.8,897.43,882.16,868.17,84492160.0,1175747328.0
2013-10-31,906.33,910.78,884.07,874.53,111296872.0,1558479744.0
2013-10-30,890.43,921.6,915.87,878.35,132582232.0,1871874560.0
2013-10-29,836.37,915.87,898.06,836.37,214154016.0,2981260800.0
2013-10-28,852.27,853.54,835.1,824.92,87876296.0,1154607616.0
2013-10-25,822.38,877.71,854.18,817.92,144110736.0,1935859072.0
2013-10-24,802.02,836.37,826.83,788.67,147778448.0,1909977856.0
2013-10-23,774.04,837.0,800.12,773.4,154335728.0,1957187840.0
2013-10-22,781.04,781.04,766.41,763.86,51490012.0,623986688.0
2013-10-21,776.58,787.4,784.22,764.5,60301256.0,736781248.0
2013-10-18,763.86,791.21,775.95,760.68,51565252.0,631501184.0
2013-10-17,771.5,778.49,763.23,763.23,31361588.0,378747296.0
2013-10-16,772.77,773.4,763.86,758.77,45239616.0,544119424.0
2013-10-15,794.39,795.03,776.58,771.5,48446348.0,594407040.0
2013-10-14,801.39,807.11,794.39,793.12,55293904.0,693548160.0
2013-10-11,789.3,812.84,807.11,786.12,92298672.0,1165261952.0
2013-10-10,801.39,810.93,781.03,775.95,77626824.0,967348800.0
2013-10-09,770.86,810.93,798.21,764.5,84408432.0,1054297728.0
2013-10-08,755.59,784.85,776.58,732.06,73757472.0,888899072.0
2013-09-30,756.87,765.77,755.59,751.78,37360168.0,445333344.0
2013-09-27,739.69,763.86,756.87,737.79,68751992.0,810756864.0
2013-09-26,760.68,760.68,741.6,731.43,86071184.0,1002417088.0
2013-09-25,774.67,791.85,765.13,761.95,77993072.0,949782720.0
2013-09-24,817.92,818.56,780.4,761.32,145618928.0,1786488320.0
2013-09-23,814.11,824.92,819.2,802.66,72379520.0,928672768.0
2013-09-18,810.93,826.19,813.47,795.66,61700280.0,786897792.0
2013-09-17,836.37,850.36,813.47,810.93,94002600.0,1224996864.0
2013-09-16,840.82,867.53,839.55,805.84,143436608.0,1874388864.0
2013-09-13,841.46,871.35,840.18,828.74,119131992.0,1587326720.0
2013-09-12,796.3,881.53,856.72,788.67,183054048.0,2418432512.0
2013-09-11,788.67,836.37,807.11,775.95,170823008.0,2186675968.0
2013-09-10,789.94,804.57,791.21,762.59,208529424.0,2574801664.0
2013-09-09,717.43,771.5,771.5,717.43,220449376.0,2639382272.0
2013-09-05,704.71,707.89,701.53,698.35,34323008.0,379657120.0
2013-09-04,709.8,725.07,704.71,702.8,89262008.0,1001844672.0
2013-09-03,686.27,712.35,712.35,681.82,115757168.0,1276796928.0
2013-09-02,683.09,688.81,683.72,676.09,50023176.0,537024128.0
2013-08-30,670.37,690.09,674.82,669.1,52029080.0,555844992.0
2013-08-29,686.9,692.63,676.73,674.18,55125304.0,590423936.0
2013-08-28,683.09,689.45,676.09,669.73,68220320.0,728468800.0
2013-08-27,692.63,700.9,691.99,684.36,58688428.0,638179712.0
2013-08-26,676.09,696.45,693.26,667.82,74327448.0,803066304.0
2013-08-23,696.45,704.08,675.46,664.01,104396128.0,1116168192.0
2013-08-22,690.72,715.53,696.45,687.54,79080656.0,874059840.0
2013-08-21,697.72,705.99,693.9,683.73,62680480.0,682275392.0
2013-08-20,681.18,715.53,699.63,673.55,153186704.0,1676956544.0
2013-08-19,650.02,696.45,686.27,650.02,158560400.0,1677377408.0
2013-08-16,647.47,713.62,672.91,636.66,253143440.0,2723081472.0
2013-08-15,662.74,669.1,648.74,647.47,58675656.0,605654336.0
2013-08-14,668.46,688.81,663.37,660.19,116474456.0,1237080448.0
2013-08-13,655.74,671.64,667.83,651.92,120349664.0,1252254464.0
2013-08-12,628.39,664.64,657.01,626.48,134836320.0,1373703552.0
2013-08-09,634.12,637.3,626.48,620.12,49763448.0,491213376.0
2013-08-08,627.12,639.2,629.03,625.21,54585924.0,542966976.0
2013-08-07,628.39,643.66,631.57,626.48,74376400.0,743841152.0
2013-08-06,627.75,636.02,630.93,622.03,59617992.0,588829760.0
2013-08-05,624.58,632.21,632.21,621.39,53143064.0,524425088.0
2013-08-02,637.29,642.38,624.58,622.67,57741736.0,571091008.0
2013-08-01,619.49,630.93,630.93,611.22,76275024.0,748544192.0
2013-07-31,623.94,635.39,609.95,607.4,45446880.0,442922528.0
2013-07-30,604.22,631.57,615.67,601.68,67454104.0,655829184.0
2013-07-29,602.31,605.5,598.5,595.32,49813032.0,469746112.0
2013-07-26,617.58,620.76,613.13,607.4,46505056.0,448749600.0
2013-07-25,622.67,637.3,623.94,616.94,68987416.0,681137664.0
2013-07-24,622.67,628.39,620.76,607.4,89972184.0,872706944.0
2013-07-23,602.31,651.29,633.48,598.5,124744344.0,1234752128.0
2013-07-22,587.05,604.22,599.13,580.05,65837736.0,613752256.0
2013-07-19,624.58,629.66,599.77,598.5,82736792.0,797155392.0
2013-07-18,641.11,647.47,624.58,622.03,80668720.0,798982784.0
2013-07-17,659.56,665.28,644.93,642.38,67368848.0,691750080.0
2013-07-16,658.28,664.01,660.19,644.93,101622760.0,1045499584.0
2013-07-15,667.82,684.36,668.46,638.57,134165944.0,1397980288.0
2013-07-12,667.82,689.45,657.65,652.56,211854400.0,2237235968.0
2013-07-11,604.22,657.65,657.65,604.22,173361152.0,1737228160.0
2013-07-10,573.06,597.86,597.86,571.78,74724160.0,686265856.0
2013-07-09,573.06,579.42,572.42,570.51,51215064.0,463017600.0
2013-07-08,583.87,588.96,571.78,570.51,59500688.0,542811648.0
2013-07-05,594.68,608.67,595.95,594.05,64144624.0,606232512.0
2013-07-04,586.41,608.67,595.95,573.06,80515992.0,750347520.0
2013-07-03,607.4,607.4,593.41,589.59,77115848.0,723582016.0
2013-07-02,622.03,623.3,610.58,595.95,81375376.0,776186624.0
2013-07-01,623.94,632.84,620.12,600.41,80019664.0,775396032.0
2013-06-28,604.22,644.93,634.12,591.5,92664392.0,909148160.0
2013-06-27,626.48,636.02,610.58,606.77,83586704.0,819712896.0
2013-06-26,636.02,636.02,620.76,609.31,101715104.0,992741120.0
2013-06-25,623.3,642.38,634.75,581.33,171716256.0,1643643136.0
2013-06-24,706.62,706.62,645.56,645.56,116667176.0,1210827520.0
2013-06-21,696.45,724.43,717.43,690.09,61400268.0,687937856.0
2013-06-20,758.77,760.05,711.07,704.08,90306656.0,1029738112.0
2013-06-19,769.82,770.22,757.62,754.07,36997752.0,714070016.0
2013-06-18,765.89,789.12,776.91,765.89,38959936.0,770155904.0
2013-06-17,754.47,770.22,757.62,746.2,30921022.0,596190208.0
2013-06-14,748.17,756.04,750.53,740.29,32855336.0,625125440.0
2013-06-13,760.37,761.16,739.9,730.45,38134260.0,717936640.0
2013-06-07,792.66,797.78,769.04,764.31,40200096.0,795705792.0
2013-06-06,810.78,817.86,792.66,789.12,43527000.0,883833856.0
2013-06-05,827.32,831.25,819.44,811.96,30574508.0,636042496.0
2013-06-04,823.38,839.91,832.04,818.26,44215692.0,930180288.0
2013-06-03,824.16,834.4,823.38,818.65,34379292.0,720122816.0
2013-05-31,836.76,846.22,826.53,826.13,36186204.0,767274368.0
2013-05-30,835.58,849.76,834.8,829.28,42544168.0,905433856.0
2013-05-29,850.94,854.09,837.95,835.58,53259776.0,1140654720.0
2013-05-28,804.08,854.49,850.55,796.99,78361712.0,1653684480.0
2013-05-27,810.78,822.2,804.08,798.96,35854608.0,737775168.0
2013-05-24,809.2,824.56,814.71,799.75,33280996.0,686838464.0
2013-05-23,827.32,834.8,808.02,807.23,50740940.0,1054439744.0
2013-05-22,830.86,838.34,833.22,823.77,41311344.0,872231936.0
2013-05-21,819.04,835.19,830.86,816.68,44757456.0,938805120.0
2013-05-20,806.44,846.61,826.13,802.51,87697456.0,1842617472.0
2013-05-17,798.57,808.41,802.9,784.39,59580700.0,1207256064.0
2013-05-16,756.43,806.05,799.75,750.13,81311584.0,1620143104.0
2013-05-15,759.59,764.7,759.98,754.07,24208282.0,466686528.0
2013-05-14,784.39,784.79,759.59,752.5,49816080.0,963271680.0
2013-05-13,791.88,795.42,784.39,779.67,32387980.0,645920640.0
2013-05-10,787.54,804.08,795.02,783.21,38624828.0,779054976.0
2013-05-09,798.17,798.17,792.66,779.67,48361312.0,967721600.0
2013-05-08,801.33,821.8,802.51,784.39,62878712.0,1286250112.0
2013-05-07,793.84,802.51,797.39,782.82,42417084.0,854343040.0
2013-05-06,781.24,809.59,799.75,774.94,84054464.0,1700266240.0
2013-05-03,747.38,795.81,776.91,742.65,72012608.0,1419670016.0
2013-05-02,732.41,745.02,744.62,724.54,23757280.0,445019648.0
2013-04-26,747.77,756.83,736.35,734.38,33673896.0,637945792.0
2013-04-25,748.17,763.13,741.47,737.93,44685588.0,847664640.0
2013-04-24,738.32,779.27,763.92,730.45,73338048.0,1397785344.0
2013-04-23,800.54,802.9,751.32,750.13,80265936.0,1559983360.0
2013-04-22,787.54,802.11,796.6,784.0,69291440.0,1396575744.0
2013-04-19,748.17,811.17,796.99,745.8,147838016.0,2902667264.0
2013-04-18,717.45,755.65,752.1,712.33,90124464.0,1685861504.0
2013-04-17,736.35,739.11,728.08,710.76,64270316.0,1180893568.0
2013-04-16,721.78,738.72,738.32,712.73,65549248.0,1213261312.0
2013-04-15,745.8,750.53,730.84,724.93,57095700.0,1065287808.0
2013-04-12,765.88,767.07,744.23,740.29,80532280.0,1535799808.0
2013-04-11,771.4,775.73,764.31,759.59,31178900.0,607690368.0
2013-04-10,782.82,783.61,763.92,753.28,50776708.0,988314112.0
2013-04-09,787.15,797.78,785.18,784.0,38049112.0,763834496.0
2013-04-08,779.27,791.48,784.79,771.0,40771476.0,808525760.0
2013-04-03,809.59,818.65,805.26,799.75,22458964.0,461545664.0
2013-04-02,802.51,822.98,804.87,795.02,46305476.0,952838144.0
2013-04-01,795.42,811.17,802.9,791.48,38554184.0,786200256.0
2013-03-29,788.33,802.11,792.27,773.37,56984840.0,1139477760.0
2013-03-28,826.92,826.92,788.33,785.18,117504328.0,2385878272.0
2013-03-27,872.99,892.68,872.21,863.15,38599692.0,859815744.0
2013-03-26,889.53,889.53,871.81,869.45,55977300.0,1248606080.0
2013-03-25,910.79,916.7,896.23,892.68,45289372.0,1037164928.0
2013-03-22,903.71,911.19,906.86,897.01,41182524.0,947445376.0
2013-03-21,905.28,913.94,904.1,893.08,71531768.0,1640675072.0
2013-03-20,843.85,916.31,909.61,842.67,130937024.0,2950191872.0
2013-03-19,838.73,855.67,846.61,828.5,52977120.0,1135421184.0
2013-03-18,854.49,866.3,840.7,835.19,74529480.0,1605426304.0
2013-03-15,852.91,891.11,874.17,819.04,94357408.0,2057527296.0
2013-03-14,866.3,869.84,853.3,838.73,57785360.0,1259573632.0
2013-03-13,854.09,889.14,869.84,850.94,83690152.0,1857825792.0
2013-03-12,889.92,897.4,855.27,839.13,84076904.0,1845179520.0
2013-03-11,894.65,904.89,891.11,860.39,57329336.0,1288820736.0
2013-03-08,937.18,944.26,900.16,884.41,92586832.0,2138190976.0
2013-03-07,943.08,949.78,934.81,895.83,89267088.0,2106340352.0
2013-03-06,964.74,973.01,954.89,941.9,113828104.0,2762182912.0
2013-03-05,858.42,942.29,942.29,858.03,116898728.0,2700253184.0
2013-03-04,884.02,905.67,856.45,847.79,109877960.0,2429985280.0
2013-03-01,902.92,915.12,908.04,880.87,103782384.0,2371270400.0
2013-02-28,832.43,905.67,905.67,828.1,111989168.0,2487830784.0
2013-02-27,827.31,859.21,827.71,821.01,70067664.0,1492890624.0
2013-02-26,780.06,865.12,821.01,775.73,103481472.0,2186227712.0
2013-02-25,758.4,799.36,787.94,756.83,61630068.0,1218835584.0
2013-02-22,767.85,775.34,752.89,746.2,46859524.0,907188800.0
2013-02-21,787.54,787.54,771.79,750.53,74024480.0,1445657216.0
2013-02-20,821.01,826.53,799.36,775.34,65915768.0,1324230528.0
2013-02-19,819.04,831.25,819.44,813.92,48650848.0,1017085056.0
2013-02-18,823.38,846.22,822.98,816.29,42181312.0,887486912.0
2013-02-08,818.26,828.89,817.08,802.9,46202464.0,958773568.0
2013-02-07,854.48,858.82,821.01,799.75,58612692.0,1230117760.0
2013-02-06,854.48,865.51,860.78,844.64,38082656.0,827479680.0
2013-02-05,856.06,872.6,857.63,834.4,42689100.0,927037952.0
2013-02-04,876.53,897.4,866.69,854.88,85742000.0,1906659456.0
2013-02-01,827.71,887.95,883.23,818.65,82408048.0,1793445760.0
2013-01-31,837.55,840.31,830.86,819.04,41588420.0,873902912.0
2013-01-30,830.86,840.31,839.91,819.04,58362496.0,1233766272.0
2013-01-29,838.73,848.58,841.88,812.35,108289496.0,2288064768.0
2013-01-28,754.47,829.68,829.68,754.47,116399520.0,2365203200.0
2013-01-25,767.86,771.0,754.07,745.8,61431248.0,1178016256.0
2013-01-24,788.72,810.38,765.89,759.98,85723640.0,1709191424.0
2013-01-23,787.94,803.69,789.51,759.98,63569848.0,1266082560.0
2013-01-22,766.28,822.98,806.44,761.16,106876960.0,2167549696.0
2013-01-21,720.6,775.73,775.73,708.39,78213640.0,1465651584.0
2013-01-18,703.67,725.33,721.78,693.04,66536764.0,1201751680.0
2013-01-17,696.98,719.81,698.55,687.52,67577208.0,1206432384.0
2013-01-16,693.43,705.24,701.7,678.07,68270096.0,1198986624.0
2013-01-15,674.14,705.64,693.43,672.96,98406440.0,1719308672.0
2013-01-14,609.95,672.96,672.96,609.95,93989592.0,1568841984.0
2013-01-11,624.91,631.61,611.92,608.38,25126856.0,396184768.0
2013-01-10,624.52,633.97,624.91,621.76,24003028.0,383347744.0
2013-01-09,628.46,630.82,624.52,622.16,25132916.0,399696192.0
2013-01-08,641.85,644.6,630.03,624.52,31247912.0,501360096.0
2013-01-07,629.25,643.82,641.85,625.31,35716924.0,578450496.0
2013-01-04,642.63,647.75,629.64,626.88,44385136.0,717567552.0
2012-12-31,618.61,636.73,630.82,616.25,37868420.0,605187328.0
2012-12-28,608.38,621.37,614.28,605.23,24234912.0,377652096.0
2012-12-27,607.59,612.71,609.56,601.29,28363030.0,436845792.0
2012-12-26,606.41,608.38,605.23,600.5,30801434.0,472347392.0
2012-12-25,586.33,613.5,606.8,582.78,44988144.0,691035840.0
2012-12-24,584.36,598.93,587.51,583.57,21777834.0,327128896.0
2012-12-21,593.81,596.17,585.54,584.75,24527160.0,366606688.0
2012-12-20,594.6,596.56,594.99,581.99,29347538.0,438977120.0
2012-12-19,598.53,604.04,597.75,596.17,27157618.0,413928576.0
2012-12-18,596.56,609.16,600.5,592.23,41162952.0,630112640.0
2012-12-17,598.53,603.26,599.32,590.66,48778000.0,740677376.0
2012-12-14,552.86,598.53,597.75,552.07,77413768.0,1143057920.0
2012-12-13,558.76,559.94,553.64,553.25,18964924.0,268485664.0
2012-12-12,556.4,566.64,560.73,554.82,22739652.0,323505184.0
2012-12-11,559.15,565.85,555.61,554.82,26068304.0,370736000.0
2012-12-10,557.19,567.82,563.88,546.16,48181440.0,681366272.0
2012-12-07,531.99,552.46,552.07,530.8,45656784.0,632609152.0
2012-12-06,525.68,533.95,531.99,524.11,36101524.0,486216800.0
2012-12-05,498.51,530.41,527.26,497.33,40236392.0,532826176.0
2012-12-04,494.58,502.85,500.09,491.43,11692406.0,147537056.0
2012-12-03,504.42,505.21,494.58,492.21,14072783.0,177383536.0
2012-11-30,500.09,507.18,504.03,500.09,9664616.0,123711328.0
2012-11-29,515.45,515.84,501.66,501.66,20497422.0,263156032.0
2012-11-28,516.63,519.38,515.45,515.05,7213613.0,94731376.0
2012-11-27,515.05,519.38,518.99,514.26,8875244.0,116511896.0
2012-11-26,521.35,521.75,517.02,515.84,5737293.0,75519848.0
2012-11-23,519.38,524.9,522.14,517.42,8031817.0,106505912.0
2012-11-22,521.35,522.14,517.81,516.23,4858906.0,63994756.0
2012-11-21,513.48,523.72,522.14,511.51,10792687.0,141558176.0
2012-11-20,515.45,516.24,515.05,508.75,7975806.0,104041952.0
2012-11-19,512.69,516.24,515.45,509.15,9836934.0,128001552.0
2012-11-16,515.84,517.81,515.84,508.75,14755857.0,192143856.0
2012-11-15,523.72,527.26,517.81,515.84,7651970.0,101637296.0
2012-11-14,531.59,531.59,526.87,524.9,7526378.0,100889384.0
2012-11-13,535.92,535.92,528.44,526.87,9993534.0,134504032.0
2012-11-12,527.26,536.71,536.32,526.87,14534904.0,196914080.0
2012-11-09,526.47,529.23,528.44,524.9,6217075.0,83239024.0
2012-11-08,529.23,532.77,526.87,526.87,8472817.0,113907736.0
2012-11-07,531.99,536.71,533.56,528.84,8816884.0,119251176.0
2012-11-06,535.13,536.32,534.74,526.87,13017945.0,175738848.0
2012-11-05,533.17,539.86,535.92,531.59,14675465.0,199475088.0
2012-11-02,526.87,534.35,532.77,526.47,16333697.0,219877328.0
2012-11-01,518.2,531.99,526.87,517.81,13800345.0,184644048.0
2012-10-31,516.63,520.17,518.2,514.26,7512545.0,98717440.0
2012-10-30,509.54,517.41,515.45,508.75,14292166.0,186512272.0
2012-10-29,507.96,513.87,509.54,506.78,12964193.0,167853280.0
2012-10-26,522.53,523.72,509.15,507.96,17138012.0,224201696.0
2012-10-25,524.5,525.29,520.17,519.38,12337754.0,163551584.0
2012-10-24,522.53,527.65,523.32,520.96,8995284.0,119926216.0
2012-10-23,530.8,531.59,523.72,522.53,11680820.0,156357632.0
2012-10-22,526.87,531.99,530.41,523.32,13408932.0,179787008.0
2012-10-19,528.44,530.02,528.84,526.08,10071311.0,135099120.0
2012-10-18,522.97,530.01,528.05,521.8,15917879.0,214090080.0
2012-10-17,518.67,522.97,522.19,517.11,12188114.0,162229776.0
2012-10-16,513.2,521.8,516.72,510.86,12634649.0,167235920.0
2012-10-15,519.85,520.24,512.03,510.07,8911948.0,117114360.0
2012-10-12,518.67,524.93,519.46,516.33,10145190.0,135067776.0
2012-10-11,519.85,519.85,516.72,515.15,9574790.0,126809880.0
2012-10-10,519.45,519.85,519.45,515.94,9976558.0,132165224.0
2012-10-09,508.12,521.02,519.45,508.12,16481579.0,218229440.0
2012-10-08,513.59,517.11,506.56,504.21,10638633.0,138955168.0
2012-09-28,506.17,513.98,513.2,503.82,15095772.0,196802880.0
2012-09-27,494.05,518.28,509.29,493.66,21538708.0,279689536.0
2012-09-26,498.35,499.91,494.05,492.49,7078915.0,89861904.0
2012-09-25,503.43,503.43,497.96,496.39,9882594.0,126342880.0
2012-09-24,501.08,508.12,504.6,492.09,17905626.0,228728960.0
2012-09-21,508.12,509.29,503.43,501.47,15751258.0,203492208.0
2012-09-20,520.24,520.24,508.51,508.12,18134616.0,237807072.0
2012-09-19,528.44,530.4,521.41,516.33,18434608.0,245924736.0
2012-09-18,534.7,534.7,528.05,527.27,12250194.0,166389840.0
2012-09-17,547.99,547.99,535.87,534.7,11471438.0,158729296.0
2012-09-14,546.42,552.68,549.16,541.73,15327279.0,214681376.0
2012-09-13,545.64,548.38,542.91,542.91,8244257.0,115132800.0
2012-09-12,550.33,553.07,546.42,541.73,12245281.0,171431984.0
2012-09-11,547.6,549.16,547.99,543.69,8743686.0,122118848.0
2012-09-10,555.02,556.2,549.94,545.25,23677796.0,332644832.0
2012-09-07,539.39,562.84,555.41,537.83,28173772.0,398458816.0
2012-09-06,532.74,537.43,536.65,530.01,10356038.0,141626688.0
2012-09-05,541.34,542.12,532.35,529.23,17219018.0,235084944.0
2012-09-04,555.41,556.98,542.12,540.17,20775580.0,290805056.0
2012-09-03,555.8,558.93,555.41,554.24,10112994.0,143818624.0
2012-08-31,556.59,564.01,554.63,554.63,8561919.0,122564448.0
2012-08-30,553.46,561.67,558.15,553.07,8987322.0,128124856.0
2012-08-29,558.93,559.71,558.15,554.63,6948365.0,99043800.0
2012-08-28,552.29,565.19,561.67,548.38,15910898.0,226308464.0
2012-08-27,561.28,561.67,551.5,549.16,16775926.0,237771008.0
2012-08-24,570.27,570.66,561.67,561.28,18817910.0,271872000.0
2012-08-23,573.78,576.13,571.44,568.31,13128906.0,191921632.0
2012-08-22,578.48,578.87,573.39,571.05,12518267.0,183731120.0
2012-08-21,580.43,581.6,578.08,576.13,13021973.0,192757792.0
2012-08-20,585.9,586.29,580.43,575.74,15579504.0,231016480.0
2012-08-17,582.77,590.2,588.64,581.6,10399698.0,156222176.0
2012-08-16,587.47,587.86,582.77,580.82,14681599.0,219340240.0
2012-08-15,592.55,595.67,590.2,586.68,11614215.0,175631856.0
2012-08-14,587.47,598.02,596.46,583.95,18037022.0,273064256.0
2012-08-13,590.2,592.94,587.47,587.07,10799064.0,163090048.0
2012-08-10,589.03,592.94,589.42,589.03,10549817.0,159571472.0
2012-08-09,587.47,587.86,587.86,582.77,8575072.0,128443496.0
2012-08-08,584.34,588.25,587.86,583.95,11754171.0,176391104.0
2012-08-07,589.81,592.15,584.73,583.95,15982578.0,239640608.0
2012-08-06,591.37,594.89,590.2,590.2,15331221.0,232307808.0
2012-08-03,592.15,593.72,592.15,587.46,9438713.0,142870688.0
2012-08-02,592.55,594.11,592.55,588.64,8907731.0,134826272.0
2012-08-01,589.42,594.89,592.55,586.29,12186730.0,184236832.0
2012-07-31,581.99,591.37,590.2,580.82,15313469.0,230444672.0
2012-07-30,576.91,589.03,580.43,576.91,11842631.0,176839232.0
2012-07-27,575.35,583.95,576.52,572.61,10966060.0,162335584.0
2012-07-26,572.22,578.87,572.61,571.05,7290309.0,107285512.0
2012-07-25,578.47,581.21,572.22,571.44,9840494.0,144875472.0
2012-07-24,576.52,585.12,578.47,576.13,10094330.0,149950272.0
2012-07-23,576.91,578.87,578.87,573.0,15049383.0,221835968.0
2012-07-20,581.21,584.73,580.43,579.26,10673403.0,158679776.0
2012-07-19,585.9,590.2,587.07,581.6,13626372.0,204768496.0
2012-07-18,585.51,587.46,586.68,580.43,7561238.0,112967984.0
2012-07-17,580.43,587.86,587.46,579.26,9160116.0,136786576.0
2012-07-16,586.29,589.03,580.43,580.43,10860266.0,162268368.0
2012-07-13,578.48,591.76,585.51,576.52,11070005.0,165726976.0
2012-07-12,579.26,583.95,581.6,572.61,19473086.0,287704672.0
2012-07-11,580.82,585.12,580.82,577.69,7544441.0,112224824.0
2012-07-10,575.35,587.46,582.77,574.96,12370989.0,183975552.0
2012-07-09,588.64,588.64,574.96,574.96,16095224.0,238871824.0
2012-07-06,584.34,594.11,591.76,576.52,16545450.0,247858064.0
2012-07-05,595.28,599.19,593.72,592.15,10289670.0,156808688.0
2012-07-04,591.37,605.05,597.24,591.37,19766960.0,302421600.0
2012-07-03,590.59,597.24,591.37,587.07,12372795.0,187834400.0
2012-07-02,595.28,595.28,592.15,586.29,15564511.0,234575312.0
2012-06-29,577.3,595.28,592.55,574.57,18455456.0,278224224.0
2012-06-28,580.82,584.73,575.74,574.96,10084717.0,149964624.0
2012-06-27,582.77,584.73,580.82,578.48,8177633.0,121766280.0
2012-06-26,578.87,586.68,582.38,578.08,13492363.0,201321552.0
2012-06-25,581.6,588.64,577.3,577.3,16435834.0,245383808.0
2012-06-21,594.89,595.28,582.38,580.82,14483296.0,217217296.0
2012-06-20,599.19,605.84,595.28,594.11,14370713.0,220127616.0
2012-06-19,592.15,600.75,596.06,590.59,14992460.0,228553088.0
2012-06-18,591.76,595.28,594.5,588.64,19873336.0,301170880.0
2012-06-15,574.96,599.97,592.55,574.96,42295156.0,636342592.0
2012-06-14,576.91,578.87,572.22,571.05,13047824.0,191929248.0
2012-06-13,569.88,582.77,580.04,566.75,26011662.0,383736096.0
2012-06-12,574.57,577.69,567.92,564.79,29815536.0,434459168.0
2012-06-11,580.43,583.56,578.08,575.35,26550912.0,393125600.0
2012-06-08,596.06,596.85,578.87,577.3,39755724.0,593133504.0
2012-06-07,603.1,605.05,594.5,592.94,13130248.0,201455936.0
2012-06-06,598.02,599.97,598.8,596.06,18886004.0,288959584.0
2012-06-05,603.49,604.27,596.45,596.45,24614408.0,377715360.0
2012-06-04,610.13,611.31,601.93,601.14,17177788.0,266890992.0
2012-06-01,613.65,620.69,616.78,611.7,15835304.0,249589888.0
2012-05-31,612.48,616.39,613.26,608.18,15325128.0,239888128.0
2012-05-30,619.9,620.69,613.65,609.74,21712592.0,341898720.0
2012-05-29,617.56,623.81,622.64,611.7,28680860.0,453701952.0
2012-05-28,610.52,617.95,617.95,606.62,13720237.0,215529424.0
2012-05-25,614.43,616.0,610.52,609.74,9892922.0,154918944.0
2012-05-24,620.69,621.86,614.04,612.48,19407374.0,305714016.0
2012-05-22,618.73,624.99,624.21,618.73,11359898.0,180941168.0
2012-05-21,614.43,619.12,616.39,613.65,8569485.0,135114976.0
2012-05-18,617.56,621.86,614.43,612.09,15786319.0,248755808.0
2012-05-17,617.56,624.21,623.03,616.0,13338999.0,211749264.0
2012-05-16,625.38,625.38,616.0,615.61,15030511.0,238216896.0
2012-05-15,621.47,627.72,626.16,617.56,13445478.0,213764768.0
2012-05-14,630.85,631.63,623.03,621.47,20696000.0,332240256.0
2012-05-11,630.46,633.2,626.16,625.77,16251980.0,261354032.0
2012-05-10,631.63,635.54,630.46,628.12,12942834.0,209027536.0
2012-05-09,642.97,643.75,631.63,630.07,21367676.0,347527136.0
2012-05-08,647.27,648.05,646.49,642.97,17512996.0,289312160.0
2012-05-07,649.22,654.3,648.83,644.14,25573094.0,423783680.0
2012-05-04,649.22,653.91,653.13,647.66,14029557.0,233813680.0
2012-05-03,655.87,658.21,650.0,649.22,16148709.0,269467360.0
2012-05-02,653.52,662.12,655.87,650.39,26117210.0,438591392.0
2012-04-27,650.0,654.69,647.27,643.75,16661706.0,277246080.0
2012-04-26,659.77,660.95,648.05,643.36,28341442.0,470733984.0
2012-04-25,649.61,658.99,658.99,648.05,20892364.0,350401184.0
2012-04-24,641.01,669.15,655.08,640.23,47804024.0,802959360.0
2012-04-23,646.48,649.61,641.79,639.06,19738112.0,325312448.0
2012-04-20,637.1,648.83,648.05,635.15,25807488.0,426240160.0
2012-04-19,637.1,639.84,639.45,633.2,13739186.0,223742896.0
2012-04-18,626.16,638.28,635.54,626.16,15960090.0,258852704.0
2012-04-17,630.85,634.37,624.99,624.6,11895119.0,191093632.0
2012-04-16,632.8,639.06,632.41,628.5,13367317.0,216401792.0
2012-04-13,639.06,649.22,637.1,633.2,33774472.0,554098560.0
2012-04-12,619.12,638.67,638.28,615.61,27577946.0,443771872.0
2012-04-11,612.87,623.03,618.73,612.09,10514365.0,166106128.0
2012-04-10,614.43,621.08,620.69,608.96,19699850.0,308914112.0
2012-04-09,621.47,621.47,615.61,613.65,9319714.0,147459888.0
2012-04-06,613.65,625.77,624.99,610.92,19387554.0,306955616.0
2012-04-05,614.04,617.17,615.22,603.88,18379254.0,287161664.0
2012-03-30,610.91,614.82,614.04,609.35,10631246.0,166628768.0
2012-03-29,616.78,616.78,608.57,604.27,18886584.0,295267360.0
2012-03-28,627.72,629.29,616.78,616.0,20448296.0,325213024.0
2012-03-27,629.68,631.63,628.11,627.33,11120921.0,179214160.0
2012-03-26,626.16,628.5,626.94,624.6,8246121.0,132200784.0
2012-03-23,629.68,630.46,625.77,623.81,11901609.0,190843184.0
2012-03-22,629.68,636.32,632.8,624.21,17938848.0,288804704.0
2012-03-21,633.19,633.98,629.29,626.16,15040403.0,242481936.0
2012-03-20,637.88,638.28,628.11,627.33,20304048.0,328052064.0
2012-03-19,638.67,641.01,639.06,633.19,16746474.0,272964672.0
2012-03-16,635.93,641.4,641.01,631.63,16786552.0,273741696.0
2012-03-15,644.53,648.05,635.15,635.15,25804872.0,423785024.0
2012-03-14,661.34,666.03,644.14,642.58,43996404.0,738597760.0
2012-03-13,654.69,659.77,658.6,651.96,23753056.0,398818656.0
2012-03-12,659.77,659.77,652.74,650.39,27064788.0,451971840.0
2012-03-09,660.55,662.12,659.38,651.17,53053644.0,891070592.0
2012-03-08,661.34,670.72,665.63,658.6,28878270.0,491703680.0
2012-03-07,656.64,665.63,656.64,654.69,20137130.0,339797440.0
2012-03-06,672.67,676.19,662.51,660.55,33137414.0,565065408.0
2012-03-05,685.18,694.95,675.02,673.06,35041728.0,614488128.0
2012-03-02,673.45,684.01,683.22,673.06,29097318.0,505353984.0
2012-03-01,667.59,681.66,673.45,666.81,29162132.0,504303648.0
2012-02-29,675.02,675.02,668.37,665.25,26302462.0,451402720.0
2012-02-28,661.73,683.22,674.24,660.55,46014184.0,793135040.0
2012-02-27,660.55,671.89,661.34,655.08,44761712.0,759502528.0
2012-02-24,652.35,659.38,659.38,646.09,36410464.0,609181824.0
2012-02-23,649.61,655.08,650.0,648.44,22626760.0,376851584.0
2012-02-22,644.53,650.78,649.61,642.57,31739776.0,525337440.0
2012-02-21,644.14,646.48,644.53,638.66,15026488.0,247188096.0
2012-02-20,654.3,654.69,642.96,642.57,22420576.0,372071616.0
2012-02-17,646.48,647.65,642.96,641.01,15069047.0,248573520.0
2012-02-16,649.61,652.35,642.96,639.45,27369216.0,451825408.0
2012-02-15,648.44,655.08,649.61,642.97,20130584.0,334137696.0
2012-02-14,650.78,653.52,648.83,644.53,10854644.0,179835120.0
2012-02-13,656.25,657.03,651.95,648.05,21506688.0,359692320.0
2012-02-10,656.64,663.68,660.94,656.64,18211848.0,307363104.0
2012-02-08,648.04,664.85,660.55,648.04,17227256.0,290646912.0
2012-02-07,654.3,655.86,648.44,646.48,12208636.0,203101568.0
2012-02-06,664.46,665.24,657.82,655.47,15780815.0,266559536.0
2012-02-03,658.99,666.02,664.07,652.74,22996446.0,388800512.0
2012-02-02,644.92,662.9,661.33,642.96,24462346.0,410098464.0
2012-02-01,648.04,656.64,642.96,642.18,18515900.0,307694784.0
2012-01-31,653.52,656.64,650.39,644.92,17326548.0,288275840.0
2012-01-30,657.03,662.12,653.13,650.0,33298844.0,558095296.0
2012-01-20,653.91,662.12,655.86,637.88,58667568.0,972826816.0
2012-01-09,600.36,617.95,616.78,596.06,22113866.0,345938688.0
2012-01-06,599.97,606.22,599.97,592.15,13315115.0,204143664.0
2012-01-05,592.54,607.79,601.53,591.37,24408004.0,375880608.0
2012-01-04,609.35,609.35,592.54,592.15,14791098.0,227563712.0
2011-12-30,599.97,609.35,609.35,598.01,26148736.0,402708864.0
2011-12-29,596.06,602.71,598.41,594.5,12859277.0,197105648.0
2011-12-28,602.71,608.18,598.01,590.2,11317934.0,173347072.0
2011-12-27,602.31,610.13,605.05,601.92,13879755.0,214959824.0
2011-12-26,601.92,607.0,602.71,599.58,7377643.0,113827424.0
2011-12-23,603.1,610.13,602.71,600.36,9946525.0,153908336.0
2011-12-22,598.41,608.18,603.88,594.11,10984934.0,168904816.0
2011-12-21,604.66,610.52,599.58,598.41,14660853.0,227230416.0
2011-12-20,598.01,608.57,599.19,596.84,9463751.0,146041776.0
2011-12-19,592.93,604.27,599.97,587.07,12810069.0,194558352.0
2011-12-16,589.42,601.53,597.23,583.55,15737768.0,238364624.0
2011-12-15,606.22,608.96,588.24,587.07,19273652.0,294609856.0
2011-12-14,612.87,616.0,609.74,605.83,8493106.0,132825568.0
2011-12-13,617.56,622.64,612.87,611.3,19000444.0,300294560.0
2011-12-12,619.9,623.81,619.12,614.43,8633134.0,137072016.0
2011-12-09,620.68,623.81,619.51,617.17,8686255.0,137984144.0
2011-12-08,627.33,630.46,623.03,617.95,18705208.0,298946848.0
2011-12-07,621.47,631.24,627.33,619.9,14862428.0,238162240.0
2011-12-05,623.03,626.94,623.42,613.65,11349137.0,180714656.0
2011-12-02,617.95,626.16,623.42,615.21,18186014.0,289399904.0
2011-12-01,622.64,635.93,620.68,619.51,41183240.0,660688128.0
2011-11-30,623.42,623.81,606.22,605.05,19165720.0,299555296.0
2011-11-29,623.03,625.76,623.81,617.56,15649490.0,249152272.0
2011-11-28,618.34,622.25,616.78,614.04,9813225.0,155001376.0
2011-11-25,614.82,619.9,617.17,613.26,8446296.0,133224392.0
2011-11-24,614.04,622.25,619.12,609.35,12146393.0,191344464.0
2011-11-23,629.28,630.85,615.99,614.43,18894416.0,299733088.0
2011-11-22,621.47,630.07,627.33,618.34,13281831.0,212748304.0
2011-11-21,624.2,624.2,623.42,617.56,13673657.0,217304752.0
2011-11-18,621.08,628.5,623.42,619.9,14386865.0,229649104.0
2011-11-17,628.5,630.46,624.59,623.03,10961862.0,175962320.0
2011-11-16,643.75,644.14,626.55,624.2,19927200.0,322231072.0
2011-11-15,651.95,653.52,643.75,640.23,21708890.0,357983648.0
2011-11-14,651.95,658.6,653.91,647.65,17925052.0,299361824.0
2011-11-11,655.47,658.21,647.65,645.31,16526727.0,274797632.0
2011-11-10,655.86,663.29,655.86,652.74,15843664.0,266509040.0
2011-11-09,656.25,662.9,662.12,651.95,11355254.0,190845600.0
2011-11-08,654.3,659.38,654.3,651.17,9670530.0,162043536.0
2011-11-07,658.6,661.33,653.52,649.61,12957718.0,217220448.0
2011-11-04,664.46,666.41,663.68,657.82,13339644.0,226230000.0
2011-11-03,668.76,671.89,659.77,655.86,26232886.0,445806720.0
2011-11-02,650.39,669.15,669.15,649.61,19069442.0,320967360.0
2011-11-01,655.08,668.76,658.6,651.95,17930976.0,303128864.0
2011-10-31,665.63,667.59,659.77,650.0,14176696.0,238721168.0
2011-10-28,664.46,672.28,665.63,659.77,28495748.0,484862592.0
2011-10-27,655.47,661.72,653.52,649.22,14650097.0,245495552.0
2011-10-26,650.78,661.72,654.69,648.83,24416172.0,410238816.0
2011-10-25,645.7,655.47,650.39,641.01,19957370.0,331621152.0
2011-10-24,629.28,651.56,646.09,622.64,24059040.0,394450688.0
2011-10-21,621.47,632.41,626.55,616.38,14082651.0,225852448.0
2011-10-20,625.37,626.55,617.56,613.65,9245905.0,146319936.0
2011-10-19,629.67,636.32,627.72,625.76,8237424.0,132855568.0
2011-10-18,641.4,642.57,626.15,624.98,13801277.0,223255648.0
2011-10-17,644.13,653.12,646.48,641.79,11711517.0,194055200.0
2011-10-14,636.71,641.79,639.45,630.06,8695258.0,141751920.0
2011-10-13,635.14,642.18,639.05,633.97,14506496.0,236989024.0
2011-10-12,607.78,641.01,639.44,605.44,27447240.0,442778752.0
2011-10-11,625.37,628.89,611.69,607.39,21464906.0,339237344.0
2011-10-10,623.42,626.94,605.83,603.88,20965594.0,326892320.0
2011-09-30,628.5,633.97,626.94,625.37,14204046.0,228902896.0
2011-09-29,621.47,630.46,626.94,619.12,11315764.0,181407712.0
2011-09-28,636.32,636.32,625.37,621.47,9670343.0,155237152.0
2011-09-27,633.19,637.1,632.02,621.86,13761782.0,221845888.0
2011-09-26,642.18,655.08,626.94,624.59,19813812.0,322611456.0
2011-09-23,641.4,657.82,649.61,638.27,15181093.0,250805296.0
2011-09-22,659.77,662.11,652.73,651.95,15644754.0,262524752.0
2011-09-21,654.3,672.28,666.8,649.22,18368644.0,312327648.0
2011-09-20,646.87,661.33,654.3,644.92,7712700.0,128974784.0
2011-09-19,657.03,657.42,648.83,647.26,10599840.0,176591136.0
2011-09-16,650.78,668.37,664.46,649.61,36953540.0,626906560.0
2011-09-15,642.96,651.95,647.26,641.4,17064236.0,282498720.0
2011-09-14,646.48,648.43,641.79,631.63,14722697.0,241207200.0
2011-09-13,633.19,646.09,645.7,631.63,10320508.0,168927616.0
2011-09-09,650.78,659.38,644.13,639.84,10662894.0,176663296.0
2011-09-08,651.17,654.3,647.65,645.7,10076662.0,167311104.0
2011-09-07,644.52,655.08,651.17,638.66,13007207.0,215260560.0
2011-09-06,639.05,645.31,639.44,637.1,11350557.0,185902896.0
2011-09-05,648.83,651.95,642.96,639.44,13828628.0,228178080.0
2011-09-01,658.6,666.41,661.72,656.25,11465355.0,193932848.0
2011-08-31,652.73,665.24,658.6,646.87,13043411.0,218858304.0
2011-08-30,657.42,669.15,651.95,651.56,22000548.0,371612128.0
2011-08-29,664.46,664.46,653.51,647.26,45187136.0,755956224.0
2011-08-26,672.28,679.7,679.31,669.54,25855820.0,446200768.0
2011-08-25,644.92,678.92,677.75,640.62,46535408.0,793665408.0
2011-08-24,651.95,653.91,640.62,639.05,12520897.0,207818928.0
2011-08-23,642.57,652.34,650.39,639.84,10465458.0,173121392.0
2011-08-22,646.48,650.39,641.79,635.93,12807347.0,210393776.0
2011-08-19,641.01,650.0,648.83,636.71,15545149.0,255822480.0
2011-08-18,667.59,677.36,653.9,651.56,25245980.0,427197376.0
2011-08-16,667.98,675.79,666.41,663.68,19781800.0,338285312.0
2011-08-15,650.78,674.23,669.54,639.83,30852780.0,519120704.0
2011-08-12,644.52,652.73,650.39,641.01,18053416.0,297982240.0
2011-08-11,618.73,644.13,642.18,617.56,18987370.0,308443424.0
2011-08-10,635.14,641.01,628.89,628.5,18298392.0,297294720.0
2011-08-09,615.21,634.36,626.55,607.78,27088572.0,430794176.0
2011-08-08,633.97,645.31,625.37,615.6,25034798.0,403626912.0
2011-08-05,646.48,649.61,637.1,636.71,24826954.0,408435584.0
2011-08-04,660.16,672.28,660.16,659.38,11502275.0,195599888.0
2011-08-03,655.86,667.59,658.99,653.51,14194473.0,240147616.0
2011-08-02,666.41,669.15,664.46,653.91,19388300.0,327409984.0
2011-08-01,672.28,684.78,672.28,663.68,20792008.0,358426368.0
2011-07-29,661.33,693.77,677.75,652.73,31350764.0,541258944.0
2011-07-28,664.85,665.24,658.6,653.51,18780608.0,316189440.0
2011-07-27,666.41,677.75,671.49,665.24,15007940.0,258034544.0
2011-07-26,659.77,676.18,673.45,656.64,17324248.0,296943872.0
2011-07-25,668.37,674.62,659.38,654.69,19707012.0,335512640.0
2011-07-22,674.23,682.05,672.67,670.32,12273319.0,211870048.0
2011-07-21,684.78,686.35,671.49,671.1,18897122.0,326948288.0
2011-07-20,691.43,693.38,685.57,679.31,14593499.0,255516288.0
2011-07-19,693.77,694.16,685.57,683.22,21935526.0,385645088.0
2011-07-18,703.54,708.63,701.2,695.34,19781464.0,354921792.0
2011-07-15,685.96,711.36,703.15,679.7,37573800.0,671466240.0
2011-07-14,686.74,689.87,687.13,679.31,24447810.0,428448992.0
2011-07-13,674.23,692.6,685.57,669.54,32429428.0,566412224.0
2011-07-12,675.01,675.4,664.46,662.11,24514304.0,418118336.0
2011-07-11,679.7,689.08,680.09,678.14,16173487.0,282634272.0
2011-07-08,675.79,695.73,684.78,673.06,26960364.0,473536544.0
2011-07-07,684.0,689.08,675.79,669.93,33785504.0,588625664.0
2011-07-06,676.58,678.92,673.84,666.41,20647586.0,354627552.0
2011-07-05,684.0,685.17,680.09,675.4,19056022.0,331713600.0
2011-07-04,664.07,686.35,685.96,663.29,37824912.0,655990848.0
2011-07-01,670.32,670.32,661.72,657.82,24878948.0,422094944.0
2011-06-30,652.34,672.67,667.2,651.56,27584004.0,468824288.0
2011-06-29,669.54,671.1,650.0,648.04,25898152.0,435681888.0
2011-06-28,680.09,680.09,666.02,656.25,20652920.0,350987392.0
2011-06-27,663.68,685.18,667.98,661.72,28093322.0,483915168.0
2011-06-24,645.7,671.89,664.07,644.92,32282576.0,547045568.0
2011-06-23,633.19,651.56,648.83,631.24,16588875.0,272357056.0
2011-06-22,637.1,641.4,635.54,632.41,15194027.0,247618688.0
2011-06-21,627.72,638.27,636.32,624.98,19391196.0,313896320.0
2011-06-20,621.47,626.94,626.16,615.6,12269128.0,195132656.0
2011-06-17,626.94,630.07,621.08,619.51,19132952.0,305942720.0
2011-06-16,630.85,634.36,624.2,622.64,17385080.0,279148928.0
2011-06-15,643.35,649.61,635.54,635.54,16867712.0,275973984.0
2011-06-14,637.1,657.42,645.31,635.14,27898386.0,463185184.0
2011-06-13,640.62,642.96,637.49,629.67,16282265.0,265033184.0
2011-06-10,645.31,654.69,646.09,641.01,14557106.0,240550240.0
2011-06-09,648.83,657.03,646.87,646.09,12022235.0,200273680.0
2011-06-08,657.42,657.42,652.34,644.13,16075948.0,267290816.0
2011-06-07,646.87,661.33,658.6,642.96,14608911.0,244067280.0
2011-06-03,649.22,656.25,653.12,644.53,15453683.0,257350016.0
2011-06-02,672.28,677.36,652.73,644.53,43960072.0,739553856.0
2011-06-01,689.87,689.87,681.27,677.36,18103530.0,316218016.0
2011-05-31,686.74,693.38,690.26,671.11,19360768.0,338686784.0
2011-05-30,682.83,691.82,686.74,675.01,15090147.0,263972800.0
2011-05-27,691.82,702.76,687.91,687.91,23833088.0,423279648.0
2011-05-26,700.81,707.46,695.34,688.3,29474004.0,525548160.0
2011-05-24,695.73,716.84,709.8,695.73,29158742.0,528778304.0
2011-05-23,714.1,715.27,699.64,689.48,32912056.0,588700864.0
2011-05-20,700.42,726.61,716.84,699.25,31190030.0,572652160.0
2011-05-19,710.19,717.62,700.81,698.86,16459997.0,297958656.0
2011-05-18,693.38,719.57,707.85,690.65,29415320.0,532338144.0
2011-05-17,670.32,702.37,698.07,670.32,31970892.0,565242752.0
2011-05-16,682.44,689.48,670.32,669.93,19710484.0,342549024.0
2011-05-13,684.0,692.6,690.65,664.46,36798424.0,638079680.0
2011-05-06,685.96,697.29,685.57,682.44,24111904.0,425935552.0
2011-05-05,689.08,700.42,692.99,688.69,24603790.0,437563136.0
2011-05-04,703.54,716.83,698.07,691.04,39381976.0,708758080.0
2011-05-03,709.41,717.62,712.14,706.28,22105844.0,402350144.0
2011-04-29,727.0,727.0,711.36,700.03,50049592.0,911382592.0
2011-04-28,719.96,742.63,727.78,717.62,64895808.0,1215618304.0
2011-04-27,720.35,734.03,714.49,707.06,53270504.0,985540096.0
2011-04-26,705.11,720.74,719.96,702.76,38943064.0,711900608.0
2011-04-25,698.85,714.1,706.67,691.82,35864668.0,646189952.0
2011-04-22,703.54,708.63,698.07,692.99,30666850.0,548689856.0
2011-04-21,711.36,720.35,708.24,705.5,31806222.0,579304640.0
2011-04-20,720.35,725.04,706.28,700.03,48925672.0,891280640.0
2011-04-19,728.17,732.86,720.35,716.44,52577708.0,975147520.0
2011-04-18,729.73,737.94,737.55,721.13,58014896.0,1082013056.0
2011-04-15,711.75,733.64,732.08,709.41,67079416.0,1242600448.0
2011-04-14,721.91,727.0,710.97,707.45,104925064.0,1921868288.0
2011-04-13,664.46,705.5,705.5,660.16,72385120.0,1268537472.0
2011-04-12,668.37,678.14,666.8,663.29,38618172.0,662860224.0
2011-04-11,671.49,685.96,665.63,664.46,56381824.0,974852480.0
2011-04-08,670.71,673.84,671.1,662.89,26811760.0,458985760.0
2011-04-07,664.46,678.92,672.27,658.6,64881088.0,1112314112.0
2011-04-06,648.82,667.59,664.46,648.82,74524384.0,1263488256.0
2011-04-01,628.5,648.04,647.65,628.11,32324048.0,530034240.0
2011-03-31,640.22,643.35,628.5,625.76,21336828.0,345191104.0
2011-03-30,644.13,652.73,640.22,639.05,27507684.0,453620672.0
2011-03-29,639.44,654.69,644.91,637.49,48258736.0,798647424.0
2011-03-28,639.83,649.61,638.27,637.88,36793240.0,605067456.0
2011-03-25,624.59,638.66,635.53,623.81,36086256.0,585086400.0
2011-03-24,628.89,629.28,624.59,623.42,16012496.0,256090880.0
2011-03-23,623.81,631.24,629.28,622.25,22679888.0,363809600.0
2011-03-22,618.73,627.33,625.76,611.69,25194372.0,401085856.0
2011-03-21,617.55,621.07,616.38,614.43,16015761.0,252850944.0
2011-03-18,621.07,621.07,618.73,615.6,14524328.0,229686240.0
2011-03-17,618.34,621.46,614.04,612.87,20726244.0,327039744.0
2011-03-16,619.9,625.37,623.42,615.21,24207568.0,384301440.0
2011-03-15,626.15,629.28,619.12,613.65,28438142.0,451454528.0
2011-03-14,625.37,632.8,632.02,624.98,21799970.0,350756128.0
2011-03-11,632.41,636.71,627.33,626.54,23016686.0,371901344.0
2011-03-10,648.82,648.82,635.14,633.97,30849384.0,504165760.0
2011-03-09,652.73,659.38,652.34,651.95,32364768.0,542959232.0
2011-03-08,654.3,658.99,650.78,647.65,32181260.0,537368704.0
2011-03-07,655.86,663.28,654.3,646.87,49762448.0,834013056.0
2011-03-04,642.96,654.69,651.95,637.49,50539628.0,833234944.0
2011-03-03,633.19,655.47,641.01,632.41,98048936.0,1616932480.0
2011-03-02,623.42,637.1,632.41,621.86,48810708.0,786881472.0
2011-03-01,623.42,632.8,626.94,620.29,48277552.0,774219072.0
2011-02-28,617.95,624.59,622.64,610.91,30763736.0,486809440.0
2011-02-25,610.13,632.02,621.07,604.27,50926392.0,807238720.0
2011-02-24,608.96,609.35,608.17,601.92,20230780.0,313473088.0
2011-02-23,605.44,614.43,608.96,604.66,35743432.0,555794816.0
2011-02-22,624.59,624.98,604.66,604.27,34395852.0,538516416.0
2011-02-21,617.56,625.37,624.2,615.6,31654344.0,502016608.0
2011-02-18,621.47,629.28,624.59,617.56,22880240.0,363416320.0
2011-02-17,623.81,632.02,624.59,619.12,25381008.0,405836832.0
2011-02-16,617.95,623.42,620.68,614.43,18320572.0,289815296.0
2011-02-15,625.76,628.5,618.34,617.95,32109852.0,512496480.0
2011-02-14,605.44,628.89,625.37,605.05,41765668.0,661743808.0
2011-02-11,601.14,609.35,605.83,598.01,22582808.0,348149600.0
2011-02-10,596.06,604.66,603.88,594.11,13682225.0,210138992.0
2011-02-09,599.97,607.78,596.06,595.28,16650833.0,255979312.0
2011-02-01,598.79,605.44,603.49,596.45,15169758.0,233656080.0
2011-01-31,594.11,599.19,598.4,589.8,14024473.0,213770064.0
2011-01-28,598.79,600.36,594.11,588.63,18541948.0,281316480.0
2011-01-27,592.15,601.92,599.19,586.29,25551128.0,389319904.0
2011-01-26,592.15,598.01,596.45,591.37,10506028.0,160007840.0
2011-01-25,590.59,595.67,592.93,586.29,13420138.0,203198256.0
2011-01-24,592.15,594.11,588.24,584.33,15382697.0,231930928.0
2011-01-21,581.21,609.74,592.15,580.82,22997724.0,349887104.0
2011-01-20,605.05,605.05,583.16,583.16,28757900.0,435524160.0
2011-01-19,599.97,606.61,605.44,595.28,16794488.0,258415152.0
2011-01-18,601.92,603.88,599.58,596.45,15555469.0,238789232.0
2011-01-17,617.95,622.64,601.14,600.36,26616456.0,415802336.0
2011-01-14,636.71,636.71,624.98,624.59,20691456.0,332810208.0
2011-01-13,644.13,646.87,638.66,637.49,19481116.0,319664064.0
2011-01-12,634.36,641.79,641.01,629.67,27713344.0,451290816.0
2011-01-11,621.47,636.71,632.8,620.68,20820064.0,335260352.0
2011-01-10,634.36,641.01,624.59,621.47,36187212.0,584172480.0
2011-01-07,617.56,655.86,641.4,613.65,77048224.0,1263299328.0
2011-01-06,622.64,628.5,617.95,613.65,20653128.0,327148864.0
2011-01-05,624.98,630.46,622.64,621.86,23746264.0,379869056.0
2011-01-04,618.34,632.41,626.16,611.7,35884060.0,573343744.0
