date,open,high,close,low,volume,amount
2015-12-31,22.88,23.01,22.48,22.46,23325348.0,365765216.0
2015-12-30,23.13,23.13,22.85,22.61,27530818.0,433428064.0
2015-12-29,22.82,23.26,23.1,22.69,24707700.0,391279200.0
2015-12-28,24.03,24.05,22.81,22.77,50930372.0,819249792.0
2015-12-25,24.0,24.26,24.0,23.66,44548000.0,736565312.0
2015-12-24,23.69,24.2,23.98,23.14,71573080.0,1172241664.0
2015-12-23,23.17,24.43,23.55,23.17,84838880.0,1398979072.0
2015-12-22,23.21,23.62,23.26,23.05,45787256.0,734513664.0
2015-12-21,22.21,24.18,23.45,22.18,113094224.0,1820758784.0
2015-12-18,21.97,23.77,22.46,21.81,80780120.0,1267894144.0
2015-12-17,22.03,22.32,22.13,21.71,48762376.0,741798784.0
2015-12-16,21.81,22.0,21.61,21.49,28050796.0,421178656.0
2015-12-15,22.17,22.3,21.72,21.66,30553286.0,461044576.0
2015-12-14,20.97,22.46,22.29,20.91,39334144.0,590370880.0
2015-12-11,21.45,21.58,21.21,21.01,26856732.0,393005120.0
2015-12-10,21.88,22.5,21.61,21.5,38324984.0,582596992.0
2015-12-09,21.75,22.52,21.88,21.75,48120152.0,734986176.0
2015-12-08,22.04,22.16,22.1,21.3,47651824.0,713744640.0
2015-12-07,22.18,22.48,22.11,22.0,36739456.0,562023552.0
2015-12-04,22.46,22.82,22.21,22.1,63132020.0,976019200.0
2015-12-03,22.29,23.91,22.97,22.05,133549136.0,2118615680.0
2015-12-02,20.23,22.27,22.27,20.01,92418640.0,1375430912.0
2015-12-01,20.69,20.69,20.24,19.65,42807392.0,595788608.0
2015-11-30,20.69,20.97,20.72,20.0,37669208.0,533940096.0
2015-11-27,21.65,21.91,20.52,20.3,32637740.0,477085472.0
2015-11-26,22.05,22.37,21.93,21.93,36213284.0,553506560.0
2015-11-25,21.42,22.07,21.9,21.34,27927448.0,419881760.0
2015-11-24,21.65,21.69,21.52,21.16,25451332.0,375747392.0
2015-11-23,22.27,22.27,21.71,21.62,34162332.0,516758528.0
2015-11-20,22.23,22.82,22.26,22.11,42731800.0,661236288.0
2015-11-19,22.17,22.39,22.26,21.88,43288948.0,661424000.0
2015-11-18,22.24,23.42,22.13,21.59,76480224.0,1183448320.0
2015-11-17,21.93,22.91,22.11,21.93,80425512.0,1245495168.0
2015-11-16,21.21,21.95,21.74,21.13,35015504.0,522605952.0
2015-11-13,21.46,22.21,21.56,21.37,45888040.0,690218560.0
2015-11-12,22.01,22.3,21.72,21.68,46707796.0,706246976.0
2015-11-11,22.17,22.2,21.93,21.62,64304440.0,970346176.0
2015-11-10,22.34,22.95,22.37,21.9,119581992.0,1843843712.0
2015-11-09,21.37,23.01,23.01,21.37,173450384.0,2723638272.0
2015-11-06,20.3,21.13,20.93,20.17,65850028.0,939432256.0
2015-11-05,19.56,21.72,20.61,19.42,108882560.0,1557273984.0
2015-11-04,18.59,19.95,19.78,18.59,56190180.0,750708992.0
2015-11-03,18.42,18.66,18.62,18.39,21747856.0,277876256.0
2015-11-02,18.84,18.91,18.49,18.46,23553408.0,302939744.0
2015-10-30,18.64,19.08,18.84,18.53,34903000.0,454274560.0
2015-10-29,18.55,18.68,18.52,18.37,17236552.0,220557008.0
2015-10-28,18.69,18.97,18.62,18.48,23946476.0,309603136.0
2015-10-27,18.9,18.91,18.72,18.37,25049046.0,321965792.0
2015-10-26,19.2,19.46,19.05,18.9,41875600.0,553812224.0
2015-10-23,18.69,19.04,18.95,18.52,39110852.0,507991904.0
2015-10-22,18.45,18.93,18.78,18.23,46272736.0,592407744.0
2015-10-21,18.55,19.72,18.82,18.32,94052312.0,1234669952.0
2015-10-20,18.23,18.55,18.55,18.13,30092988.0,379795328.0
2015-10-19,18.23,18.64,18.37,17.88,40332036.0,509319104.0
2015-10-16,17.95,18.4,18.21,17.94,40584256.0,508514144.0
2015-10-15,17.61,17.94,17.93,17.53,26763152.0,328701920.0
2015-10-14,17.65,17.78,17.58,17.49,20753660.0,252175872.0
2015-10-13,17.75,17.82,17.72,17.53,27320236.0,333441600.0
2015-10-12,17.09,18.01,18.01,17.09,48333808.0,584744896.0
2015-10-09,16.71,17.0,16.95,16.58,25953054.0,302540448.0
2015-10-08,16.75,16.9,16.65,16.62,22171182.0,256229392.0
2015-09-30,16.24,16.53,16.29,16.14,21718964.0,244866000.0
2015-09-29,16.29,16.35,16.14,16.09,13161519.0,147299728.0
2015-09-28,16.53,16.55,16.48,16.11,17201844.0,194016032.0
2015-09-25,16.53,17.1,16.58,16.35,29127576.0,336584416.0
2015-09-24,16.66,16.71,16.59,16.49,13344016.0,152698672.0
2015-09-23,16.84,16.91,16.53,16.46,25051412.0,287823264.0
2015-09-22,16.64,17.5,17.09,16.64,40189368.0,474484864.0
2015-09-21,16.39,16.64,16.62,16.3,21344000.0,243432848.0
2015-09-18,16.74,16.84,16.52,16.38,17955600.0,205923888.0
2015-09-17,16.77,17.13,16.66,16.66,26470386.0,308924896.0
2015-09-16,16.45,17.24,16.85,16.1,29336918.0,337135200.0
2015-09-15,16.46,16.9,16.36,16.23,27271102.0,310810912.0
2015-09-14,17.17,17.35,16.75,15.93,41594240.0,479924256.0
2015-09-11,17.13,17.35,17.11,17.04,19125312.0,226771328.0
2015-09-10,17.0,17.46,17.19,17.0,27138772.0,322995744.0
2015-09-09,16.91,17.53,17.26,16.74,45310632.0,537575296.0
2015-09-08,16.32,17.17,16.88,16.32,29695812.0,344089216.0
2015-09-07,17.61,17.69,16.49,16.42,56875160.0,670662848.0
2015-09-02,17.24,18.27,17.8,16.93,103110304.0,1260386816.0
2015-09-01,17.42,18.19,18.0,16.55,131704376.0,1603847168.0
2015-08-31,16.68,18.08,18.07,16.33,119101624.0,1421644288.0
2015-08-28,16.43,16.9,16.65,16.2,93383480.0,1064159808.0
2015-08-27,14.98,16.26,16.26,14.56,76804248.0,816623360.0
2015-08-26,14.78,15.59,14.78,14.23,68406512.0,699856512.0
2015-08-25,14.81,15.85,14.22,14.22,80830832.0,826803072.0
2015-08-24,16.93,17.09,15.79,15.79,73957200.0,817713152.0
2015-08-21,17.4,18.11,17.55,17.33,51293860.0,628364288.0
2015-08-20,18.13,18.34,17.5,17.5,29820412.0,370878272.0
2015-08-19,17.8,18.42,18.36,17.26,49647440.0,608882240.0
2015-08-18,19.21,19.5,18.06,18.0,57126208.0,745687808.0
2015-08-17,19.59,19.61,19.21,19.0,44114352.0,583943232.0
2015-08-14,19.53,19.74,19.62,19.45,34387472.0,465468960.0
2015-08-13,19.27,19.58,19.49,19.21,30152468.0,403928800.0
2015-08-12,19.56,19.65,19.33,19.3,39141104.0,526435328.0
2015-08-11,20.07,20.14,19.85,19.77,47772384.0,657524800.0
2015-08-10,19.53,20.39,20.21,19.3,67382920.0,923544128.0
2015-08-07,19.32,19.66,19.53,19.29,32864884.0,442292896.0
2015-08-06,19.04,19.52,19.32,18.93,28744876.0,382929184.0
2015-08-05,19.56,19.62,19.3,19.13,31961564.0,427548000.0
2015-08-04,19.26,19.69,19.68,19.14,42498964.0,568434944.0
2015-08-03,18.78,19.34,19.34,18.68,39875336.0,522696416.0
2015-07-31,18.69,19.1,19.07,18.33,46748848.0,603573760.0
2015-07-30,19.71,19.82,18.95,18.88,44231024.0,596179840.0
2015-07-29,19.85,19.91,19.82,18.98,60066956.0,808686848.0
2015-07-28,19.4,20.33,19.85,19.13,56578684.0,770387072.0
2015-07-27,21.74,21.95,19.81,19.81,77291208.0,1116587392.0
2015-07-24,22.43,22.88,22.01,21.88,65559152.0,1015416896.0
2015-07-23,21.75,22.58,22.5,21.75,70739256.0,1091401728.0
2015-07-22,21.9,22.13,21.79,21.75,42424680.0,641314432.0
2015-07-21,22.07,22.33,22.05,21.77,52777628.0,801713920.0
2015-07-20,22.79,22.82,22.21,22.11,64487232.0,995850176.0
2015-07-17,22.45,23.03,22.78,22.18,63558984.0,989984512.0
2015-07-16,22.87,23.03,22.3,22.1,61432804.0,953906176.0
2015-07-15,23.91,24.55,22.87,22.65,88784224.0,1442510208.0
2015-07-14,24.89,24.99,24.44,23.72,80810464.0,1675458432.0
2015-07-13,24.29,25.29,25.17,23.54,120640672.0,2503425792.0
2015-07-10,22.86,25.66,24.79,22.62,122776760.0,2569289216.0
2015-07-09,21.42,23.51,23.41,20.19,104966048.0,1990322176.0
2015-07-08,19.93,23.67,21.42,19.59,224229488.0,3994994176.0
2015-07-07,21.24,22.29,21.77,19.82,132443488.0,2396337152.0
2015-07-06,22.72,22.72,21.96,20.65,99105360.0,1813180672.0
2015-07-03,22.4,22.98,20.65,20.55,99448824.0,1822585216.0
2015-07-02,24.12,24.66,22.84,21.86,100743352.0,2014006016.0
2015-07-01,24.42,25.45,24.05,23.83,118818720.0,2479256064.0
2015-06-30,23.33,24.99,24.95,22.79,138141328.0,2802708224.0
2015-06-29,22.88,23.59,22.88,20.82,122976048.0,2364361728.0
2015-06-26,22.42,24.25,22.05,21.36,111211624.0,2153594112.0
2015-06-25,24.77,25.36,23.68,23.36,131967248.0,2753502720.0
2015-06-24,23.14,23.66,23.65,22.59,75701432.0,1482398208.0
2015-06-23,22.71,23.04,22.99,21.64,65263464.0,1247652608.0
2015-06-19,23.87,24.39,22.41,22.18,58760504.0,1170993024.0
2015-06-18,24.99,25.05,24.17,24.17,59281328.0,1234225408.0
2015-06-17,25.36,25.48,25.21,24.65,59036388.0,1258309248.0
2015-06-16,25.01,25.67,24.83,24.62,60016952.0,1279600384.0
2015-06-15,26.39,26.66,25.25,25.12,83284256.0,1836100352.0
2015-06-12,26.17,26.49,26.41,25.84,68778440.0,1527185920.0
2015-06-11,26.83,26.88,26.16,25.9,76224112.0,1690811008.0
2015-06-10,26.79,27.2,26.82,26.53,77556032.0,1761337856.0
2015-06-09,28.07,28.76,27.35,26.95,118904064.0,2798504192.0
2015-06-08,26.03,28.38,28.17,25.48,172573552.0,4000732160.0
2015-06-05,26.75,26.99,25.91,25.31,129994656.0,2867888128.0
2015-06-04,24.77,27.04,26.17,23.57,171788992.0,3754608640.0
2015-06-03,23.68,25.5,24.99,23.36,158651024.0,3287804672.0
2015-06-02,23.43,23.86,23.78,23.12,87115216.0,1734130176.0
2015-06-01,22.41,23.53,23.51,21.94,96030120.0,1865942272.0
2015-05-29,22.77,23.04,22.28,21.35,89108736.0,1693111296.0
2015-05-28,23.14,24.89,22.53,22.49,163251040.0,3277271040.0
2015-05-27,23.43,23.53,23.17,22.99,75411904.0,1485077504.0
2015-05-26,23.64,23.82,23.41,22.98,90089984.0,1777453312.0
2015-05-25,23.15,23.54,23.36,22.94,102433200.0,2019343744.0
2015-05-22,22.41,22.94,22.82,22.19,94187536.0,1812998272.0
2015-05-21,22.02,22.22,22.15,21.76,50541368.0,942406912.0
2015-05-20,22.06,22.4,22.03,21.59,79856936.0,1490206976.0
2015-05-19,21.27,22.34,22.02,21.25,63447520.0,1176446720.0
2015-05-18,21.23,21.52,21.2,21.07,42416956.0,765431424.0
2015-05-15,22.33,22.38,21.59,21.44,57322852.0,1060832384.0
2015-05-14,22.6,22.84,22.55,22.2,68471472.0,1308011008.0
2015-05-13,22.78,22.94,22.36,22.0,69106224.0,1319541760.0
2015-05-12,22.18,22.59,22.34,21.79,71728544.0,1351620864.0
2015-05-11,21.44,22.27,22.18,21.12,68521208.0,1263276160.0
2015-05-08,21.69,21.8,21.47,20.94,54605568.0,989131200.0
2015-05-07,21.27,21.54,21.36,21.07,46206580.0,837098688.0
2015-05-06,21.64,22.52,21.24,20.72,69369056.0,1283319552.0
2015-05-05,22.62,23.06,21.62,21.5,73432304.0,1394708864.0
2015-05-04,22.85,22.85,22.62,22.25,53723984.0,1025291584.0
2015-04-30,23.54,23.82,22.89,22.86,72251552.0,1426132992.0
2015-04-29,23.53,23.79,23.47,22.99,89452328.0,1770552192.0
2015-04-28,23.01,25.39,24.09,22.92,194072640.0,3980757248.0
2015-04-27,22.36,23.24,23.12,22.35,92154400.0,1786185856.0
2015-04-24,22.41,22.66,22.2,22.07,68175520.0,1293174912.0
2015-04-23,23.31,23.36,22.82,22.73,77856896.0,1517382272.0
2015-04-22,22.95,23.43,23.28,22.72,92716216.0,1808995456.0
2015-04-21,22.41,22.96,22.86,22.13,79724632.0,1523709184.0
2015-04-20,23.86,24.06,22.49,22.41,127297952.0,2520584192.0
2015-04-17,23.14,23.87,23.36,22.84,116843272.0,2310927872.0
2015-04-16,22.36,23.08,23.04,22.19,73935072.0,1421083648.0
2015-04-15,22.88,23.41,22.88,22.46,102256560.0,2000530944.0
2015-04-14,23.47,23.47,22.94,22.66,88203792.0,1717932544.0
2015-04-13,24.06,24.24,23.63,23.37,112310000.0,2256418816.0
2015-04-10,22.79,23.96,23.57,22.54,120523088.0,2368787200.0
2015-04-09,23.0,24.17,22.93,22.66,171649072.0,3393623552.0
2015-04-08,21.87,23.11,23.11,21.33,173493664.0,3242135552.0
2015-04-07,22.05,22.19,21.88,21.48,133332808.0,2469442048.0
2015-04-03,20.94,21.43,21.43,20.89,101817904.0,1830984576.0
2015-04-02,21.33,21.34,21.07,20.82,68861624.0,1228916224.0
2015-04-01,20.93,21.34,21.11,20.76,89836928.0,1601653760.0
2015-03-31,21.82,22.32,21.05,20.88,122659568.0,2249595392.0
2015-03-30,21.2,22.18,21.53,20.77,132821184.0,2421158912.0
2015-03-27,21.11,21.33,21.02,20.65,91789096.0,1631441664.0
2015-03-26,20.35,22.03,21.43,20.34,166605920.0,3021880576.0
2015-03-25,20.76,20.91,20.43,20.31,91673456.0,1599821952.0
2015-03-24,21.14,21.57,21.02,20.68,100943448.0,1809814784.0
2015-03-23,21.14,21.64,21.28,20.89,115880944.0,2086204416.0
2015-03-20,20.9,22.16,21.23,20.82,152997184.0,2776164608.0
2015-03-19,21.35,21.64,21.1,20.77,107053032.0,1918391808.0
2015-03-18,21.64,22.19,21.68,21.3,118284312.0,2169761536.0
2015-03-17,20.8,21.84,21.84,20.58,160560000.0,2870127104.0
2015-03-16,20.93,21.27,20.96,20.32,160973584.0,2831575040.0
2015-03-13,20.29,22.01,20.74,20.18,228836944.0,4057165056.0
2015-03-12,19.36,20.76,20.52,19.3,267142304.0,4592757248.0
2015-03-11,18.45,19.11,18.87,18.42,125012840.0,1987246720.0
2015-03-10,18.55,19.06,18.64,18.18,192061120.0,3029468672.0
2015-03-09,16.88,18.36,18.36,16.75,121353488.0,1825746688.0
2015-03-06,16.47,16.84,16.69,16.45,32896132.0,466097984.0
2015-03-05,16.71,16.71,16.45,16.35,36009272.0,503158976.0
2015-03-04,16.87,16.91,16.76,16.61,26987008.0,382797792.0
2015-03-03,17.35,17.36,16.81,16.77,46150872.0,666324608.0
2015-03-02,17.46,17.6,17.47,17.28,52035344.0,768442624.0
2015-02-27,17.5,17.66,17.34,17.27,43471416.0,642706624.0
2015-02-26,16.75,17.55,17.53,16.69,57629496.0,838345984.0
2015-02-25,17.25,17.27,16.75,16.75,34310544.0,493191488.0
2015-02-17,17.0,17.5,17.3,16.96,44355736.0,651038144.0
2015-02-16,16.79,17.19,17.0,16.69,34895920.0,499682016.0
2015-02-13,16.93,17.17,16.79,16.7,53648428.0,769851520.0
2015-02-12,16.62,16.87,16.81,16.42,34290552.0,485027424.0
2015-02-11,16.58,16.67,16.55,16.38,28471572.0,398489120.0
2015-02-10,16.16,16.61,16.61,16.07,41517792.0,577765952.0
2015-02-09,15.98,16.48,16.17,15.78,39027824.0,533547360.0
2015-02-06,16.48,16.69,16.09,16.02,58740444.0,813026240.0
2015-02-05,17.33,17.78,16.74,16.66,141557408.0,2076943488.0
2015-02-04,16.45,16.58,16.16,16.15,24793836.0,344938048.0
2015-02-03,16.22,16.49,16.44,16.04,26471004.0,364740416.0
2015-02-02,16.04,16.31,16.05,15.95,21572796.0,294381728.0
2015-01-30,16.5,16.62,16.38,16.34,24248968.0,338714784.0
2015-01-29,16.28,16.51,16.38,16.2,24900368.0,345925888.0
2015-01-28,16.52,16.86,16.52,16.42,34658192.0,487293696.0
2015-01-27,17.26,17.28,16.8,16.47,39670044.0,565664384.0
2015-01-26,17.08,17.16,17.16,16.8,31463238.0,451968160.0
2015-01-23,17.02,17.52,17.07,16.98,52843516.0,772016384.0
2015-01-22,16.93,17.07,16.94,16.7,34501400.0,494830464.0
2015-01-21,16.11,17.19,17.07,16.08,57349100.0,808577920.0
2015-01-20,16.04,16.25,16.07,15.81,48500272.0,660542720.0
2015-01-19,16.4,16.68,15.76,15.75,87166024.0,1189319808.0
2015-01-16,17.46,17.75,17.49,17.34,75494768.0,1124801152.0
2015-01-15,16.94,17.49,17.49,16.57,53913448.0,779473792.0
2015-01-14,16.91,17.28,16.94,16.77,36826188.0,531545440.0
2015-01-13,16.86,17.1,16.81,16.75,34013564.0,487130368.0
2015-01-12,17.33,17.4,17.04,16.76,53435816.0,774310912.0
2015-01-09,17.13,18.5,17.53,17.11,82249008.0,1236811520.0
2015-01-08,17.99,18.06,17.3,17.25,52293572.0,776662464.0
2015-01-07,17.93,18.33,17.99,17.69,54608024.0,833192640.0
2015-01-06,18.21,18.86,18.16,17.91,79178168.0,1228423296.0
2015-01-05,18.59,18.84,18.53,17.99,99763936.0,1566657536.0
2014-12-31,18.14,18.6,18.55,17.8,89678536.0,1393601664.0
2014-12-30,17.87,18.46,18.16,17.55,75695352.0,1165629952.0
2014-12-29,18.58,19.1,17.8,17.57,105926272.0,1653305472.0
2014-12-26,17.34,18.21,18.11,17.23,86442752.0,1303586304.0
2014-12-25,16.87,17.8,17.52,16.68,85393416.0,1251522560.0
2014-12-24,17.43,17.55,16.54,16.14,75777336.0,1074146816.0
2014-12-23,17.93,18.22,17.36,17.06,78280544.0,1171937408.0
2014-12-22,17.94,19.45,18.34,17.88,134225872.0,2134321024.0
2014-12-19,17.38,18.25,18.05,17.27,100329120.0,1519286400.0
2014-12-18,18.28,18.55,17.56,17.25,147399008.0,2234379008.0
2014-12-17,16.69,18.24,18.24,16.51,187566048.0,2816070656.0
2014-12-16,15.68,16.57,16.57,15.63,75965328.0,1042254336.0
2014-12-15,15.85,15.9,15.76,15.33,45809804.0,607349120.0
2014-12-12,15.96,16.44,16.07,15.78,55828648.0,762302464.0
2014-12-11,15.69,16.23,15.84,15.55,72309056.0,978810496.0
2014-12-10,15.33,16.01,15.84,14.63,88391472.0,1152106112.0
2014-12-09,16.87,17.4,15.43,15.43,115933224.0,1636196736.0
2014-12-08,16.81,17.56,17.14,16.4,114455152.0,1649156992.0
2014-12-05,16.86,17.81,17.17,16.28,152889936.0,2207988480.0
2014-12-04,15.97,16.9,16.84,15.81,125765992.0,1749826432.0
2014-12-03,16.28,16.82,16.05,15.79,120457848.0,1672294912.0
2014-12-02,15.47,16.84,16.44,15.35,107689536.0,1473200640.0
2014-12-01,15.98,16.9,15.58,15.55,136227744.0,1862379136.0
2014-11-28,14.51,16.05,16.05,14.33,127251968.0,1653096832.0
2014-11-27,14.58,14.83,14.59,14.33,87611816.0,1082886272.0
2014-11-26,13.84,14.71,14.39,13.68,103941040.0,1251017728.0
2014-11-25,13.61,13.87,13.8,13.36,51620044.0,595440896.0
2014-11-24,13.12,13.95,13.65,13.02,86329248.0,988484928.0
2014-11-21,12.95,13.36,13.33,12.8,43106504.0,479767040.0
2014-11-20,12.79,13.03,12.94,12.79,22373538.0,245256656.0
2014-11-19,12.87,13.09,12.89,12.68,31988036.0,348163264.0
2014-11-18,13.16,13.16,12.9,12.86,26689276.0,294097824.0
2014-11-17,13.33,13.42,13.2,13.07,19891054.0,222985600.0
2014-11-14,13.47,13.47,13.29,13.05,29548304.0,331418976.0
2014-11-13,13.77,13.97,13.49,13.47,35193108.0,409049856.0
2014-11-12,13.56,13.69,13.69,13.41,34926424.0,401112480.0
2014-11-11,13.61,14.48,13.77,13.44,92513544.0,1098598016.0
2014-11-10,13.51,13.86,13.8,13.15,62711420.0,718704128.0
2014-11-07,13.11,14.08,13.38,13.09,106589008.0,1222661120.0
2014-11-06,13.21,13.25,13.19,13.02,20606172.0,229716240.0
2014-11-05,13.34,13.34,13.16,13.01,36364872.0,405614912.0
2014-11-04,13.35,13.48,13.27,13.08,50733764.0,570671488.0
2014-11-03,13.45,13.59,13.41,13.23,59136668.0,671002560.0
2014-10-31,12.48,13.73,13.55,12.43,127227672.0,1427696512.0
2014-10-30,12.01,12.59,12.48,11.97,60255704.0,626691200.0
2014-10-29,11.83,12.2,12.07,11.71,37200824.0,376782816.0
2014-10-28,11.7,11.84,11.83,11.64,14362233.0,142879504.0
2014-10-27,11.9,11.9,11.62,11.57,16982264.0,168507184.0
2014-10-24,11.93,12.01,11.95,11.88,15789174.0,159999904.0
2014-10-23,11.87,12.03,11.91,11.83,20782068.0,210345552.0
2014-10-22,11.75,12.09,11.88,11.72,23475024.0,237233408.0
2014-10-21,11.87,11.89,11.76,11.76,10345253.0,103605320.0
2014-10-20,11.89,11.94,11.9,11.76,14851988.0,149245792.0
2014-10-17,11.98,12.09,11.84,11.69,21335660.0,215080528.0
2014-10-16,11.77,12.37,11.98,11.74,41138440.0,423006464.0
2014-10-15,11.78,11.88,11.87,11.69,13887236.0,139056896.0
2014-10-14,11.72,11.83,11.79,11.68,12836561.0,127979936.0
2014-10-13,11.85,11.85,11.74,11.67,15049780.0,149592000.0
2014-10-10,11.89,11.96,11.89,11.84,13020105.0,131254936.0
2014-10-09,12.19,12.21,11.95,11.85,23798860.0,241781376.0
2014-10-08,12.14,12.19,12.16,12.01,16661840.0,171142480.0
2014-09-30,12.0,12.2,12.13,11.89,22954488.0,234589680.0
2014-09-29,11.77,12.09,12.05,11.76,33296388.0,336976448.0
2014-09-26,11.62,11.83,11.72,11.61,15784681.0,157125200.0
2014-09-25,11.75,11.82,11.64,11.61,19044510.0,189240784.0
2014-09-24,11.55,11.76,11.72,11.48,21218940.0,209296368.0
2014-09-23,11.5,11.56,11.54,11.46,9682293.0,94506216.0
2014-09-22,11.71,11.71,11.48,11.48,14125203.0,138448512.0
2014-09-19,11.65,11.75,11.74,11.61,16529646.0,163791968.0
2014-09-18,11.5,11.85,11.7,11.46,25785364.0,255951968.0
2014-09-17,11.54,11.58,11.54,11.46,12056154.0,117720920.0
2014-09-16,11.56,11.74,11.52,11.5,19752124.0,194235232.0
2014-09-15,11.62,11.64,11.58,11.49,14336843.0,140349120.0
2014-09-12,11.63,11.63,11.62,11.44,12665322.0,123914168.0
2014-09-11,11.56,11.78,11.63,11.54,18073692.0,178822000.0
2014-09-10,11.57,11.62,11.57,11.55,11622993.0,114063664.0
2014-09-09,11.68,11.69,11.61,11.57,13391754.0,132059248.0
2014-09-05,11.56,11.65,11.65,11.54,17963096.0,176609440.0
2014-09-04,11.5,11.57,11.56,11.42,11893558.0,116043144.0
2014-09-03,11.49,11.65,11.51,11.46,18036244.0,176631504.0
2014-09-02,11.3,11.49,11.46,11.22,18016432.0,173454656.0
2014-09-01,11.18,11.28,11.25,11.12,11011428.0,104697096.0
2014-08-29,11.12,11.18,11.17,11.08,8793852.0,82926912.0
2014-08-28,11.25,11.27,11.1,11.08,11986281.0,113342240.0
2014-08-27,11.32,11.36,11.28,11.23,8444426.0,80903568.0
2014-08-26,11.34,11.48,11.36,11.3,10313008.0,99504472.0
2014-08-25,11.45,11.48,11.41,11.3,8792166.0,84796544.0
2014-08-22,11.35,11.44,11.44,11.3,8944269.0,86250904.0
2014-08-21,11.48,11.51,11.34,11.24,13893207.0,133688000.0
2014-08-20,11.48,11.54,11.51,11.44,10537460.0,102612224.0
2014-08-19,11.49,11.51,11.46,11.42,11032132.0,107139840.0
2014-08-18,11.45,11.52,11.48,11.42,11801127.0,114607272.0
2014-08-15,11.34,11.48,11.42,11.31,10867239.0,105031648.0
2014-08-14,11.45,11.46,11.31,11.3,9751769.0,94247384.0
2014-08-13,11.51,11.61,11.45,11.36,12637920.0,122608816.0
2014-08-12,11.57,11.58,11.51,11.46,8788477.0,85693024.0
2014-08-11,11.44,11.64,11.62,11.44,11220060.0,110224872.0
2014-08-08,11.37,11.48,11.41,11.35,10520996.0,101764584.0
2014-08-07,11.68,11.74,11.38,11.38,14926555.0,146019776.0
2014-08-06,11.62,11.7,11.64,11.51,11582600.0,114041888.0
2014-08-05,11.83,11.85,11.72,11.61,14500367.0,143973696.0
2014-08-04,11.67,11.87,11.83,11.62,16768319.0,167024992.0
2014-08-01,11.81,11.98,11.68,11.68,21533780.0,215795664.0
2014-07-31,11.51,11.85,11.85,11.49,21895552.0,217324640.0
2014-07-30,11.65,11.81,11.56,11.42,21631900.0,212993952.0
2014-07-29,11.67,12.01,11.72,11.5,41074232.0,409748032.0
2014-07-28,10.96,11.79,11.58,10.96,52622440.0,512304384.0
2014-07-25,10.91,10.91,10.84,10.76,24990326.0,229170176.0
2014-07-24,10.39,10.72,10.64,10.39,26363780.0,236685936.0
2014-07-23,10.38,10.44,10.4,10.37,11626538.0,102490608.0
2014-07-22,10.29,10.43,10.4,10.29,15157415.0,133233168.0
2014-07-21,10.4,10.4,10.33,10.32,8552274.0,74997656.0
2014-07-18,10.36,10.44,10.4,10.35,9078344.0,80070664.0
2014-07-17,10.39,10.4,10.39,10.36,7820708.0,68768112.0
2014-07-16,10.41,10.43,10.4,10.37,11104006.0,97933312.0
2014-07-15,10.35,10.43,10.43,10.35,13028116.0,114693488.0
2014-07-14,10.26,10.37,10.37,10.23,8879442.0,77554496.0
2014-07-11,10.27,10.33,10.26,10.21,15049060.0,130967640.0
2014-07-10,10.23,10.3,10.26,10.23,7866434.0,71599368.0
2014-07-09,10.35,10.35,10.24,10.24,8114232.0,74116368.0
2014-07-08,10.36,10.36,10.36,10.31,5710890.0,52382192.0
2014-07-07,10.34,10.36,10.35,10.32,6450879.0,59168620.0
2014-07-04,10.34,10.39,10.33,10.31,5557610.0,50937336.0
2014-07-03,10.33,10.36,10.36,10.31,7851988.0,71987168.0
2014-07-02,10.32,10.35,10.34,10.29,5473852.0,50097120.0
2014-07-01,10.36,10.36,10.32,10.29,7251620.0,66302156.0
2014-06-30,10.32,10.38,10.38,10.3,9450165.0,86546992.0
2014-06-27,10.29,10.32,10.32,10.25,7047169.0,64345528.0
2014-06-26,10.24,10.3,10.29,10.22,7047939.0,64192084.0
2014-06-25,10.27,10.27,10.24,10.19,4524027.0,41024708.0
2014-06-24,10.24,10.29,10.29,10.22,5156880.0,46893820.0
2014-06-23,10.23,10.29,10.25,10.19,6505410.0,59062268.0
2014-06-20,10.15,10.22,10.22,10.14,5889257.0,53156872.0
2014-06-19,10.24,10.27,10.17,10.13,7975923.0,72183136.0
2014-06-18,10.3,10.33,10.24,10.23,9966081.0,90804264.0
2014-06-17,10.36,10.36,10.3,10.3,10451789.0,95742328.0
2014-06-16,10.34,10.45,10.42,10.26,16094253.0,147901120.0
2014-06-13,10.26,10.46,10.36,10.23,16310788.0,149711184.0
2014-06-12,10.25,10.27,10.27,10.23,6924527.0,62958308.0
2014-06-11,10.19,10.29,10.27,10.18,9749791.0,88496080.0
2014-06-10,10.18,10.22,10.22,10.12,7360165.0,66445032.0
2014-06-09,10.09,10.22,10.12,10.07,5682103.0,51070284.0
2014-06-06,10.16,10.17,10.14,10.05,5225170.0,46839900.0
2014-06-05,10.05,10.19,10.18,10.04,4805414.0,43092096.0
2014-06-04,10.17,10.18,10.05,10.01,8245974.0,73675368.0
2014-06-03,10.22,10.28,10.18,10.18,4480577.0,40625320.0
2014-05-30,10.19,10.26,10.22,10.17,5222411.0,47302044.0
2014-05-29,10.29,10.32,10.23,10.23,5730172.0,52202836.0
2014-05-28,10.22,10.31,10.29,10.18,6188202.0,56250252.0
2014-05-27,10.27,10.29,10.23,10.22,4494386.0,40875916.0
2014-05-26,10.29,10.31,10.26,10.22,5660911.0,51487296.0
2014-05-23,10.18,10.25,10.24,10.16,4153841.0,37568332.0
2014-05-22,10.22,10.33,10.18,10.16,7380152.0,67071556.0
2014-05-21,10.12,10.24,10.22,10.09,5239117.0,47266332.0
2014-05-20,10.18,10.21,10.12,10.08,5205701.0,46823744.0
2014-05-19,10.21,10.23,10.12,10.09,5691664.0,51152328.0
2014-05-16,10.21,10.3,10.24,10.18,6241880.0,56687484.0
2014-05-15,10.31,10.33,10.23,10.21,6902312.0,62923292.0
2014-05-14,10.3,10.4,10.31,10.26,7153991.0,65473468.0
2014-05-13,10.38,10.38,10.29,10.23,10857224.0,99079792.0
2014-05-12,10.32,10.46,10.39,10.23,18365416.0,168642624.0
2014-05-09,10.21,10.29,10.26,10.16,11094309.0,100734064.0
2014-05-08,10.1,10.3,10.16,10.08,9450093.0,85644728.0
2014-05-07,10.15,10.22,10.12,10.07,7173857.0,64570060.0
2014-05-06,10.09,10.23,10.17,10.07,7782861.0,70100168.0
2014-05-05,10.12,10.14,10.14,9.96,8353312.0,74327016.0
2014-04-30,10.21,10.24,10.13,10.12,6328300.0,57124564.0
2014-04-29,10.06,10.17,10.17,10.03,6015855.0,53963496.0
2014-04-28,10.13,10.21,10.07,10.0,10728770.0,96029680.0
2014-04-25,10.24,10.38,10.22,10.16,10463078.0,95242728.0
2014-04-24,10.12,10.25,10.22,10.1,10784900.0,97571408.0
2014-04-23,10.12,10.22,10.12,10.09,6579667.0,59220324.0
2014-04-22,9.98,10.17,10.16,9.97,10215875.0,91437768.0
2014-04-21,10.1,10.18,9.98,9.97,9095921.0,81276176.0
2014-04-18,10.15,10.21,10.12,10.04,5677229.0,50978648.0
2014-04-17,10.18,10.21,10.15,10.1,4938334.0,44425000.0
2014-04-16,10.08,10.21,10.14,10.06,5821014.0,52316044.0
2014-04-15,10.24,10.24,10.08,10.06,8923124.0,80191888.0
2014-04-14,10.34,10.39,10.24,10.18,9093995.0,82736968.0
2014-04-11,10.3,10.41,10.34,10.24,12525328.0,114731280.0
2014-04-10,10.26,10.45,10.33,10.19,18149128.0,165929488.0
2014-04-09,10.27,10.32,10.24,10.19,10625822.0,96493152.0
2014-04-08,9.95,10.39,10.31,9.95,28170460.0,255283040.0
2014-04-04,9.96,10.06,9.99,9.9,5776998.0,51118124.0
2014-04-03,10.14,10.16,9.98,9.94,11525135.0,102628224.0
2014-04-02,10.04,10.17,10.13,10.0,11249557.0,100718784.0
2014-04-01,9.96,10.08,10.05,9.96,7927580.0,70503776.0
2014-03-31,9.98,10.03,9.99,9.9,7938112.0,70185056.0
2014-03-28,9.92,10.07,9.97,9.87,10153594.0,89887696.0
2014-03-27,9.92,10.13,9.94,9.8,16140126.0,142462240.0
2014-03-26,10.0,10.04,9.92,9.89,8237425.0,72623816.0
2014-03-25,9.98,10.06,9.97,9.92,8710876.0,77144064.0
2014-03-24,10.05,10.1,10.0,9.96,15730819.0,139910880.0
2014-03-21,9.71,10.12,10.04,9.66,21571022.0,190061840.0
2014-03-20,9.76,9.88,9.71,9.71,8063301.0,70004552.0
2014-03-19,9.79,9.83,9.78,9.68,8653965.0,74603312.0
2014-03-18,9.92,9.95,9.81,9.8,8624095.0,75443608.0
2014-03-17,9.91,9.94,9.91,9.85,5649991.0,49562124.0
2014-03-14,9.86,9.92,9.86,9.76,8656034.0,75391760.0
2014-03-13,9.87,10.03,9.94,9.85,15939307.0,140562752.0
2014-03-12,9.62,9.86,9.79,9.6,16089274.0,139120176.0
2014-03-11,9.57,9.68,9.59,9.49,7077749.0,60193548.0
2014-03-10,9.76,9.81,9.57,9.56,12604140.0,108098280.0
2014-03-07,9.92,10.01,9.81,9.76,9436487.0,82901672.0
2014-03-06,9.89,9.99,9.97,9.71,14017933.0,122411600.0
2014-03-05,10.05,10.08,9.9,9.88,5987528.0,52921484.0
2014-03-04,10.04,10.08,10.04,9.91,7930252.0,70199224.0
2014-03-03,9.96,10.13,10.04,9.92,15444524.0,137825344.0
2014-02-28,9.87,10.0,9.97,9.79,11346415.0,99795472.0
2014-02-27,9.83,10.08,9.91,9.77,15275440.0,134638512.0
2014-02-26,9.7,9.89,9.83,9.69,10157103.0,88133848.0
2014-02-25,9.91,9.98,9.77,9.77,12499276.0,109486656.0
2014-02-24,10.09,10.09,9.89,9.78,17556476.0,154263552.0
2014-02-21,10.38,10.43,10.15,10.13,19509252.0,176930016.0
2014-02-20,10.66,10.83,10.42,10.35,31634790.0,296684928.0
2014-02-19,10.13,10.96,10.78,10.12,51033088.0,481328832.0
2014-02-18,10.31,10.31,10.12,10.09,12676754.0,114386856.0
2014-02-17,10.38,10.41,10.3,10.26,13255363.0,121128024.0
2014-02-14,10.38,10.42,10.34,10.3,12122104.0,111110712.0
2014-02-13,10.29,10.54,10.42,10.21,25607508.0,236382640.0
2014-02-12,10.22,10.43,10.31,10.21,12516106.0,114276496.0
2014-02-11,10.1,10.57,10.27,10.06,23376288.0,214122432.0
2014-02-10,9.95,10.14,10.13,9.95,11763362.0,105125952.0
2014-02-07,9.91,10.01,10.01,9.82,8037180.0,70592808.0
2014-01-30,10.04,10.06,9.96,9.94,3673275.0,32492246.0
2014-01-29,10.04,10.09,10.05,10.01,4195848.0,37419128.0
2014-01-28,10.03,10.06,10.03,9.95,5307159.0,47102328.0
2014-01-27,9.92,10.03,9.96,9.89,5993530.0,52961624.0
2014-01-24,9.91,10.05,9.97,9.87,7856302.0,69425520.0
2014-01-23,9.96,9.98,9.92,9.89,6545987.0,57676700.0
2014-01-22,9.77,9.99,9.96,9.77,9230376.0,81104968.0
2014-01-21,9.66,9.86,9.76,9.65,5684958.0,49263716.0
2014-01-20,9.68,9.72,9.68,9.62,5515755.0,47381560.0
2014-01-17,9.83,9.86,9.73,9.69,9472669.0,81851016.0
2014-01-16,9.87,9.94,9.88,9.79,7501595.0,65580252.0
2014-01-15,10.01,10.01,9.86,9.8,8464095.0,74094160.0
2014-01-14,10.08,10.14,10.0,9.79,11609318.0,102337136.0
2014-01-10,10.25,10.27,10.24,10.14,6844979.0,62004028.0
2014-01-09,10.29,10.38,10.27,10.25,8525104.0,77976104.0
2014-01-08,10.26,10.35,10.34,10.21,9327289.0,85164696.0
2014-01-07,10.23,10.31,10.24,10.18,7474165.0,67903944.0
2014-01-06,10.23,10.34,10.34,10.09,15556509.0,141017264.0
2014-01-03,10.29,10.31,10.21,10.15,8840144.0,79980384.0
2014-01-02,10.36,10.36,10.3,10.25,8938309.0,81605672.0
2013-12-31,10.25,10.52,10.41,10.22,15103994.0,139050672.0
2013-12-30,10.38,10.41,10.26,10.18,9651599.0,87970360.0
2013-12-27,10.09,10.35,10.29,10.07,8180819.0,74312016.0
2013-12-26,10.33,10.39,10.06,10.04,14809401.0,133201064.0
2013-12-25,10.43,10.46,10.38,10.3,7099208.0,65214356.0
2013-12-24,10.39,10.5,10.42,10.33,5730668.0,52934616.0
2013-12-23,10.31,10.48,10.39,10.27,9424291.0,86647496.0
2013-12-20,10.54,10.58,10.39,10.35,12269003.0,113500416.0
2013-12-19,10.7,10.75,10.55,10.49,12799270.0,120080160.0
2013-12-18,10.78,10.88,10.68,10.59,14694510.0,139899904.0
2013-12-17,10.67,10.76,10.75,10.57,17389374.0,165230176.0
2013-12-16,10.6,10.79,10.63,10.58,18270320.0,172969424.0
2013-12-13,10.43,10.6,10.57,10.41,9564972.0,89284208.0
2013-12-12,10.54,10.6,10.51,10.48,13950535.0,130211904.0
2013-12-11,10.69,10.7,10.54,10.5,15564815.0,146053648.0
2013-12-10,10.64,10.79,10.7,10.64,14830301.0,140915328.0
2013-12-09,10.62,10.72,10.62,10.58,11357509.0,107002768.0
2013-12-06,10.74,10.74,10.62,10.58,13469160.0,126967912.0
2013-12-05,10.7,10.79,10.74,10.62,18250700.0,173256304.0
2013-12-04,10.66,10.77,10.66,10.55,24092792.0,228583088.0
2013-12-03,10.58,10.62,10.6,10.43,18698828.0,174796640.0
2013-12-02,10.32,10.69,10.59,10.3,41747584.0,390297696.0
2013-11-29,10.46,10.51,10.36,10.33,12070669.0,111288616.0
2013-11-28,10.38,10.5,10.4,10.34,17298848.0,159967744.0
2013-11-27,10.26,10.44,10.38,10.17,18047320.0,165333584.0
2013-11-26,10.22,10.4,10.29,10.21,16469718.0,150718064.0
2013-11-25,10.1,10.38,10.23,10.07,17335352.0,157920224.0
2013-11-22,10.22,10.29,10.15,10.13,9681755.0,87587760.0
2013-11-21,10.25,10.25,10.19,10.04,15631087.0,140445968.0
2013-11-20,10.32,10.35,10.27,10.18,10219103.0,92938240.0
2013-11-19,10.35,10.36,10.21,10.18,17069888.0,155265344.0
2013-11-18,10.0,10.4,10.38,9.95,23108508.0,208628960.0
2013-11-15,9.83,10.12,9.98,9.82,16216523.0,143769088.0
2013-11-14,9.88,9.89,9.82,9.73,11684435.0,101611640.0
2013-11-13,10.21,10.23,9.85,9.79,21604564.0,191436752.0
2013-11-12,10.21,10.33,10.29,10.16,13501047.0,122904552.0
2013-11-11,10.15,10.22,10.15,10.09,7713742.0,69460624.0
2013-11-08,10.22,10.3,10.15,10.13,10642023.0,96242384.0
2013-11-07,10.15,10.27,10.25,10.13,11784159.0,106724568.0
2013-11-06,10.27,10.3,10.14,10.14,12901198.0,116784832.0
2013-11-05,10.3,10.36,10.35,10.08,17922028.0,162169696.0
2013-11-04,10.44,10.52,10.34,10.32,14460660.0,133371152.0
2013-11-01,10.38,10.52,10.44,10.27,17534712.0,161549696.0
2013-10-31,10.77,10.77,10.38,10.35,32100500.0,298873152.0
2013-10-30,10.84,10.92,10.83,10.63,31598428.0,301499968.0
2013-10-29,10.69,11.15,10.83,10.49,64775892.0,623343744.0
2013-10-28,10.51,10.76,10.69,10.38,32044014.0,301043360.0
2013-10-25,10.28,10.66,10.48,10.28,33461456.0,310696960.0
2013-10-24,10.24,10.44,10.27,10.1,18626078.0,170049568.0
2013-10-23,10.15,10.53,10.24,10.12,25641836.0,234998544.0
2013-10-22,10.17,10.24,10.12,10.09,10217001.0,92042432.0
2013-10-21,10.1,10.23,10.22,10.03,13088611.0,117794480.0
2013-10-18,10.0,10.19,10.09,9.96,11483707.0,102756056.0
2013-10-17,10.03,10.1,9.96,9.95,9286260.0,82550080.0
2013-10-16,10.1,10.13,10.0,9.96,12053475.0,107138056.0
2013-10-15,10.23,10.25,10.12,10.05,16119309.0,144905120.0
2013-10-14,10.26,10.28,10.22,10.19,16441848.0,149045728.0
2013-10-11,10.21,10.33,10.31,10.17,30199596.0,274859840.0
2013-10-10,10.24,10.27,10.05,10.03,14490159.0,130353016.0
2013-10-09,10.08,10.35,10.24,10.07,16658198.0,151287056.0
2013-10-08,9.98,10.19,10.14,9.88,12431774.0,111072784.0
2013-09-30,9.98,10.03,9.99,9.95,10184299.0,90217816.0
2013-09-27,9.88,9.99,9.95,9.86,12102953.0,106586632.0
2013-09-26,10.09,10.1,9.86,9.82,19893864.0,175001808.0
2013-09-25,10.21,10.32,10.13,10.1,19985756.0,180880000.0
2013-09-24,10.45,10.46,10.25,10.1,25138480.0,227594320.0
2013-09-23,10.42,10.51,10.44,10.27,19269112.0,177620592.0
2013-09-18,10.43,10.51,10.44,10.24,15592427.0,143695840.0
2013-09-17,10.8,10.92,10.43,10.39,22423300.0,210532992.0
2013-09-16,11.11,11.16,10.81,10.71,25466208.0,246200144.0
2013-09-13,10.95,11.2,11.02,10.93,33577216.0,329301856.0
2013-09-12,10.6,11.27,11.07,10.5,52511144.0,511467200.0
2013-09-11,10.62,10.94,10.61,10.57,36329364.0,345980128.0
2013-09-10,10.68,10.76,10.61,10.4,38100424.0,356258016.0
2013-09-09,10.01,10.79,10.69,9.92,66713236.0,620889920.0
2013-09-06,9.75,10.06,9.89,9.66,22488302.0,196386672.0
2013-09-05,9.87,9.94,9.77,9.74,14143949.0,123093264.0
2013-09-04,9.92,10.0,9.9,9.86,18803880.0,165483264.0
2013-09-03,9.8,9.97,9.94,9.75,21365126.0,187554592.0
2013-09-02,9.79,9.87,9.79,9.64,20709954.0,179053136.0
2013-08-30,9.55,9.81,9.73,9.55,31512472.0,271305856.0
2013-08-29,9.63,9.69,9.52,9.51,15043056.0,127794424.0
2013-08-28,9.57,9.6,9.51,9.42,13669649.0,115326192.0
2013-08-27,9.53,9.65,9.61,9.48,12158233.0,103284864.0
2013-08-26,9.42,9.55,9.54,9.34,12821664.0,107793504.0
2013-08-23,9.53,9.6,9.36,9.16,17683624.0,147159088.0
2013-08-22,9.44,9.66,9.48,9.4,13899837.0,117805344.0
2013-08-21,9.59,9.59,9.47,9.37,10900481.0,91465384.0
2013-08-20,9.54,9.77,9.53,9.49,22101440.0,188698400.0
2013-08-19,9.35,9.69,9.6,9.28,22546440.0,189216208.0
2013-08-16,9.33,10.13,9.52,9.26,42730428.0,366623936.0
2013-08-15,9.55,9.59,9.36,9.36,13489072.0,113345496.0
2013-08-14,9.55,9.73,9.56,9.52,20537776.0,175024384.0
2013-08-13,9.59,9.6,9.55,9.46,18089092.0,152818976.0
2013-08-12,9.22,9.56,9.54,9.21,24866196.0,208102560.0
2013-08-09,9.31,9.39,9.22,9.13,13520707.0,110888904.0
2013-08-08,9.24,9.4,9.28,9.18,11328767.0,93156616.0
2013-08-07,9.33,9.43,9.28,9.26,13791388.0,114402376.0
2013-08-06,9.25,9.36,9.31,9.18,12611797.0,103620064.0
2013-08-05,9.19,9.27,9.26,9.17,8678823.0,70997536.0
2013-08-02,9.27,9.33,9.18,9.16,10988012.0,89803232.0
2013-08-01,9.07,9.26,9.21,9.05,11222617.0,91383200.0
2013-07-31,9.15,9.18,9.05,9.03,8831425.0,71258976.0
2013-07-30,8.93,9.22,9.03,8.91,11840795.0,95252176.0
2013-07-29,8.96,8.96,8.89,8.84,10073641.0,79418400.0
2013-07-26,9.09,9.13,9.04,9.01,9530767.0,76621992.0
2013-07-25,9.19,9.28,9.15,9.07,11090696.0,90198608.0
2013-07-24,9.25,9.27,9.17,9.01,15633184.0,126562288.0
2013-07-23,9.05,9.42,9.3,9.03,17596506.0,144614624.0
2013-07-22,8.96,9.1,9.07,8.85,13378970.0,106387552.0
2013-07-19,9.37,9.38,9.08,9.04,17235466.0,140959136.0
2013-07-18,9.54,9.55,9.33,9.25,13386421.0,111444520.0
2013-07-17,9.65,9.78,9.55,9.54,13621892.0,116572968.0
2013-07-16,9.68,9.72,9.69,9.49,13965663.0,118741080.0
2013-07-15,9.56,9.96,9.69,9.51,21453252.0,185158480.0
2013-07-12,9.81,9.94,9.54,9.51,25789182.0,222822304.0
2013-07-11,9.18,9.99,9.86,9.16,41259116.0,363157088.0
2013-07-10,8.89,9.13,9.12,8.85,12237379.0,100638528.0
2013-07-09,8.84,8.97,8.87,8.82,9750828.0,79103816.0
2013-07-08,9.04,9.04,8.85,8.82,10915662.0,88673152.0
2013-07-05,9.12,9.22,9.1,9.07,10323642.0,86098536.0
2013-07-04,8.95,9.17,9.09,8.86,16425356.0,135200784.0
2013-07-03,9.15,9.15,8.99,8.89,12510606.0,102783944.0
2013-07-02,9.26,9.26,9.17,9.06,11436723.0,95488472.0
2013-07-01,9.2,9.3,9.22,9.11,17293300.0,145102832.0
2013-06-28,8.93,9.32,9.28,8.77,24715956.0,206642448.0
2013-06-27,8.95,9.08,8.98,8.88,19024092.0,156130224.0
2013-06-26,9.04,9.08,8.92,8.82,19898684.0,162158288.0
2013-06-25,8.98,9.08,9.02,8.23,36914208.0,293867104.0
2013-06-24,9.95,9.95,9.02,9.0,33687728.0,287053536.0
2013-06-21,9.82,10.11,10.0,9.75,12420981.0,113147376.0
2013-06-20,10.22,10.25,9.99,9.98,13052924.0,120141464.0
2013-06-19,10.48,10.48,10.29,10.15,14554860.0,136407072.0
2013-06-18,10.54,10.6,10.52,10.47,9542718.0,91799920.0
2013-06-17,10.61,10.62,10.45,10.43,9818893.0,94221552.0
2013-06-14,10.55,10.61,10.56,10.52,9745288.0,93899944.0
2013-06-13,10.97,10.99,10.55,10.3,18023624.0,175013280.0
2013-06-07,11.25,11.34,11.06,11.0,10443984.0,106133600.0
2013-06-06,11.34,11.44,11.23,11.21,9387362.0,96892072.0
2013-06-05,11.49,11.52,11.37,11.33,7975522.0,83126112.0
2013-06-04,11.6,11.62,11.48,11.46,9479744.0,99649280.0
2013-06-03,11.53,11.72,11.6,11.53,10065284.0,106863424.0
2013-05-31,11.78,11.81,11.61,11.61,12401712.0,132559280.0
2013-05-30,11.78,11.89,11.73,11.66,14334801.0,154039376.0
2013-05-29,11.98,12.03,11.83,11.81,21453336.0,233408896.0
2013-05-28,11.69,12.01,11.99,11.57,30638006.0,330676064.0
2013-05-27,11.63,11.78,11.64,11.56,12016110.0,127731048.0
2013-05-24,11.57,11.82,11.6,11.51,12538026.0,132945288.0
2013-05-23,11.63,11.79,11.56,11.51,15020624.0,159567056.0
2013-05-22,11.6,11.89,11.7,11.58,17359208.0,185382048.0
2013-05-21,11.58,11.64,11.58,11.46,16522261.0,174283184.0
2013-05-20,11.6,11.87,11.64,11.51,26512356.0,283310208.0
2013-05-17,11.4,11.6,11.57,11.34,20241324.0,212742272.0
2013-05-16,11.1,11.47,11.42,11.0,17365976.0,178834240.0
2013-05-15,11.05,11.17,11.15,11.04,7669145.0,77949224.0
2013-05-14,11.22,11.25,11.05,10.94,15437491.0,155915648.0
2013-05-13,11.39,11.4,11.26,11.22,13227095.0,136117408.0
2013-05-10,11.28,11.45,11.4,11.21,9192473.0,95271192.0
2013-05-09,11.46,11.47,11.31,11.22,9633678.0,99480240.0
2013-05-08,11.52,11.63,11.46,11.39,10459580.0,109772952.0
2013-05-07,11.42,11.48,11.44,11.34,9575470.0,99697904.0
2013-05-06,11.33,11.58,11.49,11.3,17440272.0,182610656.0
2013-05-03,11.12,11.49,11.33,11.11,18086956.0,187205296.0
2013-05-02,11.06,11.13,11.1,10.96,11590012.0,116663576.0
2013-04-26,11.24,11.36,11.15,11.07,11593667.0,118769704.0
2013-04-25,11.29,11.42,11.17,11.11,12707266.0,130272680.0
2013-04-24,11.21,11.57,11.42,11.04,20570686.0,211187696.0
2013-04-23,11.74,11.74,11.24,11.23,10738770.0,111470016.0
2013-04-22,11.61,11.75,11.68,11.59,10033708.0,106813440.0
2013-04-19,11.34,11.81,11.75,11.29,22503704.0,238720208.0
2013-04-18,11.09,11.35,11.34,10.94,12813898.0,130792024.0
2013-04-17,11.49,11.49,11.23,11.13,10908936.0,112067248.0
2013-04-16,11.41,11.49,11.49,11.23,10963247.0,113832280.0
2013-04-15,11.47,11.54,11.45,11.37,5075991.0,52968496.0
2013-04-12,11.58,11.64,11.46,11.45,6399950.0,67287848.0
2013-04-11,11.76,11.76,11.57,11.53,8400993.0,89236968.0
2013-04-10,11.7,11.75,11.62,11.52,7694266.0,81571416.0
2013-04-09,11.82,11.88,11.76,11.71,11010079.0,118526488.0
2013-04-08,11.46,11.81,11.78,11.37,11822858.0,125514304.0
2013-04-03,11.6,11.8,11.66,11.57,9138285.0,97504824.0
2013-04-02,11.62,11.76,11.59,11.56,8657010.0,92081120.0
2013-04-01,11.6,11.71,11.61,11.56,8554759.0,90768664.0
2013-03-29,11.69,11.74,11.6,11.48,13186990.0,139969600.0
2013-03-28,12.05,12.05,11.66,11.48,39723788.0,424344480.0
2013-03-27,12.21,12.87,12.59,12.21,34941068.0,402671840.0
2013-03-26,12.46,12.49,12.2,12.1,12492851.0,139604768.0
2013-03-25,12.64,12.73,12.53,12.46,12965486.0,148690720.0
2013-03-22,12.3,12.77,12.64,12.27,27349040.0,314447552.0
2013-03-21,12.3,12.45,12.3,12.2,16717668.0,188452672.0
2013-03-20,11.79,12.44,12.37,11.75,28237784.0,315845280.0
2013-03-19,11.58,11.88,11.84,11.57,13813022.0,148360576.0
2013-03-18,11.61,11.89,11.53,11.5,8361639.0,88780320.0
2013-03-15,11.7,12.1,11.66,11.42,16381880.0,176306688.0
2013-03-14,11.73,11.81,11.69,11.64,10364842.0,110757496.0
2013-03-13,11.72,11.94,11.71,11.53,12229779.0,131232016.0
2013-03-12,12.06,12.22,11.72,11.63,16459774.0,178916832.0
2013-03-11,12.28,12.31,12.11,12.05,9121506.0,101211272.0
2013-03-08,12.27,12.41,12.28,12.17,11513770.0,129389736.0
2013-03-07,12.48,12.52,12.29,12.06,19698436.0,221188976.0
2013-03-06,12.56,12.71,12.55,12.36,30681684.0,351655712.0
2013-03-05,11.83,12.65,12.6,11.72,34632140.0,384951424.0
2013-03-04,12.27,12.27,11.87,11.79,23851480.0,261908976.0
2013-03-01,12.78,12.84,12.63,12.44,22534428.0,260339632.0
2013-02-28,12.41,12.83,12.81,12.23,32177148.0,369766688.0
2013-02-27,12.14,12.41,12.31,12.09,16443255.0,183678128.0
2013-02-26,12.05,12.54,12.07,11.91,30164864.0,339669472.0
2013-02-25,11.93,12.29,12.18,11.92,18017576.0,199113296.0
2013-02-22,12.08,12.17,11.87,11.81,16965374.0,185706016.0
2013-02-21,12.57,12.57,12.09,12.04,25677428.0,286639968.0
2013-02-20,12.94,12.99,12.71,12.46,19017068.0,219277104.0
2013-02-19,12.88,13.03,12.93,12.79,18406460.0,216853168.0
2013-02-18,13.03,13.21,12.91,12.88,22543876.0,268143024.0
2013-02-08,12.72,13.02,12.91,12.65,23326544.0,273522144.0
2013-02-07,13.01,13.09,12.72,12.49,38651008.0,448882016.0
2013-02-06,13.01,13.18,13.06,12.81,30977698.0,367663776.0
2013-02-05,13.34,13.35,13.09,12.8,34834588.0,415390336.0
2013-02-04,13.62,14.01,13.47,13.36,37755392.0,471970592.0
2013-02-01,13.32,13.76,13.76,13.18,41641856.0,514041440.0
2013-01-31,13.46,13.53,13.43,13.08,25159906.0,304823296.0
2013-01-30,13.59,13.6,13.46,13.28,27375302.0,334959200.0
2013-01-29,13.69,13.79,13.63,13.36,35735576.0,443673984.0
2013-01-28,12.93,13.75,13.69,12.93,46326048.0,569819392.0
2013-01-25,12.96,13.38,12.93,12.81,27035824.0,321682336.0
2013-01-24,12.6,13.69,13.09,12.59,59561212.0,714956352.0
2013-01-23,12.43,12.89,12.59,12.36,37223032.0,430020320.0
2013-01-22,11.82,12.98,12.57,11.72,62252428.0,706176896.0
2013-01-21,11.59,11.92,11.84,11.44,22727794.0,241916544.0
2013-01-18,11.34,11.66,11.57,11.33,17334606.0,182157248.0
2013-01-17,11.33,11.44,11.33,11.12,12432847.0,127788328.0
2013-01-16,11.51,11.56,11.36,11.26,13890700.0,144512704.0
2013-01-15,11.54,11.56,11.52,11.44,20237060.0,212453072.0
2013-01-14,11.02,11.58,11.56,10.97,21551026.0,223943520.0
2013-01-11,11.27,11.33,11.03,10.95,14112082.0,143656592.0
2013-01-10,11.26,11.36,11.28,11.16,16869316.0,173378512.0
2013-01-09,11.45,11.51,11.25,11.14,15903314.0,164402016.0
2013-01-08,11.56,12.14,11.45,11.39,19642552.0,207717376.0
2013-01-07,11.45,11.72,11.53,11.42,13393618.0,141037664.0
2013-01-04,11.76,11.94,11.56,11.39,20165634.0,214105968.0
2012-12-31,11.33,11.68,11.68,11.33,21925442.0,231357200.0
2012-12-28,11.27,11.4,11.33,11.13,11343535.0,116893160.0
2012-12-27,11.4,11.49,11.21,11.18,14313514.0,147378272.0
2012-12-26,11.28,11.46,11.37,11.17,16539324.0,170264848.0
2012-12-25,10.84,11.56,11.33,10.83,27482534.0,283945760.0
2012-12-24,10.87,11.17,10.92,10.82,16186894.0,162438640.0
2012-12-21,10.92,10.97,10.9,10.78,14443744.0,143195344.0
2012-12-20,10.92,10.95,10.93,10.7,17400702.0,171988976.0
2012-12-19,11.01,11.12,11.03,10.93,13742399.0,137989392.0
2012-12-18,11.01,11.24,11.02,10.91,24640080.0,249223152.0
2012-12-17,11.06,11.26,11.12,10.9,31638716.0,319749120.0
2012-12-14,10.13,11.18,11.06,10.12,52548288.0,521602944.0
2012-12-13,10.27,10.27,10.16,10.14,9374982.0,87170584.0
2012-12-12,10.08,10.33,10.3,10.05,18811576.0,175741200.0
2012-12-11,10.15,10.26,10.08,10.08,8378224.0,77751344.0
2012-12-10,10.05,10.32,10.21,10.05,21960592.0,204063408.0
2012-12-07,9.69,10.1,10.07,9.67,23975744.0,218556288.0
2012-12-06,9.53,9.77,9.74,9.5,11771318.0,103797616.0
2012-12-05,9.05,9.85,9.66,9.01,22052448.0,191345920.0
2012-12-04,8.93,9.09,9.06,8.92,7586507.0,62327552.0
2012-12-03,9.56,9.58,8.93,8.9,15959469.0,133816576.0
2012-11-30,9.64,9.75,9.55,9.51,9098657.0,79885768.0
2012-11-29,9.71,9.77,9.62,9.62,4930161.0,43616104.0
2012-11-28,9.65,9.75,9.67,9.64,4896172.0,43320920.0
2012-11-27,9.76,9.87,9.71,9.69,6103199.0,54418004.0
2012-11-26,9.89,9.95,9.82,9.76,3711907.0,33338214.0
2012-11-23,9.9,9.98,9.94,9.87,5073004.0,46005524.0
2012-11-22,9.89,9.95,9.87,9.86,4585898.0,41470240.0
2012-11-21,9.74,9.95,9.94,9.74,5442526.0,48984620.0
2012-11-20,9.76,9.84,9.74,9.73,3808246.0,33991360.0
2012-11-19,9.68,9.79,9.76,9.64,3891460.0,34564336.0
2012-11-16,9.67,9.71,9.69,9.58,4740923.0,41745548.0
2012-11-15,9.79,9.81,9.67,9.62,4254306.0,37732872.0
2012-11-14,9.84,9.85,9.8,9.75,4029631.0,36037864.0
2012-11-13,9.97,9.99,9.77,9.76,5033974.0,45247652.0
2012-11-12,9.8,9.96,9.96,9.79,5237405.0,47329688.0
2012-11-09,9.74,9.85,9.77,9.73,4016300.0,35886916.0
2012-11-08,9.9,10.0,9.73,9.73,7908994.0,71223456.0
2012-11-07,9.97,10.02,10.0,9.91,6080301.0,55424200.0
2012-11-06,10.02,10.03,9.94,9.84,8116303.0,73438984.0
2012-11-05,10.03,10.18,10.0,9.98,8641491.0,79380520.0
2012-11-02,9.95,10.07,10.05,9.9,12346927.0,112764888.0
2012-11-01,9.82,10.03,9.94,9.79,12974002.0,117589776.0
2012-10-31,9.84,9.85,9.8,9.75,5016740.0,44836692.0
2012-10-30,9.69,9.89,9.82,9.67,9638879.0,86188176.0
2012-10-29,9.66,9.76,9.69,9.64,5664549.0,50133956.0
2012-10-26,9.75,9.78,9.62,9.57,7668955.0,67579464.0
2012-10-25,9.81,9.86,9.74,9.71,8577851.0,76499032.0
2012-10-24,9.96,9.99,9.81,9.78,9755803.0,87818264.0
2012-10-23,10.08,10.1,9.96,9.95,7009398.0,64102780.0
2012-10-22,9.97,10.11,10.08,9.97,5342080.0,48961272.0
2012-10-19,10.09,10.09,10.01,9.99,6873989.0,62974936.0
2012-10-18,10.08,10.13,10.1,9.98,13738839.0,126356592.0
2012-10-17,10.05,10.12,10.05,9.98,6866448.0,62926020.0
2012-10-16,10.02,10.19,10.05,9.96,7450639.0,68627456.0
2012-10-15,10.02,10.05,10.02,9.93,4836643.0,44156148.0
2012-10-12,10.0,10.11,10.03,9.95,5614817.0,51422908.0
2012-10-11,10.01,10.04,9.98,9.98,5614804.0,51240284.0
2012-10-10,10.05,10.07,10.05,9.97,4954359.0,45317896.0
2012-10-09,10.02,10.14,10.07,9.98,9709417.0,89298072.0
2012-10-08,9.92,10.08,9.96,9.9,7875277.0,71666776.0
2012-09-28,9.71,9.95,9.91,9.7,10436680.0,93858120.0
2012-09-27,9.57,9.96,9.81,9.52,12857864.0,114782720.0
2012-09-26,9.69,9.73,9.53,9.51,5027198.0,44002248.0
2012-09-25,9.66,9.78,9.67,9.62,4314892.0,38150864.0
2012-09-24,9.63,9.86,9.74,9.53,6957812.0,61797260.0
2012-09-21,9.78,9.92,9.68,9.65,8065916.0,72132552.0
2012-09-20,10.11,10.14,9.78,9.75,11928682.0,108342392.0
2012-09-19,10.19,10.22,10.15,10.09,5089344.0,47151408.0
2012-09-18,10.14,10.26,10.15,10.11,5635289.0,52354044.0
2012-09-17,10.47,10.49,10.2,10.19,12056895.0,113330072.0
2012-09-14,10.47,10.62,10.52,10.34,17212214.0,165311728.0
2012-09-13,10.41,10.47,10.38,10.34,9201925.0,87447056.0
2012-09-12,10.48,10.56,10.41,10.3,15230891.0,144873872.0
2012-09-11,10.47,10.48,10.45,10.37,7271284.0,69203184.0
2012-09-10,10.45,10.53,10.49,10.42,10980117.0,104933616.0
2012-09-07,10.3,10.81,10.48,10.26,30793244.0,295947744.0
2012-09-06,10.11,10.33,10.27,10.1,9831827.0,91616512.0
2012-09-05,10.23,10.26,10.11,10.03,11278219.0,104022856.0
2012-09-04,10.46,10.52,10.25,10.24,10307455.0,97320464.0
2012-09-03,10.47,10.59,10.5,10.39,9480695.0,90631712.0
2012-08-31,10.5,10.53,10.49,10.43,7212657.0,69003728.0
2012-08-30,10.33,10.61,10.52,10.3,14015268.0,134390784.0
2012-08-29,10.41,10.45,10.38,10.33,5431969.0,51474308.0
2012-08-28,10.26,10.53,10.44,10.26,8320666.0,79042192.0
2012-08-27,10.27,10.37,10.29,10.21,7100231.0,66745548.0
2012-08-24,10.42,10.43,10.3,10.29,7583390.0,71613488.0
2012-08-23,10.56,10.62,10.44,10.39,12996140.0,124306552.0
2012-08-22,10.68,10.68,10.58,10.53,7100167.0,68548672.0
2012-08-21,10.62,10.74,10.65,10.57,6943076.0,67654176.0
2012-08-20,10.77,10.78,10.64,10.5,10394700.0,100641240.0
2012-08-17,10.74,10.86,10.84,10.72,5801897.0,57199076.0
2012-08-16,10.73,10.84,10.78,10.7,6823478.0,67172552.0
2012-08-15,10.84,10.86,10.76,10.69,11081879.0,108909224.0
2012-08-14,10.86,10.93,10.92,10.61,16293421.0,160172272.0
2012-08-13,11.03,11.11,10.83,10.82,14282417.0,142944000.0
2012-08-10,11.14,11.24,11.04,11.04,13082557.0,132999104.0
2012-08-09,11.21,11.24,11.15,10.99,15169056.0,153662352.0
2012-08-08,11.16,11.34,11.21,11.12,17543482.0,179781952.0
2012-08-07,11.16,11.24,11.15,11.07,14710430.0,149746064.0
2012-08-06,11.04,11.22,11.18,11.01,16266731.0,164884016.0
2012-08-03,11.07,11.17,11.12,10.97,13055270.0,131929776.0
2012-08-02,11.13,11.17,11.11,11.02,12516849.0,126862784.0
2012-08-01,11.06,11.23,11.17,11.02,16360409.0,165988992.0
2012-07-31,11.04,11.24,11.13,10.94,22988116.0,233784176.0
2012-07-30,10.93,11.26,11.06,10.91,26099700.0,264544384.0
2012-07-27,10.68,11.07,10.97,10.66,28747606.0,287054912.0
2012-07-26,10.66,10.82,10.67,10.61,7833523.0,76610048.0
2012-07-25,10.68,10.9,10.71,10.66,8845281.0,87065864.0
2012-07-24,10.64,10.84,10.73,10.6,7763871.0,75958440.0
2012-07-23,10.73,10.76,10.7,10.6,8543005.0,83277832.0
2012-07-20,10.9,11.02,10.86,10.78,13581207.0,134933584.0
2012-07-19,10.87,11.06,10.94,10.77,17997072.0,179910128.0
2012-07-18,10.8,10.99,10.92,10.6,16176993.0,159271056.0
2012-07-17,10.45,10.79,10.77,10.45,14484966.0,141257680.0
2012-07-16,10.73,10.73,10.48,10.46,12310290.0,118287448.0
2012-07-13,10.54,10.9,10.72,10.53,15788516.0,154901408.0
2012-07-12,10.58,10.66,10.61,10.29,17841988.0,170399872.0
2012-07-11,10.48,10.66,10.59,10.48,9405742.0,90876984.0
2012-07-10,10.49,10.68,10.53,10.47,11496238.0,110962448.0
2012-07-09,10.96,10.96,10.54,10.53,19466110.0,191325232.0
2012-07-06,10.92,11.12,11.06,10.74,24452050.0,243349024.0
2012-07-05,11.15,11.27,11.17,11.02,22463702.0,228146480.0
2012-07-04,11.01,11.71,11.23,10.95,40014028.0,412709568.0
2012-07-03,11.01,11.23,10.97,10.93,21426708.0,216930608.0
2012-07-02,10.99,11.01,11.01,10.82,16631997.0,166071616.0
2012-06-29,10.56,11.04,10.93,10.52,20219278.0,200100448.0
2012-06-28,10.83,10.89,10.57,10.56,17351864.0,169106992.0
2012-06-27,10.94,10.97,10.78,10.77,15239653.0,151284160.0
2012-06-26,10.73,11.11,10.95,10.72,24400344.0,244532448.0
2012-06-25,10.77,11.01,10.8,10.77,16929184.0,168260560.0
2012-06-21,10.95,10.99,10.87,10.65,21211814.0,209358368.0
2012-06-20,10.99,11.22,11.0,10.89,28927756.0,292440960.0
2012-06-19,10.83,11.11,10.94,10.73,28084168.0,279893504.0
2012-06-18,10.84,10.93,10.88,10.74,27993920.0,277239584.0
2012-06-15,10.2,11.15,10.94,10.2,54516464.0,531196992.0
2012-06-14,10.26,10.33,10.16,10.12,11248900.0,105030496.0
2012-06-13,10.24,10.44,10.33,10.12,16555913.0,155532000.0
2012-06-12,10.05,10.32,10.21,9.96,16418439.0,152051600.0
2012-06-11,10.1,10.21,10.13,10.03,10602154.0,97850520.0
2012-06-08,10.3,10.33,10.09,10.05,17477944.0,161850912.0
2012-06-07,10.52,10.55,10.27,10.23,12527079.0,121446048.0
2012-06-06,10.33,10.4,10.39,10.27,9022816.0,86997552.0
2012-06-05,10.3,10.37,10.27,10.2,10381682.0,99609640.0
2012-06-04,10.52,10.55,10.3,10.29,17236696.0,167736560.0
2012-06-01,10.79,10.87,10.69,10.66,12558254.0,126115208.0
2012-05-31,10.69,10.83,10.77,10.6,11551878.0,115641784.0
2012-05-30,10.76,10.77,10.72,10.69,10692552.0,107008048.0
2012-05-29,10.64,10.84,10.82,10.56,19046832.0,190497648.0
2012-05-28,10.45,10.62,10.62,10.41,14026958.0,137656384.0
2012-05-25,10.7,10.72,10.48,10.43,11911443.0,117074304.0
2012-05-24,10.82,10.9,10.66,10.62,13653874.0,136744768.0
2012-05-23,10.87,10.94,10.79,10.71,12474873.0,126051720.0
2012-05-22,10.82,10.91,10.89,10.81,10597639.0,107361688.0
2012-05-21,10.79,10.9,10.77,10.66,17236794.0,172875680.0
2012-05-17,10.79,11.01,11.0,10.77,18754646.0,190615008.0
2012-05-16,10.94,10.97,10.75,10.73,11796784.0,119182736.0
2012-05-15,10.85,11.01,10.99,10.72,13091474.0,132469208.0
2012-05-14,11.18,11.22,10.91,10.88,16637888.0,172175648.0
2012-05-11,11.01,11.18,11.02,10.96,12456826.0,128630632.0
2012-05-10,10.99,11.11,11.01,10.95,14628896.0,150602608.0
2012-05-09,11.21,11.22,10.97,10.96,22906408.0,236889840.0
2012-05-08,11.47,11.47,11.34,11.25,19667054.0,207866592.0
2012-05-07,11.37,11.54,11.51,11.33,24314768.0,259363296.0
2012-05-04,11.32,11.57,11.48,11.2,26035028.0,276780992.0
2012-05-03,11.37,11.43,11.33,11.18,27763542.0,292508768.0
2012-05-02,11.55,11.62,11.45,11.38,34931256.0,375224160.0
2012-04-27,11.32,11.51,11.34,11.13,31898156.0,336779040.0
2012-04-26,11.37,11.49,11.28,11.19,46868356.0,495367616.0
2012-04-25,11.33,11.81,11.55,11.3,70162840.0,757051648.0
2012-04-24,10.72,11.82,11.48,10.69,111497424.0,1198713728.0
2012-04-23,10.79,10.85,10.75,10.66,21041404.0,211069424.0
2012-04-20,10.54,10.99,10.86,10.52,42073600.0,423924224.0
2012-04-19,10.52,10.64,10.54,10.45,15224385.0,149500288.0
2012-04-18,10.36,10.69,10.56,10.3,24095742.0,237425296.0
2012-04-17,10.39,10.45,10.31,10.26,13201045.0,127378752.0
2012-04-16,10.24,10.46,10.44,10.21,18664370.0,180414512.0
2012-04-13,10.39,10.43,10.3,10.23,27652600.0,266086432.0
2012-04-12,9.86,10.77,10.47,9.83,45902616.0,440459520.0
2012-04-11,9.81,9.95,9.85,9.8,7247871.0,66690596.0
2012-04-10,9.77,9.92,9.91,9.7,8740139.0,79942512.0
2012-04-09,9.86,9.86,9.78,9.77,6708954.0,61418896.0
2012-04-06,9.88,9.95,9.94,9.8,10198574.0,93840672.0
2012-04-05,9.8,9.94,9.92,9.65,12555617.0,114465584.0
2012-03-30,9.81,9.87,9.83,9.78,6855804.0,62846984.0
2012-03-29,9.97,9.97,9.81,9.74,10437585.0,96066952.0
2012-03-28,10.33,10.37,10.0,9.97,9068453.0,85741616.0
2012-03-27,10.38,10.41,10.35,10.29,5760238.0,55608160.0
2012-03-26,10.24,10.33,10.33,10.22,5223263.0,50132376.0
2012-03-23,10.27,10.41,10.25,10.21,9250456.0,88898912.0
2012-03-22,10.22,10.45,10.3,10.17,10054117.0,96771392.0
2012-03-21,10.3,10.35,10.25,10.16,7023780.0,67119136.0
2012-03-20,10.39,10.43,10.25,10.24,7782962.0,74963872.0
2012-03-19,10.35,10.43,10.42,10.3,8773617.0,84927408.0
2012-03-16,10.32,10.42,10.39,10.24,13990686.0,134853376.0
2012-03-15,10.42,10.52,10.33,10.33,16450666.0,160004640.0
2012-03-14,10.82,10.82,10.43,10.37,29372190.0,290427072.0
2012-03-13,10.49,10.71,10.71,10.49,23372520.0,232207168.0
2012-03-12,10.57,10.57,10.48,10.44,16605728.0,162479984.0
2012-03-09,10.55,10.57,10.56,10.47,14085816.0,138307696.0
2012-03-08,10.49,10.59,10.53,10.48,10581648.0,104019984.0
2012-03-07,10.44,10.56,10.44,10.41,12558722.0,122958576.0
2012-03-06,10.7,10.71,10.52,10.51,14330086.0,141543440.0
2012-03-05,10.89,10.9,10.73,10.73,15712600.0,158404896.0
2012-03-02,10.73,10.87,10.86,10.71,18945580.0,190716352.0
2012-03-01,10.72,10.79,10.73,10.7,8672307.0,86940712.0
2012-02-29,10.94,10.94,10.74,10.73,16671019.0,168059888.0
2012-02-28,10.82,11.03,10.94,10.79,26474838.0,269759808.0
2012-02-27,10.91,10.99,10.83,10.82,25616068.0,260193264.0
2012-02-24,10.73,10.87,10.86,10.6,27869784.0,279439392.0
2012-02-23,10.61,10.76,10.72,10.59,23891346.0,238298832.0
2012-02-22,10.52,10.64,10.6,10.47,19832296.0,195580064.0
2012-02-21,10.43,10.52,10.52,10.35,10717826.0,104385848.0
2012-02-20,10.6,10.6,10.41,10.4,18699180.0,183384208.0
2012-02-17,10.44,10.52,10.39,10.36,10590310.0,103021232.0
2012-02-16,10.37,10.44,10.43,10.32,14266411.0,138129296.0
2012-02-15,10.3,10.42,10.34,10.23,16473719.0,158915024.0
2012-02-14,10.43,10.47,10.31,10.25,12460279.0,120192216.0
2012-02-13,10.4,10.55,10.42,10.33,11806044.0,114861384.0
2012-02-10,10.51,10.62,10.49,10.45,11669513.0,114684680.0
2012-02-09,10.61,10.67,10.56,10.54,8871954.0,87671944.0
2012-02-08,10.41,10.69,10.64,10.41,11194662.0,110618376.0
2012-02-07,10.53,10.56,10.45,10.38,6829497.0,66653304.0
2012-02-06,10.72,10.77,10.61,10.51,11093744.0,109863728.0
2012-02-03,10.53,10.83,10.71,10.48,17928240.0,178380256.0
2012-02-02,10.27,10.59,10.59,10.23,10963014.0,106845600.0
2012-02-01,10.31,10.47,10.26,10.23,7388322.0,71332712.0
2012-01-30,10.52,10.58,10.39,10.38,12800151.0,125315272.0
2012-01-20,10.32,10.64,10.59,10.3,20766716.0,202886592.0
2012-01-19,10.13,10.32,10.3,10.12,11908361.0,114049112.0
2012-01-18,10.29,10.35,10.13,10.1,12212196.0,116510032.0
2012-01-17,10.0,10.3,10.28,9.86,18415856.0,173647248.0
2012-01-16,9.93,10.12,9.94,9.91,6975930.0,65029700.0
2012-01-13,10.14,10.17,9.97,9.92,8056620.0,75334936.0
2012-01-12,10.06,10.31,10.12,10.04,10501488.0,99773824.0
2012-01-11,10.12,10.2,10.08,10.01,9770934.0,91980384.0
2012-01-10,9.95,10.2,10.17,9.94,18338400.0,172375232.0
2012-01-09,9.81,10.02,10.0,9.76,13926478.0,128902312.0
2012-01-06,9.73,9.87,9.81,9.67,9766247.0,89049680.0
2012-01-05,9.54,9.99,9.79,9.52,16234845.0,148497456.0
2012-01-04,9.86,9.89,9.55,9.55,7088231.0,64238068.0
2011-12-30,9.65,9.85,9.82,9.65,5856906.0,53378000.0
2011-12-29,9.63,9.7,9.7,9.5,7453782.0,66811740.0
2011-12-28,9.77,9.85,9.65,9.53,10311890.0,92926184.0
2011-12-27,9.94,9.98,9.82,9.81,5815922.0,53641328.0
2011-12-26,9.92,10.03,9.93,9.87,5614534.0,52094292.0
2011-12-23,10.02,10.11,10.01,9.92,8564817.0,79936744.0
2011-12-22,9.98,10.14,10.04,9.87,9269263.0,86447456.0
2011-12-21,10.27,10.31,10.03,10.02,6624060.0,62936208.0
2011-12-20,10.04,10.35,10.18,10.03,11142096.0,106489992.0
2011-12-19,10.06,10.18,10.14,9.83,7539309.0,70377192.0
2011-12-16,9.87,10.18,10.14,9.85,7890942.0,73572824.0
2011-12-15,9.86,10.06,9.86,9.82,7129566.0,66079164.0
2011-12-14,9.99,10.1,9.92,9.86,5894237.0,54824640.0
2011-12-13,10.18,10.33,9.99,9.99,14115261.0,134581280.0
2011-12-12,10.12,10.38,10.23,10.1,8772917.0,83912544.0
2011-12-09,10.08,10.22,10.18,10.04,7183820.0,68095264.0
2011-12-08,10.11,10.27,10.15,9.99,7053263.0,66802580.0
2011-12-07,10.08,10.18,10.13,9.99,4951028.0,46657304.0
2011-12-06,10.1,10.21,10.07,10.02,6509605.0,61242520.0
2011-12-05,10.1,10.26,10.12,9.96,9510201.0,89903024.0
2011-12-02,10.0,10.18,10.14,9.93,8707057.0,81824032.0
2011-12-01,10.13,10.27,10.1,9.97,16491921.0,155952848.0
2011-11-30,10.12,10.12,9.76,9.71,8214357.0,75707840.0
2011-11-29,10.07,10.15,10.14,10.01,5370391.0,50515564.0
2011-11-28,9.97,10.07,10.01,9.94,3886918.0,36223016.0
2011-11-25,10.06,10.07,9.98,9.96,4526361.0,42188056.0
2011-11-24,9.98,10.11,10.07,9.93,6267968.0,58704828.0
2011-11-23,10.14,10.17,10.03,9.97,5336431.0,50059164.0
2011-11-22,9.97,10.14,10.14,9.95,6373253.0,59728924.0
2011-11-21,10.1,10.11,10.04,9.96,6174428.0,57756000.0
2011-11-18,10.29,10.43,10.09,10.01,14855884.0,140813040.0
2011-11-17,10.45,10.54,10.38,10.35,7006243.0,68286624.0
2011-11-16,10.75,10.79,10.45,10.42,9837534.0,97113432.0
2011-11-15,10.75,10.81,10.77,10.72,7690611.0,77262328.0
2011-11-14,10.62,10.87,10.79,10.61,12161509.0,122187064.0
2011-11-11,10.57,10.64,10.55,10.48,5421253.0,53538688.0
2011-11-10,10.67,10.74,10.56,10.55,8354555.0,82877696.0
2011-11-09,10.67,10.79,10.77,10.61,8684791.0,86780408.0
2011-11-08,10.61,10.71,10.63,10.6,6260104.0,62253656.0
2011-11-07,10.74,10.74,10.61,10.59,7019156.0,69790792.0
2011-11-04,10.83,10.88,10.75,10.73,9026141.0,90896448.0
2011-11-03,10.81,10.97,10.73,10.72,17090564.0,173346752.0
2011-11-02,10.54,10.84,10.81,10.47,15722181.0,155717120.0
2011-11-01,10.61,10.85,10.66,10.57,13021715.0,130430488.0
2011-10-31,10.64,10.75,10.71,10.61,16772901.0,167443392.0
2011-10-28,10.67,10.76,10.63,10.54,14400736.0,143103904.0
2011-10-26,10.45,10.61,10.45,10.41,14761241.0,144901872.0
2011-10-25,10.31,10.57,10.52,10.24,18626428.0,181571072.0
2011-10-24,10.01,10.46,10.37,9.93,15534320.0,148211120.0
2011-10-21,9.92,10.13,9.99,9.85,9315997.0,87074344.0
2011-10-20,10.08,10.08,9.92,9.84,8285491.0,76676176.0
2011-10-19,10.2,10.31,10.13,10.08,5341770.0,50755972.0
2011-10-18,10.3,10.32,10.18,10.17,6739241.0,64266488.0
2011-10-17,10.37,10.47,10.38,10.35,6125572.0,59442528.0
2011-10-14,10.45,10.45,10.37,10.26,7660751.0,73929448.0
2011-10-13,10.37,10.49,10.46,10.3,12541730.0,121896576.0
2011-10-12,9.98,10.48,10.41,9.92,16298398.0,156976672.0
2011-10-11,10.23,10.31,10.03,9.95,9047510.0,85705064.0
2011-10-10,9.97,10.0,9.92,9.85,6770366.0,62697820.0
2011-09-30,9.97,10.03,9.95,9.91,7571975.0,70477752.0
2011-09-29,9.86,10.0,9.92,9.83,6618060.0,61277656.0
2011-09-28,10.12,10.14,9.95,9.87,6077477.0,56616176.0
2011-09-27,10.0,10.11,10.03,9.95,7032192.0,65776184.0
2011-09-26,9.99,10.11,9.94,9.93,10858816.0,101259984.0
2011-09-23,10.04,10.21,10.12,9.95,13337941.0,125095392.0
2011-09-21,10.18,10.51,10.46,10.07,13454258.0,130046544.0
2011-09-20,10.07,10.24,10.17,10.04,6000961.0,56691872.0
2011-09-19,10.3,10.33,10.09,10.06,9388122.0,89238360.0
2011-09-16,10.47,10.59,10.38,10.36,6418767.0,62638756.0
2011-09-15,10.39,10.51,10.38,10.33,7279330.0,70803152.0
2011-09-14,10.35,10.44,10.39,10.18,10062572.0,96683992.0
2011-09-13,10.35,10.42,10.3,10.25,9078254.0,87359440.0
2011-09-09,10.59,10.72,10.51,10.45,7116738.0,70248776.0
2011-09-08,10.67,10.67,10.53,10.52,5958944.0,58881064.0
2011-09-07,10.46,10.64,10.6,10.41,7830654.0,77037984.0
2011-09-06,10.24,10.51,10.39,10.21,5811945.0,56289336.0
2011-09-05,10.4,10.54,10.37,10.24,9366697.0,90430056.0
2011-09-02,10.72,10.73,10.51,10.46,16558367.0,162870576.0
2011-09-01,10.79,10.87,10.74,10.7,23618038.0,237124672.0
2011-08-31,10.75,10.87,10.74,10.68,14220286.0,142952032.0
2011-08-30,11.03,11.18,10.75,10.69,21398776.0,217942736.0
2011-08-29,11.2,11.2,10.94,10.9,12048292.0,123964008.0
2011-08-26,11.29,11.38,11.33,11.23,8263749.0,87169576.0
2011-08-25,11.04,11.43,11.38,11.0,22414252.0,236688336.0
2011-08-24,11.04,11.23,10.97,10.96,7112371.0,73550048.0
2011-08-23,10.72,11.03,11.01,10.67,8928981.0,90663808.0
2011-08-22,10.86,10.86,10.68,10.62,3745113.0,37475348.0
2011-08-19,10.62,10.83,10.74,10.53,7110505.0,70861304.0
2011-08-18,11.17,11.17,10.81,10.79,6609382.0,67699128.0
2011-08-17,11.14,11.27,11.11,11.1,5905902.0,61609888.0
2011-08-16,11.18,11.28,11.14,11.07,9066676.0,94509912.0
2011-08-15,10.95,11.32,11.23,10.87,13303016.0,138029568.0
2011-08-12,11.0,11.07,10.92,10.91,7401790.0,75810264.0
2011-08-11,10.54,11.02,11.0,10.47,13912710.0,140482672.0
2011-08-10,10.82,10.85,10.72,10.69,13040525.0,130944976.0
2011-08-09,10.18,10.74,10.62,10.15,13975581.0,137224192.0
2011-08-08,11.02,11.15,10.6,10.03,15769602.0,158297728.0
2011-08-05,11.05,11.26,11.14,11.0,9223695.0,95914568.0
2011-08-04,11.36,11.55,11.4,11.32,7586536.0,81017312.0
2011-08-03,11.09,11.61,11.4,11.07,11588916.0,123242224.0
2011-08-02,11.34,11.34,11.25,11.05,6689453.0,69738192.0
2011-08-01,11.36,11.45,11.34,11.26,11574778.0,122482760.0
2011-07-29,11.02,12.0,11.55,10.99,23838886.0,256613856.0
2011-07-28,11.07,11.07,11.01,10.88,6353348.0,65050424.0
2011-07-27,11.09,11.12,11.12,10.97,10520598.0,108410600.0
2011-07-26,11.07,11.18,11.1,11.05,6557494.0,67934736.0
2011-07-25,11.55,11.55,11.06,11.04,12673492.0,133202880.0
2011-07-22,11.62,11.74,11.6,11.6,5052176.0,54998408.0
2011-07-21,11.8,11.81,11.62,11.62,6579078.0,71688216.0
2011-07-20,11.85,11.91,11.81,11.65,8563142.0,93990048.0
2011-07-19,11.9,11.9,11.76,11.74,8012372.0,88097496.0
2011-07-18,12.08,12.13,11.9,11.9,9096086.0,101742816.0
2011-07-15,11.95,12.09,12.05,11.88,8793809.0,98521480.0
2011-07-14,12.0,12.03,12.01,11.82,8683826.0,96644632.0
2011-07-13,11.74,12.06,11.97,11.73,9818456.0,109222488.0
2011-07-12,11.88,11.91,11.73,11.73,10617013.0,116646696.0
2011-07-11,12.03,12.07,11.96,11.84,14458176.0,161348096.0
2011-07-08,11.92,12.21,12.12,11.88,14538727.0,163710416.0
2011-07-07,12.02,12.17,11.88,11.87,14118887.0,158063472.0
2011-07-06,11.95,12.01,11.89,11.79,8615821.0,95311840.0
2011-07-05,11.94,12.13,12.01,11.91,12043017.0,135141888.0
2011-07-04,11.72,12.01,12.01,11.71,16842272.0,187007856.0
2011-07-01,11.69,11.81,11.71,11.52,13943714.0,151854672.0
2011-06-30,11.4,11.85,11.66,11.4,16575633.0,180644880.0
2011-06-29,11.56,11.57,11.41,11.4,9751892.0,104262296.0
2011-06-28,11.63,11.66,11.56,11.48,8723849.0,93882216.0
2011-06-27,11.69,11.74,11.63,11.52,16714976.0,181497424.0
2011-06-24,11.38,11.81,11.71,11.33,16236134.0,175952544.0
2011-06-23,11.16,11.51,11.41,11.09,8272596.0,87379784.0
2011-06-22,11.29,11.36,11.26,11.12,6238521.0,65404028.0
2011-06-21,11.19,11.29,11.25,11.15,5840555.0,61144516.0
2011-06-20,11.19,11.26,11.23,10.97,9556141.0,98943272.0
2011-06-17,11.25,11.38,11.2,11.16,6133100.0,64516120.0
2011-06-16,11.47,11.48,11.25,11.2,9122367.0,96440184.0
2011-06-15,11.71,11.78,11.55,11.52,10112849.0,109417368.0
2011-06-14,11.65,12.0,11.77,11.6,7968262.0,87818872.0
2011-06-13,11.63,11.72,11.65,11.47,5718943.0,61802800.0
2011-06-10,11.82,11.87,11.76,11.51,9910617.0,108038096.0
2011-06-09,11.88,11.98,11.8,11.8,8243933.0,93103056.0
2011-06-08,11.96,11.96,11.89,11.8,7759080.0,87480504.0
2011-06-07,11.87,11.94,11.94,11.79,9917585.0,112007432.0
2011-06-03,11.88,11.96,11.92,11.72,11802407.0,133133992.0
2011-06-02,12.36,12.42,11.88,11.69,16800396.0,190991760.0
2011-06-01,12.48,12.52,12.46,12.41,6203383.0,73306848.0
2011-05-31,12.39,12.53,12.5,12.34,5845841.0,69086768.0
2011-05-30,12.34,12.52,12.39,12.32,6877344.0,81135576.0
2011-05-27,12.36,12.52,12.36,12.35,6039368.0,71246136.0
2011-05-26,12.52,12.58,12.37,12.35,7001512.0,82929528.0
2011-05-25,12.71,12.71,12.45,12.42,5832550.0,69462176.0
2011-05-24,12.64,12.72,12.64,12.57,6941221.0,83362824.0
2011-05-23,13.0,13.03,12.64,12.64,9943473.0,120572824.0
2011-05-20,12.96,13.13,13.05,12.92,9528099.0,118117928.0
2011-05-19,13.05,13.1,12.92,12.87,8967609.0,110493672.0
2011-05-17,12.73,12.98,12.9,12.68,10512705.0,128255480.0
2011-05-16,12.95,12.95,12.74,12.69,13996374.0,170239120.0
2011-05-13,12.88,13.07,13.0,12.74,11987031.0,146676480.0
2011-05-12,12.97,13.07,12.85,12.81,11051697.0,136029120.0
2011-05-11,13.1,13.14,13.01,12.98,8526215.0,105715016.0
2011-05-10,12.98,13.1,13.08,12.9,8017839.0,99182256.0
2011-05-09,13.01,13.13,12.97,12.88,7419659.0,91686608.0
2011-05-06,13.05,13.18,12.99,12.95,10597080.0,131167560.0
2011-05-05,13.05,13.24,13.15,12.95,7734532.0,96220584.0
2011-05-04,13.58,13.58,13.08,13.08,14619805.0,184343056.0
2011-05-03,13.54,13.71,13.62,13.5,7977899.0,103016480.0
2011-04-29,13.91,13.96,13.6,13.39,15908199.0,204833984.0
2011-04-28,14.15,14.48,13.9,13.82,20851860.0,281830432.0
2011-04-27,14.28,14.45,14.07,14.0,16563709.0,224660736.0
2011-04-26,14.16,14.49,14.37,14.11,19680578.0,267893040.0
2011-04-25,14.02,14.31,14.17,14.01,11152237.0,150024480.0
2011-04-22,14.13,14.22,14.08,14.01,6889067.0,92305888.0
2011-04-21,14.05,14.21,14.18,14.0,7587395.0,101801848.0
2011-04-20,14.13,14.27,14.01,13.93,9374589.0,125277920.0
2011-04-19,14.33,14.36,14.08,14.0,14939435.0,201137040.0
2011-04-18,14.53,14.61,14.4,14.37,15274692.0,209625056.0
2011-04-15,14.45,14.68,14.59,14.39,14583048.0,201225200.0
2011-04-14,14.52,14.69,14.53,14.43,21336360.0,295030144.0
2011-04-13,14.12,14.53,14.53,14.08,16300917.0,222009824.0
2011-04-12,14.29,14.4,14.12,14.05,13256948.0,178532176.0
2011-04-11,14.41,14.58,14.3,14.26,16885696.0,231193120.0
2011-04-08,14.45,14.58,14.45,14.35,16275785.0,223022432.0
2011-04-07,14.51,14.71,14.48,14.38,21805348.0,300545248.0
2011-04-06,14.42,14.71,14.51,14.42,34364508.0,476366560.0
2011-04-01,14.02,14.37,14.35,13.96,15324427.0,207381072.0
2011-03-31,14.31,14.32,14.0,13.95,13166932.0,176193264.0
2011-03-30,14.17,14.5,14.3,14.16,30623758.0,417691584.0
2011-03-29,13.97,14.48,14.17,13.92,30527338.0,412775680.0
2011-03-28,14.14,14.45,13.98,13.97,27147974.0,366629856.0
2011-03-25,13.85,14.14,14.08,13.79,29798788.0,396826176.0
2011-03-24,13.98,13.99,13.77,13.76,12768588.0,167877600.0
2011-03-23,13.85,14.04,13.95,13.8,16258843.0,215288240.0
2011-03-22,13.77,14.0,13.92,13.59,21664862.0,285578304.0
2011-03-21,13.53,13.71,13.67,13.48,11183715.0,144741088.0
2011-03-18,13.48,13.63,13.56,13.48,10962737.0,141292352.0
2011-03-17,13.52,13.62,13.46,13.38,13523564.0,173328960.0
2011-03-16,13.48,13.74,13.68,13.35,18763402.0,241170144.0
2011-03-15,13.79,13.79,13.51,13.33,20852544.0,267104752.0
2011-03-14,13.64,13.9,13.79,13.63,12523804.0,163701088.0
2011-03-11,13.79,13.95,13.67,13.64,16304385.0,213589264.0
2011-03-10,14.11,14.12,13.86,13.74,24153846.0,318050560.0
2011-03-09,14.3,14.37,14.2,14.13,14445987.0,195371744.0
2011-03-08,14.29,14.39,14.3,14.11,19880756.0,268730432.0
2011-03-07,14.3,14.69,14.28,14.22,31179732.0,426822944.0
2011-03-04,14.14,14.37,14.27,13.92,35414468.0,476479136.0
2011-03-03,13.85,14.53,14.11,13.72,81450248.0,1100573440.0
2011-03-02,13.37,14.07,13.82,13.3,66455856.0,872571840.0
2011-03-01,13.28,13.64,13.47,13.24,33530184.0,428503680.0
2011-02-28,13.17,13.3,13.22,13.0,15733607.0,196782176.0
2011-02-25,13.1,13.31,13.13,12.94,14649214.0,182747968.0
2011-02-24,13.0,13.19,13.1,12.9,14299402.0,176842400.0
2011-02-23,13.05,13.12,13.02,12.97,11977569.0,148212320.0
2011-02-22,13.49,13.54,13.05,13.03,26460004.0,333567872.0
2011-02-21,13.27,13.5,13.48,13.24,20144404.0,256019808.0
2011-02-18,13.67,13.76,13.47,13.43,20813460.0,268240320.0
2011-02-17,13.55,14.07,13.71,13.48,36007456.0,470887872.0
2011-02-16,13.37,13.59,13.51,13.36,21491784.0,274576032.0
2011-02-15,13.5,13.72,13.46,13.4,31293196.0,401577952.0
2011-02-14,13.08,13.67,13.54,13.04,38786836.0,493058272.0
2011-02-11,12.95,13.12,13.04,12.89,19361452.0,238600240.0
2011-02-10,12.82,13.05,13.05,12.75,16566147.0,202970800.0
2011-02-09,13.16,13.3,12.85,12.8,16720153.0,207085072.0
2011-02-01,13.2,13.26,13.17,13.03,11203179.0,140088240.0
2011-01-31,13.19,13.31,13.15,12.98,14555859.0,181357776.0
2011-01-28,13.33,13.37,13.19,13.09,12473110.0,156307680.0
2011-01-27,13.08,13.41,13.38,12.98,19060420.0,239590352.0
2011-01-26,13.28,13.36,13.29,13.13,11183031.0,140641248.0
2011-01-25,12.95,13.35,13.26,12.92,16921498.0,212097808.0
2011-01-24,12.99,13.21,13.01,12.8,14222222.0,175555808.0
2011-01-21,12.63,13.42,12.95,12.61,21887764.0,270670496.0
2011-01-20,13.08,13.08,12.65,12.63,16779276.0,204279904.0
2011-01-19,12.97,13.18,13.15,12.72,18366202.0,225897504.0
2011-01-18,12.9,13.18,12.97,12.86,13301129.0,164594832.0
2011-01-17,13.58,13.69,13.0,12.89,27398210.0,346440928.0
2011-01-13,14.31,14.31,13.93,13.91,25621484.0,342606048.0
2011-01-12,14.05,14.26,14.21,13.81,37335040.0,498534912.0
2011-01-11,13.53,14.1,14.05,13.45,36134192.0,473667104.0
2011-01-10,13.74,13.98,13.57,13.56,33836808.0,441205472.0
2011-01-07,13.36,14.37,13.9,13.21,79661392.0,1052538368.0
2011-01-06,13.27,13.49,13.37,13.19,19228860.0,243728992.0
2011-01-05,13.27,13.55,13.29,13.22,23929642.0,303664480.0
2011-01-04,13.08,13.62,13.42,12.95,39160584.0,497331168.0
