date,open,high,close,low,volume,amount
2015-12-31,174.26,180.78,179.66,171.65,396416477.0,3764596051.0
2015-12-30,170.91,176.68,175.75,169.04,205522210.0,1898472476.0
2015-12-29,169.6,173.33,171.65,169.04,123448307.0,1133945130.0
2015-12-28,175.19,175.56,170.35,169.41,184243753.0,1699169911.0
2015-12-25,175.56,176.5,175.94,173.89,122946337.0,1155351992.0
2015-12-24,177.06,178.36,175.0,172.4,174200576.0,1632623488.0
2015-12-23,178.92,183.39,177.43,175.75,322611776.0,3109300736.0
2015-12-22,183.39,183.76,178.55,177.06,372075202.0,3591259084.0
2015-12-21,167.92,186.0,185.81,167.36,856796672.0,8355864576.0
2015-12-18,162.7,179.1,169.04,162.7,445641632.0,4117547008.0
2015-12-17,161.77,163.45,162.89,161.77,79162072.0,691071552.0
2015-12-16,162.15,162.89,161.59,161.4,44154408.0,383878848.0
2015-12-15,163.82,164.38,161.96,161.77,53806872.0,469522528.0
2015-12-14,161.21,164.57,164.01,160.84,90032976.0,786587264.0
2015-12-11,161.4,162.52,162.33,159.35,70065784.0,606298304.0
2015-12-10,162.7,165.69,162.15,161.59,65873960.0,577204672.0
2015-12-09,161.96,163.64,162.33,161.59,39270214.0,342511310.0
2015-12-08,163.26,163.45,162.15,161.4,70233904.0,611845760.0
2015-12-07,163.64,164.94,164.2,162.52,54072245.0,476000143.0
2015-12-04,165.13,166.81,163.26,161.96,127088096.0,1121804032.0
2015-12-03,165.87,168.3,166.43,164.38,202795979.0,1811217940.0
2015-12-02,159.72,168.11,166.62,159.35,211013568.0,1865125888.0
2015-12-01,161.03,161.21,159.72,158.6,95548922.0,819799674.0
2015-11-30,157.86,161.59,160.84,157.67,119332312.0,1023833472.0
2015-11-27,163.26,163.26,157.67,156.93,138244928.0,1189332480.0
2015-11-26,164.19,164.94,163.45,163.08,63890544.0,562838976.0
2015-11-25,163.82,164.57,164.01,162.89,55873052.0,490380288.0
2015-11-24,164.38,164.75,164.01,163.26,69221216.0,608544000.0
2015-11-23,165.5,166.43,164.75,164.01,95567272.0,846174272.0
2015-11-20,165.13,166.81,165.69,164.38,144674672.0,1287604864.0
2015-11-19,164.01,165.87,165.31,163.08,136503648.0,1203689472.0
2015-11-18,164.94,166.81,164.57,162.52,168152928.0,1482333312.0
2015-11-17,164.38,166.99,164.57,164.01,180974640.0,1608037504.0
2015-11-16,162.15,164.57,164.38,161.77,110505880.0,967788480.0
2015-11-13,164.38,165.69,163.82,163.64,91859984.0,810752128.0
2015-11-12,166.62,166.62,165.5,164.38,106187744.0,942064960.0
2015-11-11,168.48,168.48,165.87,164.01,167012992.0,1487484544.0
2015-11-10,168.3,170.72,168.48,167.92,203659296.0,1841776768.0
2015-11-09,166.62,177.06,170.16,166.62,415402080.0,3849747200.0
2015-11-06,165.13,166.62,165.69,163.08,215408176.0,1903659008.0
2015-11-05,162.15,170.72,165.13,161.96,334769952.0,2992415232.0
2015-11-04,159.16,163.45,162.89,158.98,166982656.0,1447526656.0
2015-11-03,159.72,159.91,159.16,158.79,75306136.0,643466880.0
2015-11-02,159.54,160.84,158.98,158.6,86256656.0,738908096.0
2015-10-30,159.91,161.77,160.28,159.72,95322120.0,822739200.0
2015-10-29,160.84,161.59,159.91,159.72,59244736.0,510483456.0
2015-10-28,161.21,162.89,161.03,160.65,67097192.0,581100096.0
2015-10-27,163.08,163.45,161.96,161.4,65855264.0,572810816.0
2015-10-26,163.64,164.19,163.08,162.52,80923056.0,709128960.0
2015-10-23,162.7,163.26,162.7,161.77,89185816.0,777319808.0
2015-10-22,163.26,166.43,163.08,162.33,130067008.0,1140117120.0
2015-10-21,159.72,175.19,167.74,159.16,247620608.0,2158251264.0
2015-10-20,159.35,159.91,159.72,158.98,69701216.0,596086208.0
2015-10-19,160.47,161.03,159.72,159.35,85880432.0,737405760.0
2015-10-16,160.65,161.59,160.65,159.54,109272848.0,940783872.0
2015-10-15,159.35,160.84,160.28,158.6,84921288.0,727814016.0
2015-10-14,159.16,160.09,159.16,158.79,40845256.0,349037632.0
2015-10-13,160.65,161.21,160.09,159.72,59659568.0,512972928.0
2015-10-12,158.79,163.45,161.21,158.23,135062864.0,1163618560.0
2015-10-09,158.98,159.72,158.42,157.67,55643468.0,473329792.0
2015-10-08,161.03,161.21,158.04,157.49,70530152.0,602781504.0
2015-09-30,157.86,159.35,157.49,157.11,36763264.0,312233856.0
2015-09-29,157.49,159.35,157.86,156.0,52630736.0,443780288.0
2015-09-28,162.15,162.7,160.47,158.79,41078048.0,355562464.0
2015-09-25,159.91,166.81,164.19,157.86,89963912.0,779695744.0
2015-09-24,161.4,161.77,159.91,159.35,36279464.0,312144032.0
2015-09-23,162.89,163.82,160.47,160.47,52796816.0,458920800.0
2015-09-22,163.08,165.87,163.64,162.15,75167648.0,663095872.0
2015-09-21,162.33,164.19,163.26,161.59,50901928.0,445790720.0
2015-09-18,163.08,165.31,163.26,163.08,55935224.0,493359168.0
2015-09-17,166.06,167.74,163.26,163.08,93643112.0,829407808.0
2015-09-16,166.99,170.53,167.36,165.13,120278392.0,1079577088.0
2015-09-15,165.13,169.04,168.48,163.08,208792624.0,1868352512.0
2015-09-14,159.72,171.09,169.23,153.76,394909792.0,3495821312.0
2015-09-11,159.35,160.84,160.09,158.6,59208368.0,507403552.0
2015-09-10,156.93,161.03,160.65,156.37,126104720.0,1075609600.0
2015-09-09,158.04,159.16,158.42,156.55,136093760.0,1151730048.0
2015-09-08,155.62,163.82,157.86,153.38,155104864.0,1314948736.0
2015-09-07,169.23,169.23,156.93,155.62,252584544.0,2191700480.0
2015-09-02,160.28,173.51,172.96,159.54,522251680.0,4716634624.0
2015-09-01,154.88,167.18,166.06,153.01,440562368.0,3814073344.0
2015-08-31,151.89,160.28,159.72,147.42,262477776.0,2147682048.0
2015-08-28,153.76,154.5,152.83,149.84,212674576.0,1737097216.0
2015-08-27,147.24,154.69,153.94,142.2,303650560.0,2407105024.0
2015-08-26,140.15,147.98,144.81,135.31,312902048.0,2392285184.0
2015-08-25,143.51,149.47,139.22,133.07,373245344.0,2862890752.0
2015-08-24,154.32,155.62,147.61,142.76,352847488.0,2792632576.0
2015-08-21,164.01,166.62,158.6,158.04,186150448.0,1626677248.0
2015-08-20,164.38,167.74,163.26,162.52,147194336.0,1300332672.0
2015-08-19,164.57,166.62,166.43,159.54,228822016.0,1993519872.0
2015-08-18,166.99,169.04,162.33,162.15,171476256.0,1527887232.0
2015-08-17,168.11,168.67,166.99,166.25,113330992.0,1014732736.0
2015-08-14,169.97,170.53,168.85,168.48,106445816.0,966491840.0
2015-08-13,172.58,172.58,169.97,168.11,123210664.0,1122948608.0
2015-08-12,171.28,172.77,171.09,169.6,137011296.0,1259153024.0
2015-08-11,174.82,175.19,172.96,172.58,161426144.0,1504814976.0
2015-08-10,172.21,176.12,175.94,171.28,250378496.0,2337629184.0
2015-08-07,176.31,176.5,173.89,172.96,146855264.0,1375838080.0
2015-08-06,173.33,176.68,174.45,172.96,121330992.0,1140580864.0
2015-08-05,174.45,176.87,173.89,173.7,121166744.0,1138806528.0
2015-08-04,173.51,176.87,176.12,171.84,177798880.0,1670010368.0
2015-08-03,167.92,176.5,174.07,167.36,293038976.0,2710127360.0
2015-07-31,169.41,170.91,169.41,166.99,158071136.0,1430602112.0
2015-07-30,168.85,170.91,168.67,166.25,260764400.0,2356938240.0
2015-07-29,169.23,169.6,168.85,166.62,232715920.0,2099998848.0
2015-07-28,161.21,171.09,169.79,159.72,497893792.0,4488798208.0
2015-07-27,173.51,175.75,163.08,161.96,364454432.0,3339241216.0
2015-07-24,179.66,179.66,175.94,175.75,430279392.0,4110407680.0
2015-07-23,177.61,180.6,179.85,176.12,326235232.0,3132739328.0
2015-07-22,178.36,180.04,177.99,177.43,244814464.0,2342385664.0
2015-07-21,180.41,181.71,179.29,178.36,281851680.0,2717841920.0
2015-07-20,181.9,183.39,181.34,180.97,336668608.0,3286808832.0
2015-07-17,184.14,185.07,183.21,180.97,389065088.0,3816040192.0
2015-07-16,187.31,187.31,182.65,180.78,404773536.0,3973577728.0
2015-07-15,179.85,187.68,187.31,179.29,706123328.0,6942934016.0
2015-07-14,182.46,184.32,180.97,177.06,676582400.0,6555977728.0
2015-07-13,186.37,192.9,186.75,182.46,914705344.0,9159634944.0
2015-07-10,191.59,210.79,194.01,184.32,1485345920.0,15796315136.0
2015-07-09,189.91,204.64,197.37,180.6,1052869568.0,10869227520.0
2015-07-08,187.31,207.99,189.91,180.04,1632485760.0,17093279744.0
2015-07-07,177.61,199.98,199.98,177.24,1647837312.0,16825612288.0
2015-07-06,183.56,183.56,181.9,175.26,1210154496.0,11825240064.0
2015-07-03,180.06,180.06,171.01,163.27,698387648.0,6591895040.0
2015-07-02,178.4,180.42,176.37,168.8,686676992.0,6568562688.0
2015-07-01,179.87,182.27,176.37,175.26,636689408.0,6166608384.0
2015-06-30,174.34,185.59,183.38,173.78,943689536.0,9229600768.0
2015-06-29,171.57,178.03,173.6,162.34,996628224.0,9309568000.0
2015-06-26,170.28,178.03,167.51,159.95,710873408.0,6562867712.0
2015-06-25,185.96,186.88,173.41,172.49,760364416.0,7482524160.0
2015-06-24,172.86,183.93,180.98,171.01,858644032.0,8147663872.0
2015-06-23,169.35,172.31,171.94,160.68,712235712.0,6487834112.0
2015-06-19,176.55,180.24,168.99,166.77,570038976.0,5398404608.0
2015-06-18,186.33,187.07,178.58,177.66,677358912.0,6686074880.0
2015-06-17,189.83,190.57,188.17,185.41,613511360.0,6229125120.0
2015-06-16,192.05,195.92,187.8,184.67,645504832.0,6674964992.0
2015-06-15,203.67,204.78,193.34,191.86,682486528.0,7315319808.0
2015-06-12,202.75,205.33,202.75,200.16,654091840.0,7185094144.0
2015-06-11,202.93,203.85,201.64,198.5,506965632.0,5537071616.0
2015-06-10,199.24,206.44,203.12,197.21,678187904.0,7441705472.0
2015-06-09,205.7,207.54,200.35,197.76,741548608.0,8154038784.0
2015-06-08,193.89,205.88,204.78,192.42,1099752448.0,11935195136.0
2015-06-05,199.06,200.16,194.44,190.02,632704960.0,6687918592.0
2015-06-04,192.78,199.61,195.55,184.48,949662400.0,9990001664.0
2015-06-03,193.34,194.81,192.42,189.46,390460224.0,4065165824.0
2015-06-02,191.49,196.1,193.89,190.2,438933376.0,4597187584.0
2015-06-01,185.04,193.15,191.86,181.9,486693440.0,4970260992.0
2015-05-29,185.96,188.36,184.85,181.72,379819296.0,3815392512.0
2015-05-28,197.21,197.77,185.41,184.48,472747936.0,4941371904.0
2015-05-27,199.24,200.9,197.21,195.92,380306144.0,4081400064.0
2015-05-26,199.06,199.79,199.06,196.1,461105088.0,4948429312.0
2015-05-25,197.03,199.24,198.87,196.1,600567488.0,6422991872.0
2015-05-22,192.97,196.66,196.1,190.94,404564416.0,4276726016.0
2015-05-21,193.89,194.26,191.49,188.36,214100272.0,2226318848.0
2015-05-20,190.02,194.63,190.75,189.09,391518688.0,4070801664.0
2015-05-19,183.93,190.75,189.46,183.56,319753536.0,3258780928.0
2015-05-18,186.7,189.46,183.93,183.38,273180672.0,2752405504.0
2015-05-15,191.86,195.18,187.8,186.51,330847776.0,3412426496.0
2015-05-14,192.23,197.21,193.52,192.05,404336096.0,4259382016.0
2015-05-13,196.1,197.95,192.05,191.12,341774720.0,3594496256.0
2015-05-12,195.55,197.03,195.55,193.71,356349568.0,3771613696.0
2015-05-11,191.86,196.47,195.92,189.83,545406464.0,5699396096.0
2015-05-08,199.79,201.27,195.74,191.12,463284864.0,4907527680.0
2015-05-07,198.32,202.01,198.32,197.03,451538752.0,4880877568.0
2015-05-06,198.69,204.04,199.79,196.47,837276480.0,9125035008.0
2015-05-05,199.98,199.98,195.55,193.34,522638784.0,5574787584.0
2015-05-04,195.92,200.53,199.79,194.08,461144640.0,4969835008.0
2015-04-30,197.95,200.16,195.92,195.74,386326048.0,4144015872.0
2015-04-29,201.09,201.09,197.95,196.47,462244704.0,4982746112.0
2015-04-28,196.84,206.62,201.09,195.37,949274112.0,10329677824.0
2015-04-27,192.78,198.32,196.66,192.78,531775360.0,5650597888.0
2015-04-24,193.71,196.47,192.42,189.09,475742688.0,4957635584.0
2015-04-23,200.53,202.19,197.21,195.18,530523488.0,5708919808.0
2015-04-22,199.43,202.56,200.53,197.21,616671360.0,6678754816.0
2015-04-21,193.71,199.79,197.95,192.78,481457344.0,5123569664.0
2015-04-20,203.48,203.48,192.78,192.05,750478912.0,8073004544.0
2015-04-17,207.36,207.73,201.64,200.72,734615424.0,8112002048.0
2015-04-16,194.26,203.85,202.75,192.05,809354304.0,8676408320.0
2015-04-15,189.46,200.35,194.81,188.17,818396544.0,8597960704.0
2015-04-14,192.6,192.6,189.46,187.25,478680224.0,4917413888.0
2015-04-13,193.34,195.18,192.6,190.39,625740800.0,6526984704.0
2015-04-10,185.41,190.57,189.65,184.48,616295232.0,6279488512.0
2015-04-09,186.88,191.31,185.41,184.67,669469696.0,6797889536.0
2015-04-08,183.56,186.88,186.7,180.79,765067200.0,7633787904.0
2015-04-07,180.79,184.11,183.38,180.79,566390848.0,5600265216.0
2015-04-03,177.1,179.69,179.32,176.73,342126688.0,3307749376.0
2015-04-02,180.79,181.35,178.4,176.55,403085952.0,3903769600.0
2015-04-01,178.58,181.72,180.06,177.47,382834656.0,3730693888.0
2015-03-31,182.64,185.41,178.95,176.73,619078592.0,6108713472.0
2015-03-30,176.73,181.16,180.61,175.44,606445120.0,5883942400.0
2015-03-27,174.71,176.37,175.44,173.04,310386976.0,2940919296.0
2015-03-26,173.41,176.55,174.52,171.38,333613696.0,3147911936.0
2015-03-25,177.1,177.47,173.97,172.86,398950272.0,3785983488.0
2015-03-24,179.69,181.35,178.4,177.66,480539360.0,4657713664.0
2015-03-23,178.76,180.79,180.06,177.84,477543392.0,4644250624.0
2015-03-20,175.44,181.16,177.66,173.41,594990272.0,5707678208.0
2015-03-19,177.66,177.66,175.44,174.52,416405120.0,3967541504.0
2015-03-18,174.34,177.84,177.66,173.6,592845760.0,5650525184.0
2015-03-17,174.15,175.26,174.15,172.12,402611360.0,3786934016.0
2015-03-16,172.12,174.34,173.23,169.91,350546720.0,3274637824.0
2015-03-13,172.86,177.66,172.12,171.2,460784768.0,4349991936.0
2015-03-12,170.09,176.18,173.04,168.06,621640704.0,5805733376.0
2015-03-11,166.03,169.91,166.59,166.03,241368592.0,2195296000.0
2015-03-10,168.06,168.43,166.03,165.66,266623632.0,2409477888.0
2015-03-09,161.61,171.75,170.09,159.58,516647104.0,4659816960.0
2015-03-06,161.24,163.08,161.61,160.68,170561056.0,1497913216.0
2015-03-05,164.19,164.93,161.42,159.76,283831904.0,2487481856.0
2015-03-04,167.51,167.51,165.3,164.19,198928432.0,1783976064.0
2015-03-03,169.54,169.72,166.03,165.85,308253216.0,2792812032.0
2015-03-02,171.2,171.38,170.46,168.99,244195488.0,2249752832.0
2015-02-27,171.01,171.94,170.28,169.72,178920080.0,1656329984.0
2015-02-26,167.88,171.57,171.01,166.59,244481248.0,2245001472.0
2015-02-25,170.65,170.65,168.43,166.96,179553456.0,1638342016.0
2015-02-17,170.09,171.75,170.46,170.09,134949760.0,1249718656.0
2015-02-16,171.38,171.57,170.09,169.17,236974032.0,2183054080.0
2015-02-13,171.38,173.97,171.57,170.46,268985120.0,2509362176.0
2015-02-12,172.49,172.68,171.57,168.8,165471104.0,1530808576.0
2015-02-11,172.12,174.15,172.49,171.57,152280880.0,1425179136.0
2015-02-10,170.28,173.78,172.12,169.17,271605920.0,2530272768.0
2015-02-09,167.33,172.31,170.46,166.59,263163216.0,2419981312.0
2015-02-06,167.14,170.65,167.33,164.93,236736640.0,2156359680.0
2015-02-05,175.63,177.1,167.69,167.33,409113952.0,3830298624.0
2015-02-04,172.68,173.04,168.62,168.25,222722080.0,2061440640.0
2015-02-03,169.72,173.23,172.68,168.62,318330176.0,2950561536.0
2015-02-02,163.45,172.68,169.17,163.27,622548160.0,5679591936.0
2015-01-30,180.06,181.16,174.71,174.15,390064320.0,3747023360.0
2015-01-29,179.69,180.42,177.66,176.55,321400832.0,3107153408.0
2015-01-28,184.48,187.8,183.38,182.27,279104128.0,2786217472.0
2015-01-27,193.52,194.07,187.99,182.64,419481984.0,4262981120.0
2015-01-26,192.97,194.44,193.52,190.02,475265760.0,4963831808.0
2015-01-23,187.25,193.34,191.49,187.25,577583168.0,5967115264.0
2015-01-22,184.11,189.65,187.8,182.45,530978560.0,5378543104.0
2015-01-21,175.07,185.96,184.11,172.86,662277504.0,6444686336.0
2015-01-20,169.54,176.0,174.89,167.51,673525248.0,6304153088.0
2015-01-19,173.23,178.58,169.54,169.54,796088320.0,7425297920.0
2015-01-16,188.73,190.94,188.36,185.96,550566912.0,5632437248.0
2015-01-15,183.74,188.91,188.73,181.16,461766816.0,4646087680.0
2015-01-14,183.01,186.88,183.38,181.72,366463968.0,3657445376.0
2015-01-13,184.3,186.14,181.53,180.79,312574272.0,3100486656.0
2015-01-12,187.99,190.02,184.3,179.87,530982400.0,5332598784.0
2015-01-09,186.88,197.03,188.17,185.22,768649792.0,7966614528.0
2015-01-08,194.31,195.22,186.8,184.78,485168416.0,4990242304.0
2015-01-07,188.26,194.31,192.48,186.8,578704512.0,6022849024.0
2015-01-06,195.96,197.79,190.83,188.26,896571648.0,9393249280.0
2015-01-05,199.07,200.72,197.42,192.29,913887360.0,9793212416.0
2014-12-31,196.14,200.53,199.25,191.56,770719296.0,8292105728.0
2014-12-30,197.24,201.08,197.42,192.66,746930816.0,8042287104.0
2014-12-29,203.28,211.34,196.5,192.11,1167333888.0,12851677184.0
2014-12-26,198.52,202.37,199.62,192.29,1118918144.0,12083848192.0
2014-12-25,195.96,201.45,196.69,189.54,973699264.0,10414744576.0
2014-12-24,188.63,197.24,188.63,182.77,965884992.0,9963641856.0
2014-12-23,185.88,203.28,192.29,182.04,1189845120.0,12610959360.0
2014-12-22,173.8,193.76,192.48,172.7,1906953216.0,19578636288.0
2014-12-19,175.63,179.11,176.36,170.32,1012076544.0,9659527168.0
2014-12-18,181.12,182.95,175.63,173.98,1631355648.0,15851773952.0
2014-12-17,158.41,173.43,173.43,157.31,2313786624.0,21432940544.0
2014-12-16,150.17,157.86,157.68,149.07,798483072.0,6692107776.0
2014-12-15,150.9,152.19,150.72,146.69,569486400.0,4637135872.0
2014-12-12,156.58,160.24,154.2,152.19,598016384.0,5103561216.0
2014-12-11,154.02,162.99,157.68,152.92,825288064.0,7159968768.0
2014-12-10,153.65,160.24,158.23,145.78,1121543168.0,9392618496.0
2014-12-09,165.74,173.98,152.55,152.37,1337520128.0,12126954496.0
2014-12-08,164.82,171.23,169.22,159.51,1326329472.0,12135130112.0
2014-12-05,165.74,173.98,166.47,157.5,1646827264.0,15000566784.0
2014-12-04,152.0,164.82,164.64,148.52,1403564672.0,12005710848.0
2014-12-03,147.97,158.96,150.54,147.24,1836898048.0,15244498944.0
2014-12-02,136.44,144.86,144.86,134.24,1444964352.0,11050961920.0
2014-12-01,134.97,140.83,131.67,131.49,995278208.0,7374012416.0
2014-11-28,124.17,134.6,134.24,123.8,1259134208.0,8921138176.0
2014-11-27,123.62,125.45,123.62,122.15,566373504.0,3829116672.0
2014-11-26,120.32,123.62,122.7,119.77,548604416.0,3648671488.0
2014-11-25,118.49,120.69,120.32,117.94,396369856.0,2574781440.0
2014-11-24,117.39,120.69,119.22,115.56,523676832.0,3375082240.0
2014-11-21,117.94,120.5,119.95,116.84,228009984.0,1475529472.0
2014-11-20,117.57,118.49,117.94,116.66,161363312.0,1036577216.0
2014-11-19,118.12,118.67,118.12,117.02,149441360.0,961194048.0
2014-11-18,120.5,120.69,118.31,117.57,240400880.0,1557987200.0
2014-11-17,124.53,125.45,120.5,119.95,283475200.0,1888834304.0
2014-11-14,124.17,125.45,123.98,122.7,218664432.0,1477690880.0
2014-11-13,125.27,128.74,125.08,124.53,510844896.0,3530925568.0
2014-11-12,122.7,124.9,124.72,121.78,374175104.0,2524230912.0
2014-11-11,122.52,126.91,124.53,122.15,861561536.0,5868508160.0
2014-11-10,123.62,126.36,121.42,119.04,793423488.0,5263065600.0
2014-11-07,115.92,118.12,116.11,115.38,307848832.0,1962236160.0
2014-11-06,115.92,116.47,115.92,115.38,109381696.0,692384128.0
2014-11-05,115.56,116.29,115.92,114.64,138242464.0,871322880.0
2014-11-04,116.66,116.66,115.56,115.19,171581936.0,1083480064.0
2014-11-03,117.94,118.12,116.66,116.29,274406048.0,1752037632.0
2014-10-31,115.38,119.77,117.94,114.83,533327296.0,3419034880.0
2014-10-30,114.28,115.74,114.83,113.54,188548016.0,1179587328.0
2014-10-29,113.36,115.01,114.46,112.99,132140256.0,821732480.0
2014-10-28,112.08,113.36,113.18,112.08,92995160.0,571549696.0
2014-10-27,113.18,113.54,112.08,111.71,95275600.0,584180800.0
2014-10-24,113.91,114.28,113.73,113.18,84763776.0,526213152.0
2014-10-23,114.28,114.83,113.91,113.54,102363816.0,638942400.0
2014-10-22,114.28,114.83,114.28,114.09,79301152.0,495243104.0
2014-10-21,115.38,115.38,114.28,114.09,74036784.0,463474592.0
2014-10-20,115.38,115.56,115.38,114.83,111198392.0,699296192.0
2014-10-17,115.01,115.38,115.01,114.28,129508416.0,811120192.0
2014-10-16,114.09,116.29,115.19,113.73,200483152.0,1260124928.0
2014-10-15,114.83,115.56,114.64,113.73,113210224.0,708648640.0
2014-10-14,114.28,115.38,114.46,114.09,101345224.0,633837248.0
2014-10-13,115.56,115.74,114.64,113.91,121474840.0,759289088.0
2014-10-10,116.84,117.02,115.92,115.56,130875736.0,830203200.0
2014-10-09,117.76,117.76,117.57,116.66,189974080.0,1214740864.0
2014-10-08,114.64,117.76,117.57,114.28,303653472.0,1923792256.0
2014-09-30,114.28,114.46,114.28,113.73,106822176.0,665383488.0
2014-09-29,114.09,114.46,114.28,113.91,126343800.0,787481856.0
2014-09-26,114.28,114.46,114.09,113.36,91293328.0,567278656.0
2014-09-25,115.38,115.74,114.46,113.73,163419488.0,1023880576.0
2014-09-24,113.18,115.38,115.01,112.81,208960960.0,1302472064.0
2014-09-23,113.18,113.91,113.54,112.99,91766496.0,568440000.0
2014-09-22,115.19,115.38,113.18,112.81,152234288.0,945642752.0
2014-09-19,115.38,115.92,115.56,114.83,112112072.0,705770624.0
2014-09-18,114.46,116.84,115.38,114.09,154505904.0,973730752.0
2014-09-17,115.38,115.38,114.64,114.46,122143168.0,766227712.0
2014-09-16,115.74,116.29,114.83,114.46,164849488.0,1039333312.0
2014-09-15,115.92,115.92,115.56,115.01,112374544.0,708609536.0
2014-09-12,115.74,116.29,116.29,115.56,81336192.0,514580096.0
2014-09-11,115.74,117.39,116.29,115.56,150595920.0,956352512.0
2014-09-10,116.84,116.84,115.92,115.74,96706736.0,613679232.0
2014-09-09,118.12,118.31,117.21,116.84,96577376.0,618626368.0
2014-09-05,117.57,118.12,117.94,116.84,151632528.0,973213504.0
2014-09-04,116.84,117.39,117.21,116.11,138618976.0,883248896.0
2014-09-03,115.92,117.21,116.66,115.74,177177024.0,1128969856.0
2014-09-02,114.46,116.29,116.11,113.73,167521504.0,1050991488.0
2014-09-01,114.28,114.83,114.46,113.36,115027160.0,716139712.0
2014-08-29,113.36,114.83,114.64,113.18,70755952.0,441384576.0
2014-08-28,115.01,115.38,113.54,113.36,88004576.0,549080704.0
2014-08-27,115.74,115.74,115.01,114.64,59079536.0,371573280.0
2014-08-26,115.01,115.74,115.56,114.64,95347720.0,600835712.0
2014-08-25,116.11,116.29,115.01,114.83,68476896.0,431255200.0
2014-08-22,115.38,116.47,115.92,115.38,97717480.0,619333056.0
2014-08-21,116.29,116.47,115.74,114.64,103152224.0,650406464.0
2014-08-20,117.02,117.02,116.47,116.11,78557200.0,499797504.0
2014-08-19,116.29,117.21,117.21,115.74,139361520.0,886124928.0
2014-08-18,116.29,117.02,116.29,115.38,113878352.0,722536448.0
2014-08-15,115.92,116.84,116.29,115.19,112471544.0,712865920.0
2014-08-14,117.21,117.57,115.92,115.56,116859424.0,743412992.0
2014-08-13,117.76,118.31,117.21,116.29,100218672.0,641038208.0
2014-08-12,118.12,118.31,117.76,117.02,104322528.0,669669632.0
2014-08-11,117.76,119.04,118.67,117.21,99029296.0,640299712.0
2014-08-08,117.02,117.94,117.21,116.47,86135112.0,551381120.0
2014-08-07,119.04,119.4,117.02,116.84,124967952.0,804497664.0
2014-08-06,120.5,120.69,119.22,118.12,150534496.0,979893248.0
2014-08-05,122.52,122.7,121.05,120.5,134444688.0,889559936.0
2014-08-04,120.32,122.52,122.52,120.14,151611760.0,1006147264.0
2014-08-01,121.42,122.7,120.32,120.32,173057216.0,1147927424.0
2014-07-31,120.32,121.97,121.78,119.77,127589504.0,840303232.0
2014-07-30,121.05,122.52,120.5,119.95,155431184.0,1027819648.0
2014-07-29,121.6,122.33,121.05,119.59,208190592.0,1375379072.0
2014-07-28,114.64,122.15,121.23,114.46,398118048.0,2601923584.0
2014-07-25,113.91,114.64,114.28,112.99,124210624.0,771959808.0
2014-07-24,110.61,114.46,113.54,110.25,250577152.0,1541968256.0
2014-07-23,110.25,111.35,110.43,110.06,95127048.0,575258752.0
2014-07-22,108.6,110.8,110.43,108.23,102159856.0,612872064.0
2014-07-21,109.88,110.06,108.97,108.6,75751584.0,451284480.0
2014-07-18,109.88,110.25,110.06,109.52,63895776.0,383628544.0
2014-07-17,110.43,110.61,110.06,109.52,55001904.0,330220640.0
2014-07-16,110.43,110.61,110.61,109.7,56753128.0,341708384.0
2014-07-15,110.61,110.61,110.43,110.06,77327424.0,466083968.0
2014-07-14,110.8,110.98,110.8,109.52,78880568.0,473931168.0
2014-07-11,110.8,111.16,110.8,110.25,51717612.0,312504320.0
2014-07-10,111.9,112.26,110.8,109.7,94762824.0,572733056.0
2014-07-09,113.54,113.54,111.9,111.71,69141720.0,424826304.0
2014-07-07,114.09,114.09,113.73,113.54,39434156.0,244879056.0
2014-07-04,114.46,114.64,114.09,113.54,68496792.0,426301120.0
2014-07-03,114.09,114.64,114.64,113.54,67285048.0,419665696.0
2014-07-02,114.09,114.46,114.09,113.36,40427840.0,251664224.0
2014-07-01,114.46,114.46,113.73,113.54,41943192.0,260924624.0
2014-06-30,113.73,114.46,113.73,113.36,65622160.0,408693792.0
2014-06-27,114.28,114.46,113.36,113.18,64730792.0,401388128.0
2014-06-26,114.46,114.83,114.46,113.73,80363184.0,501227392.0
2014-06-25,114.83,115.38,114.46,113.54,41146540.0,256551072.0
2014-06-24,114.91,115.21,114.46,114.01,62418232.0,475017280.0
2014-06-23,116.12,116.57,114.91,114.46,43173600.0,331359456.0
2014-06-20,114.91,116.27,116.12,114.76,52763340.0,404874432.0
2014-06-19,115.36,115.97,114.91,114.16,56924388.0,435308096.0
2014-06-18,114.76,115.66,115.36,114.61,54994332.0,420931200.0
2014-06-17,114.61,115.66,114.76,114.01,91014768.0,693303744.0
2014-06-16,112.5,117.32,115.66,112.2,181344832.0,1383210752.0
2014-06-13,110.39,113.86,112.2,110.39,115382880.0,859954944.0
2014-06-12,111.15,111.3,110.54,110.09,63932536.0,469871584.0
2014-06-11,111.9,111.9,111.15,110.84,53825168.0,397606560.0
2014-06-10,112.05,112.35,112.2,111.0,70074448.0,520195968.0
2014-06-09,110.39,112.65,111.15,110.24,48830400.0,361919360.0
2014-06-06,112.5,112.5,111.45,109.94,54167824.0,399247296.0
2014-06-05,111.3,112.5,112.35,110.84,42683400.0,317240352.0
2014-06-04,112.05,112.05,111.45,110.84,33892008.0,250370960.0
2014-06-03,112.35,112.95,112.05,111.9,35322516.0,263687440.0
2014-05-30,111.75,112.95,112.2,111.45,48703256.0,362849024.0
2014-05-29,112.2,112.8,111.75,111.6,51082616.0,381096192.0
2014-05-28,112.05,112.65,112.2,111.0,52433804.0,389088320.0
2014-05-27,112.8,112.95,112.05,111.9,39716356.0,296645760.0
2014-05-26,112.8,113.41,112.8,112.35,73804592.0,552391808.0
2014-05-23,111.75,112.65,112.35,111.3,40972512.0,304626304.0
2014-05-22,111.45,113.56,111.6,111.15,55704448.0,416010880.0
2014-05-21,110.39,111.75,111.45,108.89,50103988.0,369040192.0
2014-05-20,112.35,112.5,111.0,110.54,64990456.0,479599616.0
2014-05-19,115.21,115.66,111.75,111.15,73326992.0,550127872.0
2014-05-16,115.36,116.12,115.66,114.91,46711696.0,359269024.0
2014-05-15,115.66,115.97,115.21,115.21,70527552.0,541165632.0
2014-05-14,115.81,116.72,115.66,115.36,61138596.0,470772992.0
2014-05-13,116.57,116.57,115.97,115.66,68097888.0,525273728.0
2014-05-12,115.81,117.32,116.57,115.06,96540784.0,746742848.0
2014-05-09,116.27,116.27,115.21,115.06,39927352.0,306190112.0
2014-05-08,115.97,117.47,115.51,115.36,46831176.0,361987904.0
2014-05-07,116.57,116.87,115.97,115.66,68030408.0,524420928.0
2014-05-06,116.27,117.47,116.57,115.81,48531912.0,375579872.0
2014-05-05,117.77,118.07,116.87,115.06,89994560.0,695776896.0
2014-04-30,118.98,120.18,118.53,118.38,74805160.0,592577664.0
2014-04-29,118.83,119.58,119.43,117.32,68826064.0,541203520.0
2014-04-28,118.22,119.43,118.53,116.72,95623488.0,750984384.0
2014-04-25,119.73,121.09,117.77,117.62,111324888.0,880417344.0
2014-04-24,118.98,121.24,118.98,118.68,79643496.0,634121216.0
2014-04-23,118.98,119.88,119.43,118.07,148776240.0,1178305664.0
2014-04-22,115.97,120.33,119.73,115.97,110540560.0,864315328.0
2014-04-21,117.02,118.22,116.12,116.12,84198104.0,656395712.0
2014-04-18,116.57,118.98,118.38,114.76,156329664.0,1209953536.0
2014-04-17,118.22,118.53,117.47,116.12,60689152.0,472415200.0
2014-04-16,117.47,119.28,117.47,116.72,69499240.0,543341696.0
2014-04-15,120.48,120.94,117.92,117.62,82189376.0,647084864.0
2014-04-14,121.24,121.84,120.78,120.18,46337444.0,371374848.0
2014-04-11,120.78,122.74,121.39,120.03,121882208.0,980694272.0
2014-04-10,121.24,123.65,121.99,120.03,148066144.0,1195925760.0
2014-04-09,122.59,122.89,121.24,120.94,93490176.0,756605760.0
2014-04-08,117.47,124.1,122.59,117.17,287118560.0,2313961472.0
2014-04-04,114.91,117.62,117.02,114.61,59106364.0,457184192.0
2014-04-03,117.62,118.83,115.81,115.51,103113152.0,802065728.0
2014-04-02,114.91,117.62,117.32,114.31,104119136.0,803364352.0
2014-04-01,115.36,116.12,115.06,114.01,78276184.0,597294784.0
2014-03-31,116.12,118.07,115.36,113.71,147206704.0,1125465600.0
2014-03-28,117.47,120.33,118.22,116.42,155452640.0,1224562816.0
2014-03-27,113.41,121.09,117.77,112.65,227829104.0,1776324352.0
2014-03-26,113.41,114.01,113.71,112.65,37958340.0,285728736.0
2014-03-25,114.76,115.51,113.25,112.65,79522768.0,600820800.0
2014-03-24,114.01,116.72,114.76,112.95,143486160.0,1096737920.0
2014-03-21,107.83,114.46,113.86,107.53,181018336.0,1342391936.0
2014-03-20,108.13,111.15,108.44,108.13,73541096.0,535097472.0
2014-03-19,110.39,110.39,108.89,107.38,99700000.0,717461760.0
2014-03-18,113.25,113.71,111.15,110.54,90094744.0,668973824.0
2014-03-17,114.46,115.06,113.1,111.75,59608052.0,447211680.0
2014-03-14,114.61,116.87,113.56,112.8,106562288.0,810856000.0
2014-03-13,115.21,118.22,114.91,114.31,126199336.0,974105088.0
2014-03-12,111.9,115.51,113.71,111.0,105115952.0,792369408.0
2014-03-11,111.6,114.91,112.35,111.6,84153240.0,630306752.0
2014-03-10,115.97,115.97,112.2,112.05,110724312.0,836592768.0
2014-03-07,116.27,120.18,116.87,116.12,150329520.0,1179076864.0
2014-03-06,113.56,117.92,116.72,113.1,152129344.0,1173884544.0
2014-03-05,116.57,117.92,113.56,113.41,113592536.0,869299072.0
2014-03-04,111.6,117.92,116.27,111.15,132075856.0,1000205952.0
2014-03-03,112.65,113.1,112.5,110.84,85320048.0,633754560.0
2014-02-28,112.8,115.06,113.41,110.54,121084128.0,908170688.0
2014-02-27,110.69,115.97,114.16,109.34,187961072.0,1410160256.0
2014-02-26,108.59,111.45,110.39,108.44,111312000.0,813049664.0
2014-02-25,111.3,112.8,109.94,109.19,85845424.0,633399680.0
2014-02-24,114.16,114.16,111.75,110.09,121192048.0,898079808.0
2014-02-21,117.77,118.83,115.51,114.46,92239744.0,709848384.0
2014-02-20,120.78,123.19,117.47,117.32,149448544.0,1193464576.0
2014-02-19,116.42,122.29,120.48,116.42,172870240.0,1372539520.0
2014-02-18,117.47,118.22,116.57,115.97,90486168.0,702085824.0
2014-02-17,120.63,121.54,118.22,117.32,136650656.0,1073312192.0
2014-02-14,121.24,121.54,120.33,119.43,107563280.0,859629888.0
2014-02-13,116.87,124.1,121.54,115.97,324210560.0,2595551488.0
2014-02-12,114.91,119.13,116.87,114.91,233110864.0,1814737664.0
2014-02-11,111.0,116.57,114.91,110.24,223935568.0,1703312768.0
2014-02-10,109.94,111.45,111.0,109.19,99010440.0,726592704.0
2014-02-07,109.34,109.79,109.19,108.13,67131712.0,485423040.0
2014-01-30,110.69,111.6,110.54,110.09,74464288.0,548243904.0
2014-01-29,108.44,111.75,111.15,107.83,125008688.0,917888448.0
2014-01-28,106.48,108.44,108.28,106.33,94876368.0,677471872.0
2014-01-27,105.42,106.78,106.18,104.22,88296952.0,620036672.0
2014-01-24,105.72,106.93,106.33,105.12,75005976.0,529057920.0
2014-01-23,107.68,107.68,106.18,105.88,85076608.0,601415296.0
2014-01-22,105.42,107.98,107.68,104.97,91056536.0,646539584.0
2014-01-21,104.67,106.03,105.42,104.37,65796112.0,459347840.0
2014-01-20,106.03,106.03,104.67,103.92,95586056.0,664174912.0
2014-01-17,108.74,108.74,106.33,106.33,93640216.0,664912448.0
2014-01-16,110.09,110.09,109.04,108.89,59344832.0,431063872.0
2014-01-15,110.24,110.39,109.64,109.34,46741960.0,340548576.0
2014-01-14,109.94,110.84,110.39,109.34,54382484.0,397312864.0
2014-01-13,110.39,111.0,109.94,109.19,72069184.0,525818208.0
2014-01-10,109.79,111.0,110.54,109.19,71326488.0,522497376.0
2014-01-09,110.09,111.15,110.09,109.64,74121240.0,543153664.0
2014-01-08,109.94,111.45,110.39,109.19,94659712.0,692994496.0
2014-01-07,110.24,111.0,110.09,109.04,77119176.0,563210048.0
2014-01-06,114.61,114.76,111.3,110.69,118070520.0,876942208.0
2014-01-03,115.67,115.97,114.61,113.56,86647032.0,658704832.0
2014-01-02,115.51,116.72,116.42,115.21,94240592.0,725969856.0
2013-12-31,113.41,116.87,116.27,112.95,153637920.0,1176802688.0
2013-12-30,115.81,116.12,114.01,113.86,117842728.0,894205056.0
2013-12-27,114.31,116.27,115.51,114.01,107240184.0,822762304.0
2013-12-26,115.21,115.36,114.01,114.01,81754192.0,620859264.0
2013-12-25,115.36,115.67,115.51,114.16,77109064.0,587753792.0
2013-12-24,115.51,116.42,115.51,113.86,102077144.0,781673856.0
2013-12-23,116.57,116.87,115.51,114.46,116556168.0,894706240.0
2013-12-20,118.98,119.13,117.17,115.06,175310976.0,1357350400.0
2013-12-19,122.74,122.74,118.68,117.77,180862192.0,1439823872.0
2013-12-18,122.29,123.04,122.14,121.69,73113744.0,593414912.0
2013-12-17,123.65,123.8,122.44,121.99,87638752.0,715363648.0
2013-12-16,124.85,125.15,123.19,123.04,80946728.0,665912128.0
2013-12-13,124.25,125.15,124.55,123.5,89430056.0,737469760.0
2013-12-12,125.0,125.91,124.7,124.1,88136864.0,731051904.0
2013-12-11,126.66,126.96,125.3,125.0,133875080.0,1118421504.0
2013-12-10,128.32,128.47,127.56,127.26,132885944.0,1125206784.0
2013-12-09,129.22,129.22,127.86,127.41,101804488.0,864968256.0
2013-12-06,128.77,128.92,128.77,128.01,82515104.0,703597760.0
2013-12-05,129.37,129.82,128.92,128.62,93469344.0,800572224.0
2013-12-04,128.77,131.03,129.67,128.32,159725648.0,1376455936.0
2013-12-03,130.57,130.57,129.22,128.16,138450512.0,1185968384.0
2013-12-02,129.22,131.93,130.42,128.16,271046848.0,2345693184.0
2013-11-29,129.97,130.42,129.37,129.22,73597368.0,633866368.0
2013-11-28,128.92,130.57,129.22,128.31,98199712.0,844201280.0
2013-11-27,127.56,129.52,128.62,127.26,121329680.0,1033778112.0
2013-11-26,128.16,128.77,127.56,127.56,85807024.0,729060416.0
2013-11-25,128.16,129.82,128.16,127.41,80315912.0,686323712.0
2013-11-22,130.12,130.12,128.92,128.77,99955112.0,858479040.0
2013-11-21,130.72,130.72,129.22,127.26,164994560.0,1407080448.0
2013-11-20,132.68,133.28,131.48,130.27,123100576.0,1073343296.0
2013-11-19,133.44,133.44,131.48,131.03,158108096.0,1384335872.0
2013-11-18,130.72,134.79,134.04,127.71,289062720.0,2523099136.0
2013-11-15,128.62,131.78,129.97,127.41,141420416.0,1222939648.0
2013-11-14,128.16,129.37,128.62,125.0,129464768.0,1091274368.0
2013-11-13,132.68,132.98,128.77,127.86,154720416.0,1330519680.0
2013-11-12,134.04,135.24,134.64,133.28,79561144.0,709537280.0
2013-11-11,132.23,133.74,133.59,131.33,98579872.0,864875456.0
2013-11-08,133.89,134.64,132.08,132.08,80563360.0,712759296.0
2013-11-07,134.04,134.94,134.49,132.83,69911488.0,621997120.0
2013-11-06,135.39,135.39,134.04,133.74,109010672.0,971237248.0
2013-11-05,136.75,137.2,136.6,133.89,95154016.0,856604288.0
2013-11-04,139.46,140.82,137.65,137.05,72333984.0,663715264.0
2013-11-01,135.39,138.71,138.1,134.64,136015888.0,1236837888.0
2013-10-31,135.85,135.85,134.94,133.13,156844208.0,1403487872.0
2013-10-30,138.25,138.86,138.25,135.84,107496944.0,983078720.0
2013-10-29,133.89,140.51,137.8,133.89,225108448.0,2059042048.0
2013-10-28,135.09,135.24,133.74,131.93,89933176.0,795537536.0
2013-10-25,134.19,137.5,135.24,133.59,187356752.0,1683887232.0
2013-10-24,135.85,136.75,134.19,133.89,115586600.0,1036376704.0
2013-10-23,136.75,139.91,136.6,134.19,165028512.0,1505375360.0
2013-10-22,137.8,137.8,135.54,134.94,112927280.0,1018310272.0
2013-10-21,137.65,138.86,138.41,135.54,97052264.0,884834816.0
2013-10-18,137.05,139.16,137.5,136.15,119326440.0,1091729152.0
2013-10-17,138.71,139.31,136.75,136.3,96870472.0,882064512.0
2013-10-16,139.91,140.06,137.8,137.2,108158888.0,990962560.0
2013-10-15,142.62,142.92,140.36,139.76,89280968.0,834719040.0
2013-10-14,145.33,145.94,142.47,141.87,110778152.0,1049261824.0
2013-10-11,144.58,147.29,145.94,142.47,142567040.0,1373395456.0
2013-10-10,148.19,148.19,143.07,143.07,86918528.0,837717312.0
2013-10-09,144.73,148.95,146.84,143.83,116215648.0,1133816320.0
2013-10-08,143.07,146.09,145.18,140.36,109687144.0,1044182080.0
2013-09-30,144.28,144.28,143.98,141.57,75631328.0,717266752.0
2013-09-27,142.77,144.43,142.77,141.12,108197144.0,1022255744.0
2013-09-26,144.58,145.03,142.92,142.17,199647008.0,1900327040.0
2013-09-25,146.84,149.7,145.48,143.83,130275152.0,1268852224.0
2013-09-24,153.32,153.32,146.54,145.48,197145920.0,1934357632.0
2013-09-23,153.47,154.52,152.86,150.75,203546304.0,2063126400.0
2013-09-18,153.16,156.03,153.01,149.1,209066944.0,2110211584.0
2013-09-17,158.89,163.86,154.37,152.86,469130784.0,4879507456.0
2013-09-16,149.4,157.53,153.31,143.83,373354400.0,3730227968.0
2013-09-13,151.81,152.56,148.19,146.54,236284720.0,2336317184.0
2013-09-12,150.6,158.13,154.22,148.5,293411840.0,2999735808.0
2013-09-11,151.81,156.78,150.6,150.15,189872208.0,1929192192.0
2013-09-10,152.56,152.71,151.51,147.59,241397680.0,2405077760.0
2013-09-09,140.86,153.02,151.24,140.86,410342016.0,4103041792.0
2013-09-06,138.64,140.86,139.68,137.9,122526896.0,1151479552.0
2013-09-05,138.79,139.68,138.79,137.3,59706952.0,558713600.0
2013-09-04,138.34,141.31,138.49,137.9,139883376.0,1316549248.0
2013-09-03,136.56,140.12,138.04,135.82,172591856.0,1610673664.0
2013-09-02,135.52,137.45,135.08,134.04,120386016.0,1099548928.0
2013-08-30,135.23,136.12,133.89,132.85,121258152.0,1096749440.0
2013-08-29,137.16,137.9,135.23,134.34,75938872.0,694831168.0
2013-08-28,135.67,137.01,135.52,133.45,87785816.0,801778240.0
2013-08-27,138.04,139.82,137.3,136.12,82932384.0,769466112.0
2013-08-26,135.82,139.97,138.34,134.78,111664016.0,1038947584.0
2013-08-23,139.38,140.12,135.82,133.45,109218920.0,1002647936.0
2013-08-22,136.56,141.6,137.9,136.26,110285240.0,1034170304.0
2013-08-21,140.27,140.27,137.45,135.82,91671344.0,848416064.0
2013-08-20,138.64,143.09,138.79,136.86,186279408.0,1760269184.0
2013-08-19,131.97,140.42,139.08,131.67,209646704.0,1928567936.0
2013-08-16,131.67,145.01,133.75,129.0,323875040.0,2976145920.0
2013-08-15,133.6,136.41,131.82,131.52,99366176.0,896898432.0
2013-08-14,134.19,138.49,133.75,133.3,166842800.0,1525361792.0
2013-08-13,131.82,134.93,134.19,131.08,184717472.0,1661043968.0
2013-08-12,125.29,132.71,131.82,125.29,241863216.0,2116199808.0
2013-08-09,126.78,127.52,124.85,122.77,78879224.0,664781056.0
2013-08-08,126.03,128.11,125.89,125.44,70446416.0,600214720.0
2013-08-07,125.44,129.74,126.63,125.0,113249192.0,974719872.0
2013-08-06,125.29,127.07,125.89,123.66,95022792.0,802282880.0
2013-08-05,125.29,126.18,126.03,123.66,79536176.0,671812544.0
2013-08-02,127.67,129.0,124.85,123.96,90693760.0,772459008.0
2013-08-01,124.4,126.18,125.44,123.07,97348248.0,819839552.0
2013-07-31,124.55,127.67,122.77,122.18,67869672.0,567301504.0
2013-07-30,121.14,125.89,122.62,120.84,85768200.0,713654912.0
2013-07-29,122.77,122.77,120.84,119.95,105955216.0,865574144.0
2013-07-26,124.4,125.44,124.55,123.36,91447176.0,768523456.0
2013-07-25,126.03,127.81,124.55,124.11,69882496.0,591833984.0
2013-07-24,126.63,127.81,125.59,124.11,122092448.0,1030897600.0
2013-07-23,125.29,131.22,128.11,123.66,132514576.0,1145735808.0
2013-07-22,122.33,125.29,124.85,119.36,125572856.0,1040285696.0
2013-07-19,129.44,130.19,124.7,124.55,182287872.0,1551079040.0
2013-07-18,133.45,134.34,129.44,128.56,142644400.0,1252190720.0
2013-07-17,135.67,137.16,134.04,133.75,80689832.0,735162368.0
2013-07-16,134.93,136.26,136.26,133.45,103461600.0,939063296.0
2013-07-15,135.82,139.53,135.82,133.45,145173728.0,1330815232.0
2013-07-12,139.38,141.01,135.08,132.56,220870048.0,2055752192.0
2013-07-11,130.48,140.27,140.12,129.0,326850240.0,3015889664.0
2013-07-10,124.4,128.11,127.52,123.81,94082232.0,800032000.0
2013-07-09,124.4,125.29,124.55,123.81,57916088.0,486648800.0
2013-07-08,124.25,125.89,124.4,122.33,101154712.0,847658304.0
2013-07-05,125.29,127.07,125.89,125.0,96451144.0,819301760.0
2013-07-04,123.81,127.22,125.74,122.77,112073856.0,942882880.0
2013-07-03,124.55,125.59,125.14,122.03,138729824.0,1155464576.0
2013-07-02,126.92,127.52,125.74,123.36,146425376.0,1232894080.0
2013-07-01,125.89,128.26,127.37,123.96,133709592.0,1134213120.0
2013-06-28,120.7,128.26,127.07,120.1,234616400.0,1983292416.0
2013-06-27,120.84,123.37,121.73,119.66,171402752.0,1398738560.0
2013-06-26,123.05,123.05,120.86,116.64,302426432.0,2471894784.0
2013-06-25,119.84,123.77,122.9,111.54,389102176.0,3113881856.0
2013-06-24,135.86,136.0,123.92,123.92,249091824.0,2158574080.0
2013-06-21,132.22,138.19,137.61,129.31,184857232.0,1706800768.0
2013-06-20,141.25,141.25,135.28,132.8,152527264.0,1426264192.0
2013-06-19,143.87,143.87,141.97,141.1,102233480.0,996460032.0
2013-06-18,144.74,146.63,144.89,144.31,93114496.0,929560000.0
2013-06-17,145.76,146.63,144.31,143.72,99336464.0,987183360.0
2013-06-14,144.01,145.62,145.03,143.29,108141848.0,1074710784.0
2013-06-13,142.7,144.16,143.87,138.48,189115776.0,1847932672.0
2013-06-07,145.62,146.63,145.47,144.89,120666064.0,1205667456.0
2013-06-06,146.49,146.78,145.62,143.87,136585296.0,1361001728.0
2013-06-05,149.4,149.4,147.07,146.49,117771216.0,1194975616.0
2013-06-04,150.71,151.59,149.69,148.97,93557232.0,962647936.0
2013-06-03,152.75,153.48,151.15,149.84,115549696.0,1202285696.0
2013-05-31,153.19,153.92,152.31,150.42,149615872.0,1561438592.0
2013-05-30,154.35,155.23,153.04,152.31,106978216.0,1127817728.0
2013-05-29,156.39,158.28,154.79,154.5,118141536.0,1268836224.0
2013-05-28,152.02,156.68,156.39,150.71,156179024.0,1647485440.0
2013-05-27,151.44,152.9,152.17,150.71,82158000.0,858378432.0
2013-05-24,152.46,154.94,151.88,150.71,106908608.0,1118294912.0
2013-05-23,154.06,155.37,151.59,151.15,132496120.0,1391197696.0
2013-05-22,154.79,156.25,154.94,153.77,96668456.0,1029298304.0
2013-05-21,155.81,156.68,155.23,153.33,124500768.0,1325884032.0
2013-05-20,153.62,159.01,156.1,151.88,224245840.0,2402745088.0
2013-05-17,151.44,153.48,152.6,149.84,179853824.0,1874681344.0
2013-05-16,147.07,152.46,152.17,145.32,217281408.0,2232269568.0
2013-05-15,147.51,149.11,147.65,146.63,74792096.0,757073344.0
2013-05-14,148.82,149.4,147.22,146.34,112116968.0,1135994624.0
2013-05-13,151.15,151.88,149.84,148.97,86639864.0,892525504.0
2013-05-10,150.71,153.19,150.86,149.84,101803600.0,1057218880.0
2013-05-09,150.71,151.29,150.71,147.95,127478032.0,1311093504.0
2013-05-08,152.17,154.35,151.0,149.55,185766928.0,1941947392.0
2013-05-07,149.26,150.86,150.71,147.51,120425808.0,1234112768.0
2013-05-06,149.26,152.6,149.55,148.82,150602080.0,1557263104.0
2013-05-03,145.91,152.9,148.97,145.76,233370048.0,2402462208.0
2013-05-02,141.54,145.62,145.62,139.06,125145696.0,1223751040.0
2013-04-26,145.18,146.63,143.0,141.68,95530352.0,948186816.0
2013-04-25,145.76,147.07,144.6,142.85,137881696.0,1371449344.0
2013-04-24,141.97,149.84,147.51,140.81,181914080.0,1818043264.0
2013-04-23,149.84,150.28,142.12,141.97,195215168.0,1933690368.0
2013-04-22,145.62,150.86,149.11,144.89,248925504.0,2538537728.0
2013-04-19,136.15,148.09,147.22,135.57,357576192.0,3510119936.0
2013-04-18,131.78,137.46,136.15,130.03,219540416.0,2015434368.0
2013-04-17,136.88,137.75,134.69,132.37,205816256.0,1901909888.0
2013-04-16,139.5,139.79,138.63,131.05,275167488.0,2561219584.0
2013-04-15,139.35,141.1,140.52,139.21,121961584.0,1175505152.0
2013-04-12,140.66,141.54,139.79,139.5,142640160.0,1378710656.0
2013-04-11,141.83,142.27,140.52,140.37,112404120.0,1088158080.0
2013-04-10,140.96,141.68,140.37,138.63,123567416.0,1188576128.0
2013-04-09,140.08,142.56,141.25,139.94,138587856.0,1345625344.0
2013-04-08,136.59,140.37,139.65,135.57,142609328.0,1353360896.0
2013-04-03,140.52,142.56,140.96,139.94,135990064.0,1317085184.0
2013-04-02,140.96,143.0,140.23,138.48,186456608.0,1799371520.0
2013-04-01,139.06,141.98,140.96,138.19,190127184.0,1837078400.0
2013-03-29,139.21,141.39,140.37,135.71,410647392.0,3882163712.0
2013-03-28,144.16,144.6,140.08,138.34,617429376.0,5971726848.0
2013-03-27,153.04,157.12,153.62,151.29,216312848.0,2290762240.0
2013-03-26,159.01,159.59,152.9,151.59,287550272.0,3041949440.0
2013-03-25,159.89,163.38,160.18,159.45,224682272.0,2491383296.0
2013-03-22,158.87,160.91,158.72,157.7,149485488.0,1637021824.0
2013-03-21,160.18,161.63,159.3,157.26,247124544.0,2706084096.0
2013-03-20,150.28,160.32,160.18,150.28,439106656.0,4719516672.0
2013-03-19,146.34,150.86,150.13,145.32,227835152.0,2320414464.0
2013-03-18,144.89,148.53,146.34,143.29,222540880.0,2240078848.0
2013-03-15,142.7,152.02,145.47,141.54,375168000.0,3790462976.0
2013-03-14,142.12,146.2,143.58,140.52,276041120.0,2725832704.0
2013-03-13,142.27,144.6,142.41,141.54,243176544.0,2388775168.0
2013-03-12,148.38,149.69,141.83,139.06,407949568.0,4014156032.0
2013-03-11,152.9,153.33,148.82,147.66,232264576.0,2396112640.0
2013-03-08,151.44,155.66,153.77,149.99,329909568.0,3478503936.0
2013-03-07,152.17,156.1,151.29,147.8,393726048.0,4120534016.0
2013-03-06,149.26,156.54,153.62,147.22,484117024.0,5073197568.0
2013-03-05,138.34,148.97,148.53,138.19,393978496.0,3894429184.0
2013-03-04,143.72,143.72,138.19,136.88,381455264.0,3668424704.0
2013-03-01,150.42,151.44,148.24,144.89,374031872.0,3811471360.0
2013-02-28,145.47,151.15,150.86,141.54,472325984.0,4763104768.0
2013-02-27,140.96,145.18,143.14,140.37,368180608.0,3610826752.0
2013-02-26,137.75,147.07,140.66,136.44,676376064.0,6654008320.0
2013-02-25,139.5,142.27,139.79,138.04,354146112.0,3406278912.0
2013-02-22,142.27,142.85,138.34,137.32,391087168.0,3763630336.0
2013-02-21,150.57,150.57,142.27,139.94,585360960.0,5791433728.0
2013-02-20,153.77,153.77,151.29,147.66,351481664.0,3626361088.0
2013-02-19,151.29,154.94,153.48,150.57,310641760.0,3261308160.0
2013-02-18,155.37,156.54,151.73,151.15,351712960.0,3714770944.0
2013-02-08,158.43,160.03,153.19,152.02,574655936.0,6118022144.0
2013-02-07,169.64,169.79,160.18,156.54,572384256.0,6342382592.0
2013-02-06,170.22,173.43,170.37,166.44,247862496.0,2891281408.0
2013-02-05,165.57,170.81,170.52,165.13,346947232.0,4018491136.0
2013-02-04,163.53,172.7,167.9,163.09,512477984.0,5885585408.0
2013-02-01,149.26,164.25,163.53,148.24,362670464.0,3895720960.0
2013-01-31,150.86,151.88,150.13,147.8,172906784.0,1776599168.0
2013-01-30,149.55,151.44,150.86,147.22,241639792.0,2479537664.0
2013-01-29,146.05,152.9,149.4,144.16,361063200.0,3679056896.0
2013-01-28,136.0,146.34,145.62,136.0,315832384.0,3085896192.0
2013-01-25,135.13,136.3,135.86,133.38,130079816.0,1206324992.0
2013-01-24,133.97,139.35,135.42,132.66,304905184.0,2856003328.0
2013-01-23,128.29,134.11,133.97,128.0,203363312.0,1825155456.0
2013-01-22,130.47,132.66,129.31,127.41,249060608.0,2235043328.0
2013-01-21,128.14,131.35,131.2,126.39,205867888.0,1818235136.0
2013-01-18,123.92,128.87,127.85,123.92,173534880.0,1512898560.0
2013-01-17,123.77,124.36,123.05,121.73,120526520.0,1018838272.0
2013-01-16,124.79,125.23,124.36,121.3,135654256.0,1153615616.0
2013-01-15,124.36,125.67,125.23,123.34,140939104.0,1206861824.0
2013-01-14,116.35,124.65,124.5,115.91,250216176.0,2087180928.0
2013-01-11,118.68,119.55,116.64,116.06,174120768.0,1408533120.0
2013-01-10,118.97,121.01,118.39,117.66,126197736.0,1035333952.0
2013-01-09,118.68,120.42,119.11,117.8,128960384.0,1053599744.0
2013-01-08,121.44,121.59,119.26,117.95,151430560.0,1242015232.0
2013-01-07,115.62,121.59,121.15,115.47,210150800.0,1718001280.0
2013-01-04,117.95,118.97,116.2,113.87,285152832.0,2283631872.0
2012-12-31,112.27,114.75,114.45,112.12,216576432.0,1688135680.0
2012-12-28,111.11,112.85,112.12,110.38,149118832.0,1144263040.0
2012-12-27,112.85,114.02,111.25,109.21,241888000.0,1851557888.0
2012-12-26,113.0,113.14,112.85,111.11,152976384.0,1178801408.0
2012-12-25,107.03,114.31,112.85,106.74,242466864.0,1863290880.0
2012-12-24,106.88,109.8,107.76,106.74,147024176.0,1094176640.0
2012-12-21,108.34,108.48,106.74,105.72,213513328.0,1565215360.0
2012-12-20,108.48,109.21,108.19,106.88,219312240.0,1624182272.0
2012-12-19,109.5,111.4,109.36,108.05,188552128.0,1412961792.0
2012-12-18,108.78,112.42,109.5,107.76,232054864.0,1758920704.0
2012-12-17,109.65,112.12,109.21,107.47,245348192.0,1845136896.0
2012-12-14,100.18,109.36,108.78,100.18,361845664.0,2599630080.0
2012-12-13,101.79,101.79,100.33,100.18,222424624.0,1538593664.0
2012-12-12,100.33,102.22,102.08,99.89,226122384.0,1567158528.0
2012-12-11,101.79,102.51,100.47,99.89,200925584.0,1403832832.0
2012-12-10,100.04,102.95,102.22,99.31,217479488.0,1507717120.0
2012-12-07,96.4,99.75,99.75,95.81,205327360.0,1386471296.0
2012-12-06,95.52,96.4,95.96,95.09,89073616.0,586409280.0
2012-12-05,91.59,96.4,95.52,91.45,272925120.0,1779779072.0
2012-12-04,89.99,91.74,91.45,89.84,84500000.0,528654144.0
2012-12-03,91.59,91.74,90.14,90.14,85134344.0,531498912.0
2012-11-30,90.86,91.74,91.59,90.86,76659160.0,481125856.0
2012-11-29,91.45,91.59,91.16,90.86,89909864.0,563936064.0
2012-11-28,89.99,91.45,91.3,89.99,100968344.0,630776000.0
2012-11-27,89.41,90.72,90.57,89.26,117924624.0,731972672.0
2012-11-26,88.83,89.55,89.41,88.53,50162948.0,306662240.0
2012-11-23,89.41,89.84,88.83,88.83,96343864.0,591372096.0
2012-11-22,88.68,89.26,89.26,88.39,45378360.0,276698240.0
2012-11-21,88.39,89.12,88.97,88.1,63276308.0,385078944.0
2012-11-20,88.83,89.26,88.39,88.24,37982808.0,231432848.0
2012-11-19,88.53,89.26,88.68,88.24,91697552.0,559100096.0
2012-11-16,88.97,89.12,88.68,88.53,73902880.0,450634912.0
2012-11-15,89.26,89.7,89.26,88.68,62695600.0,383810592.0
2012-11-14,89.12,90.28,89.55,88.97,69700864.0,429752704.0
2012-11-13,90.57,90.72,89.41,88.53,80671920.0,495110208.0
2012-11-12,88.97,90.86,90.72,88.97,115007168.0,710095744.0
2012-11-09,88.83,89.55,88.97,88.53,51684972.0,316115520.0
2012-11-08,88.83,89.55,88.83,88.53,92993648.0,568180096.0
2012-11-07,89.41,89.84,89.7,88.68,89540208.0,548660928.0
2012-11-06,89.55,89.7,89.55,88.68,73132856.0,447637472.0
2012-11-05,88.83,89.84,89.55,88.53,75754552.0,464889056.0
2012-11-02,87.81,88.83,88.83,87.81,64237360.0,390318656.0
2012-11-01,87.66,89.55,87.81,87.52,160431616.0,976304512.0
2012-10-31,87.08,88.1,87.66,86.35,80480296.0,483582304.0
2012-10-30,87.66,88.24,86.79,86.64,78529304.0,470737472.0
2012-10-29,86.79,88.24,87.81,86.5,69747352.0,419287168.0
2012-10-26,87.08,87.37,87.08,86.06,92988320.0,553908160.0
2012-10-25,86.79,87.22,86.93,86.35,66287256.0,395628000.0
2012-10-24,87.37,87.95,86.79,86.79,71452448.0,428293088.0
2012-10-23,88.68,89.12,87.66,87.66,85007144.0,516359296.0
2012-10-22,86.93,88.68,88.68,86.79,110366952.0,666012032.0
2012-10-19,86.64,87.37,87.37,86.5,95275408.0,570207424.0
2012-10-18,85.33,87.08,86.79,85.04,112824440.0,669186816.0
2012-10-17,85.04,85.33,85.19,84.6,86603808.0,505550176.0
2012-10-16,84.17,85.04,84.89,83.88,69517392.0,404252576.0
2012-10-15,84.46,84.6,84.17,83.58,38256076.0,220684512.0
2012-10-12,83.58,84.75,84.17,83.58,72173680.0,417648928.0
2012-10-11,83.0,83.58,83.44,82.27,50904656.0,290267264.0
2012-10-10,83.58,84.02,83.15,82.86,51742100.0,295875328.0
2012-10-09,82.27,84.02,83.58,82.27,88116808.0,504939104.0
2012-10-08,81.98,82.71,81.84,81.25,54319792.0,305956000.0
2012-09-28,80.82,82.56,82.27,80.23,77548104.0,433353824.0
2012-09-27,79.94,84.46,81.55,79.22,82694368.0,462647936.0
2012-09-26,79.65,80.23,79.65,79.07,25143424.0,137624128.0
2012-09-25,80.23,80.67,79.94,79.8,28862296.0,158921600.0
2012-09-24,79.36,80.53,80.53,78.92,65901124.0,360108800.0
2012-09-21,79.36,80.38,79.94,78.92,49295784.0,270369568.0
2012-09-20,80.09,80.23,79.65,79.36,60247552.0,330486464.0
2012-09-19,80.67,80.96,80.38,80.09,42401792.0,233970784.0
2012-09-18,81.69,81.98,80.67,80.09,60451856.0,336324672.0
2012-09-17,83.29,83.29,82.27,82.27,44751816.0,254415440.0
2012-09-14,83.15,83.88,83.58,82.27,62235240.0,355729664.0
2012-09-13,82.86,83.15,82.56,82.27,42066408.0,238996224.0
2012-09-12,83.88,84.17,83.29,82.56,52896720.0,302340768.0
2012-09-11,83.44,83.58,83.58,82.56,42064240.0,239876256.0
2012-09-10,84.75,85.04,83.88,83.29,101774464.0,585456192.0
2012-09-07,82.42,85.77,84.89,82.27,176289968.0,1020580416.0
2012-09-06,80.09,82.86,82.71,79.22,234683872.0,1307072128.0
2012-09-05,82.56,82.56,79.65,78.49,229946448.0,1257106560.0
2012-09-04,84.17,84.6,82.71,82.27,106403984.0,607962048.0
2012-09-03,84.89,85.19,84.17,84.17,65111152.0,378490912.0
2012-08-31,85.02,85.3,84.73,84.59,50533800.0,302451488.0
2012-08-30,84.45,85.58,85.16,84.31,86467744.0,519001888.0
2012-08-29,84.45,85.16,84.88,84.17,51170232.0,305682400.0
2012-08-28,83.17,84.73,84.59,83.03,59997584.0,355181568.0
2012-08-27,83.31,83.88,83.03,82.75,62992836.0,369654592.0
2012-08-24,83.74,83.74,83.31,83.03,57527248.0,337841024.0
2012-08-23,83.17,83.88,83.46,82.46,51762336.0,303731904.0
2012-08-22,83.74,83.74,83.03,82.61,60555264.0,354588544.0
2012-08-21,83.88,84.31,83.88,83.46,47828420.0,282428000.0
2012-08-20,84.17,84.45,84.02,83.17,30881112.0,181990576.0
2012-08-17,84.17,85.02,84.73,84.02,45189644.0,268942656.0
2012-08-16,84.45,84.59,84.17,83.88,31837908.0,188958976.0
2012-08-15,86.01,86.3,84.45,84.17,54541744.0,326303584.0
2012-08-14,85.87,86.58,86.15,85.73,40606796.0,246268912.0
2012-08-13,86.01,86.44,85.87,85.58,56161252.0,340486112.0
2012-08-10,86.15,87.0,86.01,85.73,70840688.0,431373216.0
2012-08-09,85.44,85.73,85.58,85.02,36425324.0,219164496.0
2012-08-08,85.16,86.01,85.44,85.02,53881288.0,324756096.0
2012-08-07,85.02,85.3,84.88,84.73,42939120.0,257148608.0
2012-08-06,85.16,85.58,85.16,84.73,62237536.0,372966016.0
2012-08-03,85.58,85.73,85.02,84.73,41357628.0,247982112.0
2012-08-02,85.16,85.73,85.44,85.02,60043896.0,360892288.0
2012-08-01,85.3,86.15,85.3,84.59,60040360.0,360565248.0
2012-07-31,84.17,85.44,85.3,84.02,114718992.0,687224448.0
2012-07-30,83.17,84.59,83.74,83.17,79298296.0,469784544.0
2012-07-27,82.18,84.31,83.03,81.89,79837952.0,468251744.0
2012-07-26,82.6,82.6,81.89,81.19,52589900.0,303147040.0
2012-07-25,82.32,83.03,82.32,82.18,39274604.0,228177392.0
2012-07-24,82.32,83.31,82.32,82.18,52040168.0,302628960.0
2012-07-23,83.31,83.31,82.6,82.32,63516336.0,370288640.0
2012-07-20,84.17,84.45,84.02,83.74,40600008.0,240234528.0
2012-07-19,84.45,84.88,84.45,83.46,65554812.0,389620096.0
2012-07-18,85.44,85.44,84.59,83.46,64180340.0,381513440.0
2012-07-17,84.17,85.44,85.3,84.17,71100736.0,426454176.0
2012-07-16,85.02,85.16,84.31,83.88,67614768.0,402660288.0
2012-07-13,83.6,85.58,84.73,83.6,69005712.0,411372608.0
2012-07-12,83.31,84.45,83.6,82.32,91654800.0,537131904.0
2012-07-11,83.31,83.88,83.46,82.89,51338140.0,301962208.0
2012-07-10,83.03,83.74,83.31,82.89,55235952.0,324336512.0
2012-07-09,85.3,85.87,83.03,82.46,120380680.0,713560832.0
2012-07-06,84.88,86.01,85.73,84.02,114176768.0,684213312.0
2012-07-05,86.3,86.58,86.3,85.73,50020784.0,303495328.0
2012-07-04,86.3,87.29,86.58,85.87,70265584.0,428750048.0
2012-07-03,84.88,87.0,85.87,84.59,87509952.0,530653760.0
2012-07-02,85.3,85.44,84.88,84.17,59399568.0,354751008.0
2012-06-29,83.6,85.44,85.02,83.46,101744096.0,607708224.0
2012-06-28,83.74,84.02,83.31,82.75,62350792.0,365752448.0
2012-06-27,84.73,85.3,83.88,83.31,73217112.0,434191968.0
2012-06-26,84.59,85.3,84.73,84.31,69251464.0,413714016.0
2012-06-25,83.79,85.14,84.6,83.79,145128288.0,909893376.0
2012-06-21,84.87,84.87,84.33,83.52,66800800.0,415379808.0
2012-06-20,84.06,85.41,84.73,83.92,94087360.0,590924736.0
2012-06-19,83.11,84.33,83.92,82.84,111866704.0,691496320.0
2012-06-18,83.52,83.65,82.98,82.57,125152552.0,769259136.0
2012-06-14,82.3,82.3,81.22,80.95,80871168.0,488490336.0
2012-06-13,81.76,82.57,82.44,81.36,80242680.0,487440384.0
2012-06-12,81.89,82.17,81.49,80.81,114636552.0,690534784.0
2012-06-11,82.44,82.57,81.76,81.36,114511160.0,694715904.0
2012-06-08,85.14,85.14,82.17,81.62,267299376.0,1630720896.0
2012-06-07,85.81,86.22,85.27,84.87,68397952.0,432317568.0
2012-06-06,84.33,85.68,85.0,84.33,73418672.0,461977184.0
2012-06-05,83.65,84.87,84.33,82.84,98406016.0,611414912.0
2012-06-04,84.87,85.0,83.25,83.11,117021616.0,729094464.0
2012-06-01,86.08,86.62,85.68,85.54,85792040.0,545354368.0
2012-05-31,86.08,86.49,86.08,85.81,63659216.0,405909728.0
2012-05-30,87.3,87.3,86.76,85.81,111367680.0,711903360.0
2012-05-29,86.49,87.71,87.44,85.68,115147488.0,738332480.0
2012-05-28,85.41,86.62,86.49,85.0,106006696.0,673434816.0
2012-05-25,86.62,86.76,85.54,84.87,129567264.0,820637376.0
2012-05-24,88.52,88.65,86.49,85.95,149143072.0,962694272.0
2012-05-23,89.6,89.73,88.52,88.11,70750344.0,465308480.0
2012-05-22,89.19,90.0,89.73,88.65,69664040.0,460921312.0
2012-05-21,87.57,89.06,88.65,87.57,66183956.0,433091872.0
2012-05-18,87.84,88.25,87.84,87.17,89305896.0,579814976.0
2012-05-17,87.3,89.06,88.52,87.03,80879552.0,527294080.0
2012-05-16,88.92,88.92,87.3,86.76,96380280.0,626985792.0
2012-05-15,89.19,89.46,88.92,88.25,95922792.0,629786624.0
2012-05-14,90.41,90.54,89.46,89.46,89206120.0,593977408.0
2012-05-11,89.73,90.81,89.73,89.6,66689384.0,445406784.0
2012-05-10,90.68,91.08,89.87,89.33,104619712.0,698567040.0
2012-05-09,91.08,91.49,90.81,90.27,127697056.0,858097024.0
2012-05-08,91.9,92.3,91.49,90.81,143911296.0,975890688.0
2012-05-07,91.62,92.44,92.17,91.22,129704680.0,881218560.0
2012-05-04,91.49,92.44,92.17,90.54,170153904.0,1152718464.0
2012-05-02,91.08,92.57,91.9,90.54,243517968.0,1651386752.0
2012-04-27,89.6,90.41,89.87,89.33,122416240.0,814439552.0
2012-04-26,89.73,90.27,89.19,88.52,112711208.0,744097728.0
2012-04-25,88.92,89.73,89.06,88.38,86213464.0,567346368.0
2012-04-24,87.57,90.54,88.92,87.44,210406560.0,1387249408.0
2012-04-23,88.25,88.65,87.57,87.57,85122016.0,554499328.0
2012-04-20,87.03,88.52,88.52,86.9,103536592.0,674425472.0
2012-04-19,86.76,87.57,87.17,86.62,74002704.0,477392640.0
2012-04-18,86.22,87.44,87.03,85.81,99775128.0,640681920.0
2012-04-17,86.36,86.49,85.81,85.68,63753664.0,405797568.0
2012-04-16,85.95,86.62,86.22,85.81,54966548.0,350366304.0
2012-04-13,86.49,86.62,86.36,85.81,101340152.0,646649088.0
2012-04-12,84.33,86.49,86.36,84.06,151595792.0,958740608.0
2012-04-11,83.92,84.73,84.46,83.65,145165072.0,904461056.0
2012-04-09,84.46,84.6,83.52,83.38,69324504.0,430117632.0
2012-04-06,84.46,85.0,84.87,83.65,97721024.0,609066112.0
2012-04-05,83.92,85.14,84.73,83.25,137454544.0,857085760.0
2012-03-30,82.84,84.87,84.73,82.84,132762712.0,825801984.0
2012-03-29,83.52,83.65,82.71,82.17,139580192.0,856707264.0
2012-03-28,85.14,85.14,83.65,82.98,129950576.0,808772736.0
2012-03-27,85.68,86.08,85.27,84.73,107247312.0,676108224.0
2012-03-23,85.14,85.81,85.14,84.6,135479584.0,853703232.0
2012-03-22,83.92,85.54,84.73,83.65,104675088.0,654985408.0
2012-03-21,84.33,84.6,83.79,83.38,112566696.0,699525760.0
2012-03-20,85.27,85.54,83.79,83.79,122726920.0,765520768.0
2012-03-19,86.08,86.08,85.54,85.14,96547744.0,610554752.0
2012-03-16,85.95,86.49,86.08,85.27,115687080.0,735037120.0
2012-03-15,86.08,87.3,85.95,85.81,139873920.0,895466368.0
2012-03-14,87.44,88.25,85.95,85.81,199154800.0,1283026432.0
2012-03-13,86.08,87.44,87.17,85.95,95822224.0,616339968.0
2012-03-12,87.03,87.3,86.22,85.54,149324080.0,953119680.0
2012-03-09,87.03,87.57,87.44,86.49,102735880.0,661137088.0
2012-03-08,87.17,87.57,86.89,86.62,110751816.0,713403136.0
2012-03-07,87.3,87.84,86.62,86.62,90563120.0,584460736.0
2012-03-06,89.06,89.19,87.71,87.57,132397352.0,864214016.0
2012-03-05,90.54,90.68,89.19,88.92,161121728.0,1072368000.0
2012-03-02,88.92,90.54,90.41,88.79,166655872.0,1108448640.0
2012-03-01,88.65,89.46,89.06,88.52,74648816.0,491895264.0
2012-02-29,89.06,89.46,89.06,88.38,114859040.0,755909952.0
2012-02-28,87.57,89.6,89.06,87.57,203280864.0,1336723584.0
2012-02-27,88.38,88.92,87.84,87.84,187409968.0,1226089472.0
2012-02-24,87.3,88.38,88.25,86.62,211027280.0,1364752256.0
2012-02-23,87.3,87.57,87.17,86.62,132825904.0,855496960.0
2012-02-22,87.3,87.71,87.44,86.36,137090592.0,882125312.0
2012-02-21,87.44,87.84,87.44,86.22,93483896.0,601557312.0
2012-02-20,88.52,88.79,87.44,87.03,120743792.0,785612800.0
2012-02-17,87.17,87.3,87.03,86.49,70394816.0,453121408.0
2012-02-16,86.76,87.17,86.49,85.95,111173112.0,712176640.0
2012-02-15,86.36,87.57,86.76,86.08,104801472.0,673198720.0
2012-02-14,86.62,86.76,86.62,85.81,92936456.0,593085632.0
2012-02-13,86.76,87.98,86.76,86.08,136547776.0,878230144.0
2012-02-10,88.25,89.33,87.84,87.57,127104744.0,831105344.0
2012-02-09,89.06,89.33,88.52,88.25,97501336.0,640754752.0
2012-02-08,86.9,89.33,89.19,86.49,139801968.0,912881984.0
2012-02-07,87.84,87.84,86.9,86.36,110649456.0,712873920.0
2012-02-06,88.52,89.46,88.38,87.71,123127024.0,804658752.0
2012-02-03,87.3,89.06,88.52,87.17,149273056.0,974835712.0
2012-02-02,85.27,87.84,87.71,84.87,139284880.0,891355840.0
2012-02-01,86.36,87.17,85.0,84.87,96910688.0,615890304.0
2012-01-31,86.36,87.3,86.76,85.95,70546632.0,451691808.0
2012-01-30,88.38,88.52,86.22,85.95,141160192.0,910829632.0
2012-01-20,87.84,88.52,88.25,86.49,166880704.0,1081917568.0
2012-01-19,85.0,87.17,87.03,84.33,166922032.0,1065433856.0
2012-01-18,85.27,85.95,84.6,84.33,91847824.0,578363648.0
2012-01-17,83.65,85.81,85.68,81.89,192902656.0,1200940032.0
2012-01-16,83.65,84.73,83.52,83.25,75163224.0,467583616.0
2012-01-13,84.19,85.27,84.19,83.25,134864432.0,841730880.0
2012-01-12,83.25,85.14,84.19,83.11,135617728.0,846758336.0
2012-01-11,84.06,84.46,83.38,83.25,93949808.0,581992512.0
2012-01-10,83.65,84.33,84.19,82.84,178081904.0,1102145664.0
2012-01-09,81.22,83.79,83.52,80.95,186985472.0,1143391616.0
2012-01-06,80.68,81.89,81.49,80.27,103442712.0,619191360.0
2012-01-05,79.19,81.89,80.68,79.06,164240688.0,983763392.0
2012-01-04,80.41,80.54,79.19,79.06,70526872.0,415385312.0
2011-12-30,78.92,79.87,79.6,78.79,73356336.0,430735168.0
2011-12-29,78.38,79.19,78.65,78.11,61422576.0,357152448.0
2011-12-28,79.19,79.46,78.65,77.71,115513328.0,671740864.0
2011-12-27,79.33,80.14,79.33,78.79,58045344.0,341359840.0
2011-12-26,80.68,80.81,79.6,79.33,98854992.0,584971392.0
2011-12-23,81.08,82.17,81.08,80.41,75027712.0,451242528.0
2011-12-22,80.95,81.76,81.36,79.73,87580496.0,524445376.0
2011-12-21,82.03,82.44,80.81,80.81,88129056.0,532359968.0
2011-12-20,81.49,82.71,81.22,81.08,79957424.0,484830400.0
2011-12-19,79.46,81.49,81.49,79.06,119549944.0,708554112.0
2011-12-16,78.65,80.81,80.27,78.38,92197896.0,541498496.0
2011-12-15,79.46,80.27,78.65,78.52,93541616.0,548502080.0
2011-12-14,79.87,80.54,79.87,79.33,87230592.0,514843264.0
2011-12-13,81.22,81.89,80.14,80.0,87596448.0,525397888.0
2011-12-12,81.49,81.89,81.49,80.81,52205632.0,314452416.0
2011-12-09,82.44,82.98,81.76,81.36,60971776.0,369593184.0
2011-12-08,82.71,83.25,82.84,82.03,69269816.0,423628512.0
2011-12-07,81.89,83.11,82.71,81.62,100572816.0,614267968.0
2011-12-06,81.49,82.3,81.76,81.08,63700596.0,385493824.0
2011-12-05,81.76,82.71,81.76,81.08,124326528.0,754953792.0
2011-12-02,80.54,82.03,81.49,80.27,109561016.0,658394560.0
2011-12-01,81.36,82.57,80.81,80.41,265555632.0,1603226240.0
2011-11-30,79.73,80.14,78.38,77.98,95922208.0,559819840.0
2011-11-29,79.33,80.41,80.27,78.79,75855224.0,447486720.0
2011-11-28,79.06,79.33,78.92,78.52,45728764.0,266869504.0
2011-11-25,78.92,79.19,78.65,78.38,34786736.0,202615136.0
2011-11-24,78.25,80.0,79.19,78.11,51537236.0,301631264.0
2011-11-23,79.87,80.41,78.65,78.38,60789072.0,355275200.0
2011-11-22,78.65,80.27,79.87,78.52,63403504.0,372641344.0
2011-11-21,79.46,79.73,79.06,78.11,59228944.0,344958176.0
2011-11-18,79.19,80.14,79.33,78.92,71602416.0,420849472.0
2011-11-17,79.73,80.41,79.73,79.6,64313972.0,380600864.0
2011-11-16,81.36,81.62,79.6,79.33,138317616.0,820652544.0
2011-11-15,82.44,82.44,81.49,81.08,90091784.0,543416576.0
2011-11-14,82.17,83.25,82.57,81.89,121251176.0,740686336.0
2011-11-11,82.17,82.3,81.76,81.08,67537536.0,408400928.0
2011-11-10,82.17,82.98,81.76,81.62,98693816.0,600347008.0
2011-11-09,82.98,83.25,83.25,81.89,73262584.0,448391456.0
2011-11-08,82.71,83.38,82.57,81.89,99081200.0,605028800.0
2011-11-07,83.38,83.92,82.3,82.3,95548368.0,586442048.0
2011-11-04,84.33,84.73,84.06,82.98,109687080.0,679950464.0
2011-11-03,85.0,85.54,83.52,83.38,208026336.0,1298799872.0
2011-11-02,81.36,84.87,84.73,81.08,188610896.0,1162265088.0
2011-11-01,82.17,83.79,82.57,82.03,134501856.0,825499584.0
2011-10-31,82.98,83.52,82.57,82.17,93523744.0,572760448.0
2011-10-28,83.52,84.73,83.38,82.57,255505648.0,1580658560.0
2011-10-27,81.08,82.3,82.03,80.54,145375568.0,877419072.0
2011-10-26,80.95,81.89,80.68,80.41,216276192.0,1301775232.0
2011-10-25,80.41,81.22,81.08,80.0,158053632.0,944907520.0
2011-10-24,79.19,81.08,80.81,78.92,200847312.0,1192958208.0
2011-10-21,77.71,79.87,78.92,77.03,134538000.0,786185280.0
2011-10-20,77.98,78.65,77.44,76.36,116971152.0,670298240.0
2011-10-19,77.71,79.06,78.25,77.71,81615848.0,473174400.0
2011-10-18,78.38,79.33,77.57,77.44,94437344.0,546977216.0
2011-10-17,78.38,80.68,79.06,77.98,126807368.0,746975168.0
2011-10-14,78.11,78.52,78.38,77.03,97231544.0,560027648.0
2011-10-13,77.17,78.38,77.98,76.89,121875208.0,701587776.0
2011-10-12,73.65,78.65,77.84,73.38,231081200.0,1319636480.0
2011-10-11,75.54,75.95,74.19,73.65,123875440.0,685305728.0
2011-10-10,74.33,74.6,72.98,72.3,126196312.0,681606912.0
2011-09-30,75.95,76.76,74.6,73.92,157870464.0,879830144.0
2011-09-29,75.0,76.49,75.81,74.33,125625800.0,701560384.0
2011-09-28,76.62,77.44,75.41,75.14,62603992.0,352863328.0
2011-09-27,75.81,77.03,75.95,75.27,88751304.0,500504192.0
2011-09-26,76.49,77.57,75.14,74.6,106478432.0,599708096.0
2011-09-23,76.22,77.44,77.44,75.68,127977176.0,723213632.0
2011-09-22,79.33,79.73,77.3,76.76,153857712.0,889310208.0
2011-09-21,77.98,80.68,80.14,77.3,152819120.0,901685504.0
2011-09-20,77.03,78.52,77.84,76.36,76528696.0,438550368.0
2011-09-19,77.98,78.11,76.89,76.76,80234368.0,458277664.0
2011-09-16,78.52,79.87,78.65,78.25,78721184.0,458924640.0
2011-09-15,79.19,79.46,77.98,77.98,83803848.0,487280576.0
2011-09-14,79.33,79.6,79.33,77.71,86567896.0,504430304.0
2011-09-13,78.25,79.33,79.19,77.71,87633656.0,510476384.0
2011-09-09,80.54,81.89,79.33,78.52,122971024.0,728946432.0
2011-09-08,81.49,81.62,80.14,80.0,72450472.0,432612000.0
2011-09-07,78.92,81.08,81.08,78.92,124085976.0,736904768.0
2011-09-06,78.11,79.33,78.65,77.98,89278224.0,520483392.0
2011-09-05,78.52,79.06,78.52,77.71,98724840.0,571745472.0
2011-09-02,80.41,80.95,79.19,78.65,132627704.0,781603968.0
2011-09-01,81.08,81.49,80.81,80.14,120928424.0,722398336.0
2011-08-31,80.14,81.36,80.95,79.46,162730784.0,971884992.0
2011-08-30,80.14,82.03,80.0,79.73,231977056.0,1386628608.0
2011-08-29,80.41,80.95,79.33,79.06,280077248.0,1656231680.0
2011-08-26,81.49,82.44,82.3,80.41,262620832.0,1583743616.0
2011-08-25,77.98,82.44,82.3,77.57,403877536.0,2402836736.0
2011-08-24,78.25,78.65,77.3,77.17,98638680.0,569253312.0
2011-08-23,76.22,78.65,77.98,75.14,154069264.0,883970496.0
2011-08-22,76.08,76.89,75.54,75.0,91268112.0,513548128.0
2011-08-19,74.73,76.49,76.36,73.92,142103168.0,789043200.0
2011-08-18,77.71,77.71,75.68,75.41,120158008.0,676413056.0
2011-08-17,77.84,78.79,77.03,76.89,210117616.0,1207995264.0
2011-08-16,75.95,77.98,76.62,75.81,203682192.0,1158882304.0
2011-08-15,72.98,76.22,75.81,72.44,187132272.0,1033786368.0
2011-08-12,72.98,73.11,72.71,72.03,82952088.0,445343200.0
2011-08-11,69.87,73.25,72.17,69.6,125654656.0,666348224.0
2011-08-10,72.03,72.3,70.68,70.27,103567232.0,547408192.0
2011-08-09,68.79,70.95,70.41,68.38,143362944.0,740283968.0
2011-08-08,70.95,72.03,69.87,68.79,117374488.0,610911232.0
2011-08-05,71.08,71.89,71.22,70.81,87183488.0,459574752.0
2011-08-04,72.71,73.25,72.57,72.03,39148544.0,210696368.0
2011-08-03,71.76,72.71,72.44,71.49,50753800.0,271176000.0
2011-08-02,72.44,72.84,72.3,71.49,69134168.0,368645824.0
2011-08-01,73.11,74.06,72.98,72.3,72483256.0,393212000.0
2011-07-29,72.17,74.87,73.52,71.08,126389392.0,682336000.0
2011-07-28,72.84,72.84,71.89,71.49,116991920.0,623168192.0
2011-07-27,73.11,73.65,73.52,72.71,63160544.0,341936864.0
2011-07-26,73.65,74.46,73.52,72.98,71551104.0,389739968.0
2011-07-25,75.68,75.81,73.65,73.38,135035344.0,744564096.0
2011-07-22,76.36,76.49,75.95,75.68,54496920.0,306601088.0
2011-07-21,76.76,77.03,76.08,75.68,92981136.0,523748224.0
2011-07-20,77.44,77.44,76.62,76.36,70972816.0,403139200.0
2011-07-19,77.71,77.71,76.76,76.62,68458168.0,389546208.0
2011-07-18,78.38,78.79,77.57,77.44,52444280.0,302112192.0
2011-07-15,77.3,78.52,78.25,77.03,95759872.0,553154816.0
2011-07-14,77.57,77.84,77.57,77.03,74952496.0,429733504.0
2011-07-13,76.76,77.84,77.57,76.49,97057352.0,555358336.0
2011-07-12,77.17,77.17,76.49,75.95,115998936.0,656293632.0
2011-07-11,77.57,77.71,77.44,76.89,82072800.0,469565824.0
2011-07-08,77.98,78.79,77.98,76.89,138291040.0,796739328.0
2011-07-07,78.65,79.73,77.71,77.17,168365408.0,974032832.0
2011-07-06,78.79,78.92,77.57,76.76,170186400.0,973441856.0
2011-07-05,79.19,80.27,79.06,78.79,114349088.0,671790144.0
2011-07-04,77.3,79.19,79.06,77.3,158321520.0,919071872.0
2011-07-01,77.71,77.98,77.17,76.62,116692624.0,667084544.0
2011-06-30,77.57,78.92,77.44,76.49,139470960.0,802634880.0
2011-06-29,80.54,80.54,77.3,76.76,234755776.0,1356448896.0
2011-06-28,81.08,81.62,80.68,80.14,80571288.0,480706080.0
2011-06-27,80.95,82.3,81.49,80.95,90659832.0,547587904.0
2011-06-24,79.19,81.76,81.49,78.92,149438576.0,891686720.0
2011-06-23,78.11,79.6,79.33,77.98,73894656.0,429102880.0
2011-06-22,78.79,78.92,78.38,77.98,57609268.0,333478240.0
2011-06-21,78.52,79.06,78.52,77.84,45708780.0,265326528.0
2011-06-20,77.84,79.06,78.25,77.03,93281904.0,536325888.0
2011-06-17,77.71,78.38,77.57,77.57,56250224.0,324640544.0
2011-06-16,77.98,78.25,77.71,77.44,50595992.0,291210912.0
2011-06-15,78.38,78.79,78.11,77.57,50549964.0,292618240.0
2011-06-14,77.57,79.19,78.52,77.3,79535720.0,463006080.0
2011-06-13,75.68,77.84,77.57,75.54,77366016.0,439536416.0
2011-06-10,75.41,76.62,76.08,75.41,52313616.0,294116160.0
2011-06-09,76.62,76.62,75.41,75.27,62017992.0,347493408.0
2011-06-08,77.4,77.4,76.34,75.14,88615888.0,506826752.0
2011-06-07,76.47,77.14,77.0,76.07,37912488.0,219073072.0
2011-06-03,76.2,76.87,76.47,75.81,71893016.0,413905472.0
2011-06-02,78.99,79.52,76.2,75.81,286674560.0,1667574016.0
2011-06-01,80.59,80.59,79.39,79.13,99379648.0,595587392.0
2011-05-31,78.46,80.72,80.45,78.46,119363320.0,716330176.0
2011-05-30,77.67,79.26,78.59,77.67,76656832.0,454150592.0
2011-05-27,77.27,78.73,78.46,77.0,123122912.0,724351232.0
2011-05-25,78.33,78.59,77.14,77.0,83489144.0,488129056.0
2011-05-24,78.33,78.86,78.59,78.06,77481216.0,458113248.0
2011-05-23,80.19,80.32,78.33,77.67,161338976.0,957600192.0
2011-05-20,80.19,81.25,80.45,79.92,123048800.0,747020352.0
2011-05-19,80.06,81.25,80.19,79.66,128326368.0,777661952.0
2011-05-18,77.67,80.06,79.92,77.67,134854496.0,805554240.0
2011-05-17,77.27,78.99,77.8,76.47,87123672.0,510268192.0
2011-05-16,78.06,78.99,77.14,77.14,95853464.0,564456512.0
2011-05-13,77.4,78.99,78.73,76.34,157432528.0,919266176.0
2011-05-12,78.33,79.13,78.2,78.06,67581888.0,399856288.0
2011-05-11,78.59,79.26,78.46,78.33,65434196.0,388519776.0
2011-05-10,77.53,78.86,78.73,77.27,73420032.0,433068352.0
2011-05-09,77.93,78.73,77.27,76.74,117867784.0,689721728.0
2011-05-06,79.79,80.06,77.8,77.4,152138848.0,903052352.0
2011-05-05,79.26,80.19,80.06,78.99,246987856.0,1479660672.0
2011-05-03,81.12,82.58,82.05,80.59,125674104.0,774022144.0
2011-04-29,81.65,81.91,81.65,78.99,212040592.0,1289538688.0
2011-04-28,82.98,83.51,81.91,81.52,235294688.0,1463028352.0
2011-04-27,81.25,82.98,82.18,81.25,343873728.0,2129883648.0
2011-04-26,79.79,80.98,80.85,79.66,175636112.0,1065934976.0
2011-04-25,79.13,80.59,79.79,79.13,150577376.0,905894464.0
2011-04-22,79.52,80.59,79.79,79.13,136526656.0,822392128.0
2011-04-21,79.13,80.45,79.39,78.86,135445152.0,812739136.0
2011-04-20,78.99,80.06,78.46,78.06,157075600.0,934784256.0
2011-04-19,80.19,80.85,78.86,78.73,156902976.0,943507968.0
2011-04-18,80.72,81.65,80.72,80.19,144267696.0,876900352.0
2011-04-15,79.66,81.25,80.98,79.39,225815808.0,1369167488.0
2011-04-14,79.79,81.12,79.92,79.39,266416656.0,1613056000.0
2011-04-13,77.4,79.39,79.39,77.0,158226704.0,933129600.0
2011-04-12,78.46,78.99,77.67,77.0,170274112.0,1000003136.0
2011-04-11,78.86,80.72,78.59,78.33,286125632.0,1712855552.0
2011-04-08,78.59,79.13,78.73,78.06,133390272.0,789744512.0
2011-04-07,78.86,79.66,78.86,77.53,242560704.0,1439614720.0
2011-04-06,77.14,80.06,78.86,77.14,391724608.0,2332287232.0
2011-04-01,74.08,77.4,77.14,73.82,304221664.0,1743630592.0
2011-03-31,74.88,75.28,74.21,73.82,159267440.0,892580608.0
2011-03-30,74.75,76.2,75.01,73.95,247087840.0,1398841472.0
2011-03-29,73.28,75.81,74.75,73.28,426410304.0,2402352640.0
2011-03-28,71.96,75.41,73.15,71.96,303037056.0,1679277952.0
2011-03-25,70.5,71.69,71.29,70.1,147270688.0,791293952.0
2011-03-24,70.63,70.76,70.23,69.83,49369412.0,261118656.0
2011-03-23,69.83,71.03,70.5,69.7,123729072.0,656846400.0
2011-03-22,68.77,70.36,70.1,68.24,178833600.0,934615680.0
2011-03-21,68.9,69.3,68.5,68.24,95194168.0,492250080.0
2011-03-18,69.04,69.7,68.64,68.5,65085388.0,338802400.0
2011-03-17,68.77,69.04,68.5,68.37,78328496.0,405213024.0
2011-03-16,69.04,69.57,69.43,68.5,74641008.0,388433536.0
2011-03-15,69.83,69.97,69.04,68.11,144608336.0,751197248.0
2011-03-14,69.57,70.36,69.97,69.57,69732760.0,367436640.0
2011-03-11,69.7,70.36,69.57,69.3,92345784.0,485838272.0
2011-03-10,71.69,71.96,69.97,69.44,157545408.0,837054464.0
2011-03-09,71.82,72.62,71.82,71.56,111926368.0,607957760.0
2011-03-08,71.96,72.62,71.56,71.16,133103888.0,720496768.0
2011-03-07,71.56,73.02,71.96,71.43,208976240.0,1136200448.0
2011-03-04,70.36,71.56,71.03,69.97,179477280.0,955162944.0
2011-03-03,69.3,71.96,70.23,69.17,472231392.0,2519412480.0
2011-03-02,68.11,69.83,69.04,67.84,227838832.0,1185218048.0
2011-03-01,67.97,68.64,68.37,67.84,122499720.0,630186624.0
2011-02-28,68.11,68.5,67.84,67.71,125750392.0,643166400.0
2011-02-24,67.71,67.71,67.58,67.31,83198256.0,422967712.0
2011-02-23,67.58,68.11,67.71,67.58,70649408.0,360622496.0
2011-02-22,68.77,68.77,67.71,67.58,177871296.0,911342784.0
2011-02-21,68.11,68.9,68.77,67.71,169426528.0,873961664.0
2011-02-18,68.24,68.37,68.37,67.71,103702832.0,532341888.0
2011-02-17,68.11,68.9,68.37,67.84,148771920.0,765765056.0
2011-02-16,68.77,68.9,68.24,67.58,266123776.0,1362102656.0
2011-02-15,69.17,69.44,68.77,68.64,140554144.0,730950272.0
2011-02-14,67.84,69.3,69.3,67.84,244582512.0,1267626368.0
2011-02-11,67.84,68.11,67.84,67.44,85906792.0,438410752.0
2011-02-10,66.78,68.11,67.97,66.78,104197688.0,529540512.0
2011-02-09,67.05,67.44,66.78,66.78,73062544.0,369123456.0
2011-02-01,66.78,67.58,67.31,66.65,68629512.0,346893440.0
2011-01-31,66.25,66.91,66.78,66.11,95487712.0,478759488.0
2011-01-28,66.38,66.65,66.25,65.98,67428864.0,336122144.0
2011-01-27,65.85,66.78,66.51,65.58,119972792.0,597759040.0
2011-01-26,65.98,66.38,66.25,65.85,56128032.0,279773920.0
2011-01-25,65.85,66.38,65.98,65.45,103288904.0,512765888.0
2011-01-24,66.25,66.65,65.98,65.58,101817864.0,506200384.0
2011-01-21,65.45,67.31,66.38,65.32,114222024.0,571341248.0
2011-01-20,66.51,67.05,65.58,65.32,111567256.0,553891712.0
2011-01-19,66.25,66.65,66.51,65.98,69066848.0,344984448.0
2011-01-18,66.38,66.65,66.25,65.98,89346856.0,445823104.0
2011-01-17,67.44,67.84,66.51,66.25,132982056.0,669911744.0
2011-01-14,68.24,68.24,67.71,67.58,80480640.0,411189472.0
2011-01-13,68.64,68.9,68.24,67.97,89721080.0,462207072.0
2011-01-12,68.24,68.5,68.37,67.58,215345040.0,1105683328.0
2011-01-11,67.31,68.5,67.97,67.18,169883920.0,871165248.0
2011-01-10,67.58,68.5,67.44,67.31,304867136.0,1559481472.0
2011-01-06,66.78,67.31,66.78,66.65,72985512.0,368008288.0
2011-01-05,67.05,67.58,66.91,66.38,119924160.0,604131584.0
2011-01-04,67.05,67.58,67.31,66.25,139162144.0,702120320.0
