date,open,high,close,low,volume,amount
2015-12-31,39.71,40.81,40.51,38.98,111977293.0,1347298089.0
2015-12-30,39.21,39.88,39.77,38.94,43377055.0,512401844.0
2015-12-29,38.84,39.98,39.38,38.54,59101138.0,695317690.0
2015-12-28,40.08,40.14,38.17,38.04,51807037.0,606365482.0
2015-12-25,40.01,40.28,39.94,39.67,34590499.0,414439820.0
2015-12-24,39.94,40.28,39.98,39.14,59734272.0,711572032.0
2015-12-23,39.74,40.78,39.98,39.21,80573384.0,965062848.0
2015-12-22,39.71,40.64,39.54,39.34,77733319.0,927660802.0
2015-12-21,38.04,40.44,39.98,37.91,129017008.0,1530396928.0
2015-12-18,37.54,40.71,38.31,37.51,111389656.0,1296295040.0
2015-12-17,37.44,37.91,37.64,37.41,35596280.0,401783680.0
2015-12-16,37.57,37.61,37.31,37.24,17137100.0,191987040.0
2015-12-15,37.87,38.01,37.41,37.21,29176048.0,328709824.0
2015-12-14,36.6,38.27,37.94,36.47,43232616.0,486291296.0
2015-12-11,37.11,37.21,37.01,36.6,25256536.0,279148896.0
2015-12-10,37.47,38.17,37.11,37.04,35103184.0,396065408.0
2015-12-09,37.27,37.81,37.54,37.14,33639869.0,378436386.0
2015-12-08,37.41,37.74,37.34,37.07,33180142.0,371360288.0
2015-12-07,37.74,37.97,37.71,37.31,37120539.0,418672568.0
2015-12-04,38.71,38.84,37.57,37.37,71996888.0,818934336.0
2015-12-03,39.31,40.31,39.01,38.51,111830864.0,1318308104.0
2015-12-02,37.21,40.04,39.77,37.04,158414224.0,1838098048.0
2015-12-01,37.01,37.47,37.41,36.17,67384722.0,745752157.0
2015-11-30,36.14,37.54,36.94,35.74,65524644.0,719803520.0
2015-11-27,36.84,37.04,36.1,35.54,46172228.0,501554016.0
2015-11-26,37.24,37.71,37.07,37.07,38885816.0,435540736.0
2015-11-25,36.81,37.27,37.01,36.37,37789100.0,416801472.0
2015-11-24,37.27,37.31,36.91,36.41,37914628.0,418048608.0
2015-11-23,37.71,38.01,37.34,37.24,32691616.0,368763008.0
2015-11-20,37.81,38.21,37.71,37.51,41453260.0,470143008.0
2015-11-19,37.74,37.84,37.74,37.44,30899744.0,348596544.0
2015-11-18,37.51,38.57,37.67,36.94,53317116.0,602385920.0
2015-11-17,37.44,38.37,37.57,37.27,56535176.0,641621248.0
2015-11-16,36.44,37.24,37.17,36.37,33482316.0,370161440.0
2015-11-13,37.01,37.81,37.01,36.94,37449072.0,418713984.0
2015-11-12,38.01,38.11,37.27,36.97,34933672.0,392349760.0
2015-11-11,38.47,38.47,37.87,37.41,57286212.0,650008640.0
2015-11-10,38.41,39.17,38.44,38.01,73787672.0,850061888.0
2015-11-09,38.04,40.54,38.91,38.04,164980048.0,1952215680.0
2015-11-06,36.57,37.91,37.77,36.51,75576112.0,843953856.0
2015-11-05,35.87,38.34,36.87,35.6,156923680.0,1753063168.0
2015-11-04,34.7,36.2,35.94,34.67,50934936.0,541778880.0
2015-11-03,34.94,35.2,34.64,34.54,22489904.0,235848320.0
2015-11-02,35.1,35.44,34.94,34.9,33487788.0,352976192.0
2015-10-30,35.17,35.47,35.24,35.04,35804476.0,377862528.0
2015-10-29,35.1,35.27,35.14,34.94,15458386.0,162599792.0
2015-10-28,35.44,35.54,35.07,35.0,22344800.0,236458848.0
2015-10-27,35.4,35.74,35.47,34.9,27771516.0,294635488.0
2015-10-26,35.57,36.14,35.6,35.4,37977172.0,406817056.0
2015-10-23,35.34,35.54,35.5,35.2,29072962.0,308183872.0
2015-10-22,35.67,35.67,35.4,35.14,43051196.0,456442784.0
2015-10-21,35.3,36.61,36.14,34.94,76329664.0,817265792.0
2015-10-20,35.1,35.34,35.3,34.84,31610826.0,332494464.0
2015-10-19,35.07,35.44,35.07,34.64,36532496.0,383592832.0
2015-10-16,35.1,35.3,35.07,34.84,29788348.0,313191360.0
2015-10-15,34.27,35.07,34.94,34.24,28113720.0,292955136.0
2015-10-14,34.7,34.84,34.27,34.24,20164296.0,208789968.0
2015-10-13,34.9,35.17,34.8,34.67,21545228.0,224962256.0
2015-10-12,34.47,35.44,35.0,34.44,43577128.0,456806272.0
2015-10-09,34.27,34.54,34.37,34.1,25407662.0,261763040.0
2015-10-08,34.57,34.64,34.24,34.17,15515493.0,159846624.0
2015-09-30,33.57,34.0,33.74,33.5,14306103.0,144720176.0
2015-09-29,33.94,33.94,33.47,33.4,10249483.0,103388224.0
2015-09-28,34.14,34.27,34.07,33.8,10912895.0,111359216.0
2015-09-25,33.9,34.54,34.44,33.37,24570100.0,250305328.0
2015-09-24,33.94,34.14,33.87,33.77,8310920.0,84461752.0
2015-09-23,34.34,34.6,33.77,33.7,14895359.0,152102192.0
2015-09-22,34.3,34.94,34.6,34.2,18924312.0,196450304.0
2015-09-21,34.2,34.37,34.3,33.97,15791610.0,161706112.0
2015-09-18,34.74,34.9,34.4,34.34,14482769.0,150223776.0
2015-09-17,35.47,35.57,34.77,34.74,24179770.0,255222064.0
2015-09-16,34.87,36.3,35.6,34.47,36165680.0,381641696.0
2015-09-15,35.04,35.57,35.34,34.4,51956496.0,545545024.0
2015-09-14,34.6,35.8,35.7,33.2,80475472.0,838212032.0
2015-09-11,34.7,34.97,34.7,34.47,20399922.0,211764608.0
2015-09-10,34.3,34.97,34.9,34.24,30877836.0,320771712.0
2015-09-09,34.54,34.87,34.64,34.24,35999596.0,373278336.0
2015-09-08,33.54,34.94,34.54,33.44,33864324.0,346939552.0
2015-09-07,35.57,35.6,33.74,33.47,56303564.0,583142080.0
2015-09-02,34.64,36.34,36.27,34.27,148796704.0,1580662784.0
2015-09-01,33.9,35.74,35.7,32.94,154040384.0,1602572800.0
2015-08-31,32.77,34.7,34.6,32.23,163132208.0,1638472064.0
2015-08-28,32.9,33.87,32.97,32.13,90474144.0,895669248.0
2015-08-27,30.73,33.13,32.87,30.2,94340744.0,885924608.0
2015-08-26,29.3,31.1,30.4,28.76,90129936.0,811480448.0
2015-08-25,29.13,30.8,28.73,28.63,118551880.0,1054564544.0
2015-08-24,32.47,32.6,30.4,30.13,114064224.0,1047710528.0
2015-08-21,33.97,34.57,33.47,33.4,44588964.0,452863456.0
2015-08-20,34.4,34.8,34.2,33.97,38177396.0,393473024.0
2015-08-19,33.94,34.97,34.9,33.1,68358376.0,695570432.0
2015-08-18,36.01,36.44,34.07,33.87,66279276.0,703393280.0
2015-08-17,36.3,36.37,35.97,35.77,44329496.0,477957952.0
2015-08-14,36.77,36.87,36.51,36.3,40951092.0,448604352.0
2015-08-13,36.44,37.07,36.67,36.2,37835036.0,414689696.0
2015-08-12,36.77,37.31,36.61,36.57,40785988.0,451004960.0
2015-08-11,37.64,37.84,37.27,37.04,59007236.0,661511360.0
2015-08-10,36.67,38.01,37.94,36.17,76085880.0,845499392.0
2015-08-07,36.67,37.27,36.81,36.44,39646104.0,438645056.0
2015-08-06,36.34,37.04,36.27,36.1,24029872.0,263201216.0
2015-08-05,37.21,37.37,36.51,36.44,29601070.0,327983264.0
2015-08-04,37.01,37.47,37.41,36.74,34884344.0,387959904.0
2015-08-03,35.7,37.11,37.04,35.47,60796052.0,663393792.0
2015-07-31,36.04,36.47,36.1,35.3,64013740.0,685944640.0
2015-07-30,37.37,37.61,36.14,36.1,54836804.0,608472576.0
2015-07-29,37.31,37.51,37.37,36.91,56883516.0,634896960.0
2015-07-28,36.07,37.91,37.51,36.07,113791872.0,1265581696.0
2015-07-27,40.34,40.68,36.84,36.84,134762384.0,1576857600.0
2015-07-24,42.05,42.21,40.94,40.88,70141632.0,877927424.0
2015-07-23,41.48,42.45,42.21,41.48,67950744.0,858480448.0
2015-07-22,42.41,42.95,41.98,41.91,77957360.0,991618688.0
2015-07-21,43.31,44.05,42.81,42.61,91168880.0,1180632192.0
2015-07-20,43.71,44.38,43.68,43.21,92841456.0,1215699840.0
2015-07-17,43.35,44.35,43.98,42.75,117931008.0,1538774400.0
2015-07-16,44.01,44.18,43.15,42.71,118614288.0,1545298944.0
2015-07-15,42.68,44.15,44.01,42.38,195156736.0,2530850560.0
2015-07-14,42.88,43.98,43.11,41.84,172387152.0,2202200064.0
2015-07-13,43.41,45.05,43.51,42.38,208417168.0,2723654400.0
2015-07-10,42.78,47.22,44.91,42.21,308901312.0,4207386368.0
2015-07-09,42.15,45.58,44.15,38.88,306128416.0,3945222400.0
2015-07-08,41.04,45.92,42.15,39.98,338487872.0,4365073920.0
2015-07-07,41.63,44.49,44.36,40.79,304610336.0,4858439168.0
2015-07-06,43.17,43.2,42.12,40.44,266286752.0,4116790016.0
2015-07-03,40.95,42.22,39.44,37.3,174653744.0,2602054912.0
2015-07-02,40.49,42.58,40.63,39.41,212865184.0,3250361088.0
2015-07-01,40.63,41.14,39.95,39.28,112552880.0,1684669440.0
2015-06-30,38.28,41.28,41.12,38.09,159862400.0,2347939584.0
2015-06-29,39.06,39.41,38.28,34.82,190407712.0,2680213248.0
2015-06-26,39.79,41.28,38.01,36.57,148495392.0,2151943424.0
2015-06-25,42.71,43.14,40.63,40.3,128563120.0,2009797888.0
2015-06-24,41.03,41.79,41.63,40.55,99592392.0,1516999680.0
2015-06-23,40.17,41.33,41.22,38.74,90624224.0,1351711104.0
2015-06-19,42.14,42.84,39.79,38.74,127427624.0,1952317056.0
2015-06-18,43.49,43.63,42.14,41.95,94107456.0,1495503232.0
2015-06-17,44.12,44.2,43.71,43.3,123602832.0,2000290304.0
2015-06-16,44.33,44.95,43.49,43.06,102668784.0,1676118272.0
2015-06-15,46.66,46.66,44.63,44.33,135728512.0,2291340544.0
2015-06-12,46.44,46.74,46.44,45.63,129218480.0,2209441280.0
2015-06-11,46.2,46.6,46.41,45.41,111894592.0,1904115200.0
2015-06-10,46.63,47.09,46.12,45.71,149701296.0,2566223360.0
2015-06-09,48.44,49.01,47.06,46.49,203811680.0,3601699328.0
2015-06-08,45.52,48.33,47.98,45.09,281611072.0,4905225216.0
2015-06-05,47.03,47.3,45.39,44.6,176170720.0,2980468224.0
2015-06-04,44.74,46.82,46.33,43.39,230559776.0,3874507008.0
2015-06-03,43.22,45.01,44.6,42.17,182262832.0,2942551552.0
2015-06-02,42.44,43.12,43.01,41.98,118388728.0,1864804864.0
2015-06-01,40.82,42.9,42.71,40.28,125705712.0,1938491904.0
2015-05-29,40.9,41.52,40.6,39.74,128761432.0,1938458880.0
2015-05-28,43.74,43.98,40.82,40.63,153125696.0,2434249472.0
2015-05-27,44.47,44.76,43.95,43.52,120981752.0,1975528576.0
2015-05-26,44.79,44.82,44.47,44.01,122826592.0,2014987520.0
2015-05-25,44.06,44.95,44.58,43.95,152984720.0,2513054976.0
2015-05-22,42.14,44.01,43.74,42.14,173026784.0,2779728896.0
2015-05-21,41.87,42.06,41.76,41.28,63613600.0,981172736.0
2015-05-20,41.17,42.66,41.58,40.82,144269664.0,2226516736.0
2015-05-19,39.33,41.28,41.12,39.28,111578592.0,1674959104.0
2015-05-18,39.82,40.38,39.33,39.2,79642896.0,1173776000.0
2015-05-15,40.82,41.2,40.06,39.68,89191776.0,1332936320.0
2015-05-14,41.38,41.76,41.06,40.9,91948656.0,1404353920.0
2015-05-13,42.3,42.47,41.17,40.82,113395160.0,1742798208.0
2015-05-12,41.36,42.14,41.82,41.22,133509384.0,2056506624.0
2015-05-11,40.55,41.84,41.68,39.63,180184656.0,2702931456.0
2015-05-08,41.06,41.3,40.71,40.03,83506048.0,1256514816.0
2015-05-07,40.28,40.98,40.57,40.12,74114992.0,1113754880.0
2015-05-06,41.09,42.12,40.3,40.01,120637832.0,1841379584.0
2015-05-05,43.68,43.68,40.95,40.52,185561312.0,2874355456.0
2015-05-04,43.79,43.93,43.71,43.09,132859936.0,2135905664.0
2015-04-30,45.47,45.95,43.79,43.52,153536912.0,2537645056.0
2015-04-29,45.41,46.14,45.47,44.95,132190216.0,2227868160.0
2015-04-28,44.74,48.55,46.03,44.74,304266592.0,5225890816.0
2015-04-27,43.6,44.87,44.82,43.6,147467904.0,2424367616.0
2015-04-24,43.79,45.22,43.58,42.93,166031024.0,2700092416.0
2015-04-23,45.14,46.28,44.98,44.58,186746688.0,3141952000.0
2015-04-22,44.87,45.28,45.12,44.12,184153872.0,3049918464.0
2015-04-21,43.25,44.79,44.63,42.87,182912656.0,2965267968.0
2015-04-20,45.9,46.03,43.71,42.52,262634640.0,4314239488.0
2015-04-17,47.52,47.82,45.63,45.33,236924384.0,4052537344.0
2015-04-16,46.3,46.98,46.39,44.6,327793728.0,5544304640.0
2015-04-15,42.47,45.6,45.6,42.47,249523536.0,4134371072.0
2015-04-14,39.98,42.33,41.47,39.01,256122864.0,3842567168.0
2015-04-13,40.3,41.3,40.2,39.49,219832640.0,3275271680.0
2015-04-10,37.74,39.71,39.44,37.36,197780704.0,2821689600.0
2015-04-09,37.74,39.09,37.74,37.44,234051264.0,3296415744.0
2015-04-08,37.06,37.76,37.74,36.41,207298672.0,2850318848.0
2015-04-07,36.47,37.52,37.06,36.25,212319152.0,2892855552.0
2015-04-03,35.2,35.84,35.79,35.01,155219808.0,2039263872.0
2015-04-02,35.2,35.74,35.3,34.79,131537512.0,1712076288.0
2015-04-01,34.82,35.55,35.06,34.68,114772256.0,1490906752.0
2015-03-31,36.22,36.63,34.87,34.71,188878624.0,2497976832.0
2015-03-30,34.82,36.01,35.66,34.68,204086832.0,2673458176.0
2015-03-27,33.84,35.01,34.49,33.52,139008288.0,1768542848.0
2015-03-26,33.52,34.49,33.98,33.3,114034424.0,1435803776.0
2015-03-25,34.33,34.55,33.79,33.65,132250160.0,1663523456.0
2015-03-24,34.74,35.11,34.57,34.33,142935152.0,1828445056.0
2015-03-23,34.76,35.11,34.9,34.44,152776400.0,1968310656.0
2015-03-20,34.2,35.22,34.55,33.73,211701856.0,2699671296.0
2015-03-19,34.6,34.74,34.3,34.17,115827696.0,1474193536.0
2015-03-18,34.33,34.9,34.87,34.14,156062368.0,1996701824.0
2015-03-17,34.33,34.52,34.25,33.84,141480816.0,1787772672.0
2015-03-16,33.87,34.25,33.84,33.25,142179536.0,1777500032.0
2015-03-13,33.74,34.82,33.47,33.09,191639408.0,2409617408.0
2015-03-12,32.44,34.44,33.41,32.28,259650816.0,3199457280.0
2015-03-11,31.63,32.33,31.73,31.63,83912288.0,992060544.0
2015-03-10,32.03,32.2,31.6,31.52,101868048.0,1197526656.0
2015-03-09,30.82,32.95,32.38,30.46,192011840.0,2264851200.0
2015-03-06,30.57,30.9,30.68,30.46,51356288.0,583694528.0
2015-03-05,31.11,31.19,30.57,30.38,82613344.0,938000320.0
2015-03-04,31.38,31.68,31.25,31.09,66622492.0,772398208.0
2015-03-03,32.3,32.3,31.38,31.36,95652624.0,1126107648.0
2015-03-02,32.6,32.71,32.49,32.2,98882344.0,1184452352.0
2015-02-27,33.06,33.14,32.49,32.41,125007344.0,1513821056.0
2015-02-26,32.11,33.11,33.03,31.76,88337104.0,1062140288.0
2015-02-25,33.11,33.14,32.09,32.03,72106128.0,866828416.0
2015-02-17,33.11,33.57,33.09,32.98,70653808.0,867947584.0
2015-02-16,33.06,33.25,32.95,32.68,83420224.0,1016806528.0
2015-02-13,32.79,34.22,33.41,32.47,214106416.0,2644279808.0
2015-02-12,32.2,32.65,32.33,31.52,64935440.0,769107264.0
2015-02-11,32.22,32.38,32.14,31.92,46106924.0,547353600.0
2015-02-10,31.55,32.38,32.3,31.44,78265480.0,927319680.0
2015-02-09,31.38,31.95,31.65,30.95,80421024.0,936370688.0
2015-02-06,31.68,32.09,31.46,31.14,72798000.0,851798208.0
2015-02-05,33.3,33.3,32.03,31.79,166165504.0,2014176512.0
2015-02-04,32.68,32.9,32.01,31.9,77228864.0,927925184.0
2015-02-03,32.49,32.92,32.9,31.82,100184624.0,1195219584.0
2015-02-02,31.92,32.57,32.2,31.79,71015888.0,843192704.0
2015-01-30,33.03,33.2,32.84,32.36,87223536.0,1057813760.0
2015-01-29,33.11,33.28,32.84,32.49,100572640.0,1222244992.0
2015-01-28,33.68,34.2,33.63,33.3,97380008.0,1212240640.0
2015-01-27,34.87,34.9,34.09,33.3,127278192.0,1600858752.0
2015-01-26,35.06,35.28,34.98,34.2,100653648.0,1288436224.0
2015-01-23,34.74,36.06,35.3,34.49,168409824.0,2194532096.0
2015-01-22,34.74,34.98,34.68,34.06,118712032.0,1515342976.0
2015-01-21,33.2,35.09,35.03,32.71,201647520.0,2527002624.0
2015-01-20,32.98,33.49,32.98,32.22,166576080.0,2029657088.0
2015-01-19,33.95,34.79,32.98,32.98,200568208.0,2502721280.0
2015-01-16,36.74,37.3,36.66,36.09,195295088.0,2659698176.0
2015-01-15,34.76,36.74,36.68,34.49,182221360.0,2406622208.0
2015-01-14,34.3,35.28,34.63,34.22,116269056.0,1493569664.0
2015-01-13,34.11,34.55,34.01,33.82,82844960.0,1046745856.0
2015-01-12,34.44,35.03,34.22,33.47,153002944.0,1938072704.0
2015-01-09,34.14,36.71,34.71,33.84,230177632.0,3010164736.0
2015-01-08,35.55,35.68,34.2,34.09,133523976.0,1707294976.0
2015-01-07,35.57,36.2,35.52,34.65,164144048.0,2147939328.0
2015-01-06,36.11,37.47,35.95,35.49,194576576.0,2614867968.0
2015-01-05,36.66,37.41,36.6,35.68,233031760.0,3157864448.0
2014-12-31,36.03,36.66,36.38,35.28,220222576.0,2942213376.0
2014-12-30,34.55,36.66,35.98,34.22,262004448.0,3472144640.0
2014-12-29,35.87,36.76,34.66,34.28,358146592.0,4714455040.0
2014-12-26,33.2,34.71,34.44,32.57,363912480.0,4528606720.0
2014-12-25,30.84,33.36,33.36,30.55,388298880.0,4703796224.0
2014-12-24,31.79,31.95,30.33,29.76,143599008.0,1635488000.0
2014-12-23,32.44,33.57,31.63,31.57,172970688.0,2085574144.0
2014-12-22,32.17,34.74,33.36,32.03,323858816.0,4005943296.0
2014-12-19,31.87,32.57,32.2,31.0,199726368.0,2364030208.0
2014-12-18,32.71,33.09,31.98,31.49,210264352.0,2503752960.0
2014-12-17,30.65,33.14,32.6,30.27,378870304.0,4455090688.0
2014-12-16,29.11,30.33,30.33,28.95,195070752.0,2143391232.0
2014-12-15,28.98,29.44,29.03,28.44,121296736.0,1291643904.0
2014-12-12,29.87,30.36,29.46,29.14,116155568.0,1279516544.0
2014-12-11,29.71,30.79,29.73,29.49,174334272.0,1943675904.0
2014-12-10,29.46,30.73,30.19,27.79,280376448.0,3030242816.0
2014-12-09,31.82,33.11,29.25,29.25,340409952.0,3981746432.0
2014-12-08,31.3,33.36,32.49,30.79,299924928.0,3554985984.0
2014-12-05,31.63,33.25,31.84,30.22,351567904.0,4125640960.0
2014-12-04,29.44,31.36,31.3,29.17,319103936.0,3578339584.0
2014-12-03,30.22,31.63,29.44,28.92,368915872.0,4128460800.0
2014-12-02,27.6,30.6,30.22,27.52,340551776.0,3691697152.0
2014-12-01,27.98,29.33,27.92,27.63,366054848.0,3845761536.0
2014-11-28,25.09,27.52,27.52,24.9,397206368.0,3884925696.0
2014-11-27,24.9,25.36,25.0,24.6,185699856.0,1716364928.0
2014-11-26,24.06,24.87,24.6,23.95,169517264.0,1530717184.0
2014-11-25,23.65,24.03,23.98,23.46,117949920.0,1034647040.0
2014-11-24,23.22,23.98,23.73,23.09,186557936.0,1624302976.0
2014-11-21,23.36,23.76,23.65,23.0,109670704.0,947892608.0
2014-11-20,23.17,23.41,23.36,23.06,54647532.0,470177568.0
2014-11-19,23.33,23.38,23.22,23.14,71351176.0,613252480.0
2014-11-18,23.84,23.92,23.36,23.33,89566376.0,779029056.0
2014-11-17,24.3,24.46,23.84,23.82,73885568.0,657720320.0
2014-11-14,24.27,24.46,24.14,23.87,82684416.0,736724928.0
2014-11-13,24.68,24.98,24.38,24.25,136344112.0,1238980608.0
2014-11-12,24.22,24.6,24.57,24.09,105769808.0,951246784.0
2014-11-11,24.06,25.09,24.46,23.87,291988800.0,2647920128.0
2014-11-10,23.49,23.87,23.84,23.33,199983024.0,1743919232.0
2014-11-07,23.14,23.76,23.22,23.06,192928864.0,1669162880.0
2014-11-06,23.14,23.22,23.14,22.98,76525928.0,653168512.0
2014-11-05,23.57,23.57,23.14,23.06,114282760.0,980616576.0
2014-11-04,23.76,23.76,23.44,23.36,100168576.0,873397440.0
2014-11-03,24.0,24.06,23.79,23.65,180544928.0,1590813568.0
2014-10-31,23.0,24.25,23.73,22.9,259667968.0,2268953856.0
2014-10-30,22.57,23.0,22.84,22.46,88640912.0,744832512.0
2014-10-29,22.41,22.73,22.57,22.36,54739716.0,456066304.0
2014-10-28,22.27,22.44,22.36,22.17,48227404.0,397933248.0
2014-10-27,22.49,22.49,22.17,22.09,31704856.0,260764992.0
2014-10-24,22.68,22.71,22.54,22.49,20720988.0,173301472.0
2014-10-23,22.81,23.03,22.62,22.6,37614708.0,318053696.0
2014-10-22,22.95,23.11,22.84,22.81,36218336.0,307881568.0
2014-10-21,23.0,23.08,22.95,22.92,27574646.0,235053184.0
2014-10-20,23.03,23.08,23.03,22.84,26048646.0,221325312.0
2014-10-17,23.08,23.25,22.92,22.71,37258248.0,317087904.0
2014-10-16,22.89,23.43,23.08,22.87,75105656.0,645750336.0
2014-10-15,22.81,23.08,23.0,22.76,30037106.0,255440704.0
2014-10-14,22.84,23.0,22.87,22.76,24456776.0,207172080.0
2014-10-13,22.89,23.06,22.89,22.76,25283224.0,214043712.0
2014-10-10,22.89,23.3,23.0,22.81,44089036.0,375113344.0
2014-10-09,23.08,23.08,22.95,22.87,32291526.0,274957568.0
2014-10-08,22.98,23.06,23.06,22.76,40470656.0,343845120.0
2014-09-30,22.98,23.0,22.92,22.81,26503720.0,224769776.0
2014-09-29,22.84,22.95,22.92,22.79,32930908.0,279042368.0
2014-09-26,22.68,22.84,22.81,22.6,16892088.0,142233504.0
2014-09-25,22.95,23.0,22.71,22.65,32188268.0,272223712.0
2014-09-24,22.46,22.92,22.81,22.44,40123560.0,337952672.0
2014-09-23,22.33,22.6,22.57,22.33,20249648.0,168537456.0
2014-09-22,22.81,22.81,22.36,22.25,36727664.0,306362240.0
2014-09-19,22.81,22.95,22.81,22.68,30633580.0,259154272.0
2014-09-18,22.65,23.06,22.76,22.54,54322080.0,458948480.0
2014-09-17,22.89,22.95,22.71,22.62,35045472.0,295409120.0
2014-09-16,22.87,23.35,22.81,22.76,60255256.0,512037088.0
2014-09-15,22.84,22.89,22.81,22.71,39758980.0,335756864.0
2014-09-12,22.98,22.98,22.95,22.79,23810494.0,201713088.0
2014-09-11,23.08,23.35,23.03,22.98,30333410.0,260111712.0
2014-09-10,23.19,23.22,23.06,22.98,27248760.0,232901216.0
2014-09-09,23.49,23.54,23.3,23.19,25876912.0,223582848.0
2014-09-05,23.3,23.52,23.49,23.22,35394620.0,306790816.0
2014-09-04,23.3,23.35,23.3,23.03,36530656.0,313444608.0
2014-09-03,23.19,23.57,23.25,23.11,38244880.0,330583008.0
2014-09-02,22.84,23.19,23.16,22.68,37454836.0,317914912.0
2014-09-01,22.79,22.87,22.79,22.6,24162872.0,203639056.0
2014-08-29,22.57,22.79,22.76,22.46,17798456.0,148868032.0
2014-08-28,22.68,22.76,22.41,22.38,20013274.0,167011328.0
2014-08-27,22.73,22.84,22.71,22.6,17337420.0,145798304.0
2014-08-26,22.6,22.95,22.73,22.52,20975360.0,176663888.0
2014-08-25,23.0,23.0,22.6,22.54,29135056.0,244558016.0
2014-08-22,22.68,23.06,23.0,22.6,21040616.0,178009936.0
2014-08-21,23.0,23.06,22.71,22.49,33828584.0,284387872.0
2014-08-20,23.22,23.25,23.0,22.98,22037714.0,188380352.0
2014-08-19,23.14,23.22,23.22,23.0,24322608.0,208084176.0
2014-08-18,23.16,23.27,23.14,22.98,25480194.0,218058832.0
2014-08-15,23.0,23.22,23.11,22.95,22879470.0,195778736.0
2014-08-14,23.14,23.19,22.98,22.95,25410022.0,216727312.0
2014-08-13,23.27,23.38,23.11,22.95,36743656.0,314803232.0
2014-08-12,23.49,23.6,23.3,23.16,32487412.0,280129024.0
2014-08-11,23.43,23.73,23.62,23.33,27368444.0,238918256.0
2014-08-08,23.46,23.54,23.33,23.25,28735660.0,249123248.0
2014-08-07,23.92,23.92,23.43,23.38,39723272.0,346714240.0
2014-08-06,23.62,23.98,23.81,23.35,42137268.0,368770976.0
2014-08-05,23.98,24.03,23.79,23.6,39157564.0,345027872.0
2014-08-04,23.79,24.06,24.0,23.57,49718268.0,439392736.0
2014-08-01,23.68,24.25,23.68,23.62,69846216.0,618568768.0
2014-07-31,23.38,23.87,23.76,23.33,48122448.0,419532512.0
2014-07-30,23.57,24.43,23.38,23.27,59420848.0,522760256.0
2014-07-29,23.7,23.95,23.68,23.27,69205624.0,606738624.0
2014-07-28,22.11,23.95,23.62,22.11,128710856.0,1104090496.0
2014-07-25,21.87,22.19,22.0,21.79,28308940.0,230453488.0
2014-07-24,21.27,22.06,21.84,21.14,46741096.0,376680960.0
2014-07-23,21.19,21.41,21.19,21.14,20984534.0,165404320.0
2014-07-22,21.03,21.33,21.19,20.95,17937992.0,140827600.0
2014-07-21,21.0,21.11,21.06,20.98,11772045.0,91744568.0
2014-07-18,20.92,21.14,21.03,20.87,16186394.0,126147008.0
2014-07-17,21.09,21.09,20.95,20.87,9575565.0,74304512.0
2014-07-16,20.95,21.06,21.03,20.9,19531334.0,151854064.0
2014-07-15,20.92,21.14,20.9,20.87,20347728.0,158154944.0
2014-07-14,20.73,20.92,20.9,20.71,11210595.0,86584064.0
2014-07-11,20.63,20.92,20.73,20.57,12996357.0,100126920.0
2014-07-10,20.79,20.82,20.63,20.6,17549346.0,134657344.0
2014-07-09,20.95,20.97,20.74,20.69,23773612.0,193614992.0
2014-07-07,21.02,21.05,20.97,20.87,14919224.0,122318904.0
2014-07-04,21.0,21.05,21.02,20.92,19020270.0,156327248.0
2014-07-03,20.87,20.95,20.95,20.79,16129485.0,131906000.0
2014-07-02,20.89,20.92,20.87,20.74,16474408.0,134299168.0
2014-07-01,21.02,21.05,20.89,20.82,11118262.0,90953240.0
2014-06-30,20.87,20.97,20.95,20.79,12952756.0,105939000.0
2014-06-27,20.89,20.95,20.82,20.79,12565244.0,102514248.0
2014-06-26,20.84,21.0,20.87,20.79,9945007.0,81382240.0
2014-06-25,20.84,20.89,20.79,20.69,12253036.0,99701888.0
2014-06-24,20.89,20.97,20.84,20.77,14082239.0,114944448.0
2014-06-23,21.05,21.12,20.84,20.79,13513981.0,110638648.0
2014-06-20,20.87,21.12,21.07,20.87,10833403.0,88922648.0
2014-06-19,21.1,21.15,20.84,20.79,11065000.0,90766840.0
2014-06-18,21.07,21.25,21.07,21.05,11238337.0,93060648.0
2014-06-17,21.3,21.33,21.12,20.97,15284757.0,126499904.0
2014-06-16,21.15,21.43,21.38,21.02,21816208.0,181605568.0
2014-06-13,20.79,21.25,21.15,20.74,26352684.0,217132400.0
2014-06-12,20.77,20.89,20.79,20.74,7799548.0,63617552.0
2014-06-11,20.89,20.92,20.77,20.74,12889505.0,104963264.0
2014-06-10,20.84,21.0,20.92,20.64,18389832.0,150082880.0
2014-06-09,20.69,20.97,20.79,20.64,11251208.0,91640592.0
2014-06-06,20.82,20.95,20.69,20.61,11898959.0,96846512.0
2014-06-05,20.61,20.87,20.82,20.54,14194146.0,115156472.0
2014-06-04,20.95,20.95,20.61,20.46,26563818.0,214334944.0
2014-06-03,21.12,21.25,20.95,20.92,15215672.0,125654440.0
2014-05-30,21.12,21.25,21.1,21.07,11838175.0,98049704.0
2014-05-29,21.36,21.38,21.15,21.1,15030520.0,124952056.0
2014-05-28,21.28,21.36,21.33,21.15,23588368.0,196222288.0
2014-05-27,21.46,21.51,21.28,21.2,19706852.0,164657088.0
2014-05-26,21.66,21.71,21.46,21.36,15809528.0,132966240.0
2014-05-23,21.25,21.56,21.48,21.25,21894960.0,183360080.0
2014-05-22,21.33,22.05,21.3,21.28,40081784.0,339416480.0
2014-05-21,21.18,21.43,21.36,20.97,13103259.0,109150240.0
2014-05-20,21.38,21.43,21.28,21.18,8383469.0,69855672.0
2014-05-19,21.53,21.59,21.28,21.15,15536944.0,129571496.0
2014-05-16,21.38,21.71,21.66,21.33,25771226.0,217870624.0
2014-05-15,21.38,21.59,21.3,21.28,11774923.0,98792464.0
2014-05-14,21.46,21.61,21.41,21.33,12283504.0,103133224.0
2014-05-13,21.43,21.51,21.48,21.36,10900268.0,91408264.0
2014-05-12,21.25,21.56,21.43,21.12,21009136.0,176075632.0
2014-05-09,21.3,21.3,21.15,21.07,14638149.0,121393696.0
2014-05-08,21.2,21.53,21.18,21.15,24640028.0,205546208.0
2014-05-07,21.41,21.46,21.25,21.25,13012404.0,108699184.0
2014-05-06,21.41,21.74,21.46,21.33,22524120.0,189649088.0
2014-05-05,21.48,21.66,21.46,21.2,29540788.0,247260528.0
2014-04-30,22.02,22.05,21.69,21.59,25559084.0,217874736.0
2014-04-29,22.15,22.15,21.99,21.66,35208400.0,301883104.0
2014-04-28,21.82,22.43,22.1,21.64,58668860.0,505297696.0
2014-04-25,21.56,22.68,21.64,21.43,83114480.0,713404736.0
2014-04-24,21.38,21.61,21.43,21.23,26160558.0,219774000.0
2014-04-23,21.59,21.61,21.36,21.3,23120876.0,193880896.0
2014-04-22,21.15,21.69,21.61,21.12,28424428.0,238190016.0
2014-04-21,21.46,21.66,21.18,21.15,33390852.0,279778944.0
2014-04-18,21.64,21.71,21.59,21.28,36865104.0,310191392.0
2014-04-17,21.99,22.07,21.82,21.56,25497728.0,217051280.0
2014-04-16,21.66,22.05,21.94,21.64,22950044.0,196881280.0
2014-04-15,22.25,22.3,21.74,21.51,31406468.0,268428048.0
2014-04-14,22.63,22.68,22.35,22.22,26765436.0,234458112.0
2014-04-11,22.76,22.91,22.68,22.5,40490336.0,359845152.0
2014-04-10,22.76,23.22,22.81,22.66,57613000.0,516387808.0
2014-04-09,22.73,22.86,22.73,22.58,33677752.0,299412704.0
2014-04-08,21.79,23.3,22.81,21.71,84638288.0,747976832.0
2014-04-04,21.28,21.92,21.79,21.25,29934058.0,254159552.0
2014-04-03,21.66,21.89,21.43,21.28,26771300.0,226788320.0
2014-04-02,21.46,21.71,21.59,21.41,26849760.0,226981376.0
2014-04-01,21.43,21.61,21.43,21.25,15317856.0,128625984.0
2014-03-31,21.33,21.61,21.56,21.02,29770624.0,249240560.0
2014-03-28,21.18,21.51,21.15,21.05,23741244.0,197869776.0
2014-03-27,20.89,21.48,21.25,20.72,37906784.0,313849344.0
2014-03-26,21.12,21.25,20.92,20.84,17227636.0,141592544.0
2014-03-25,21.3,21.38,21.07,20.97,21954812.0,182173728.0
2014-03-24,21.43,21.69,21.36,21.28,55730008.0,469086848.0
2014-03-21,20.18,21.33,21.23,20.18,56885940.0,466414944.0
2014-03-20,20.38,20.64,20.28,20.28,16834492.0,135115776.0
2014-03-19,20.38,20.43,20.41,20.23,16372322.0,130213088.0
2014-03-18,20.59,20.72,20.43,20.41,15761617.0,126638976.0
2014-03-17,20.84,20.89,20.59,20.49,14860494.0,119891288.0
2014-03-14,20.61,20.84,20.54,20.38,21285064.0,171623168.0
2014-03-13,20.56,21.15,20.74,20.56,26511546.0,216373472.0
2014-03-12,20.08,20.69,20.43,20.03,36018848.0,287088000.0
2014-03-11,19.85,20.26,20.13,19.85,32559344.0,255752800.0
2014-03-10,20.43,20.54,19.85,19.82,43085040.0,339189440.0
2014-03-07,20.89,21.25,20.61,20.56,31910152.0,261827488.0
2014-03-06,20.66,21.28,21.0,20.59,36830160.0,303028672.0
2014-03-05,20.82,21.07,20.77,20.61,26294830.0,214624016.0
2014-03-04,20.64,20.95,20.72,20.36,25744446.0,207936656.0
2014-03-03,20.66,20.95,20.54,20.41,27673892.0,223640560.0
2014-02-28,20.72,21.07,20.87,20.46,31441000.0,255761200.0
2014-02-27,20.0,21.46,20.92,19.85,72150360.0,589840576.0
2014-02-26,20.05,20.26,19.92,19.8,20097040.0,157228144.0
2014-02-25,20.28,20.56,20.03,19.95,27150726.0,215322736.0
2014-02-24,20.69,20.69,20.28,20.18,26806108.0,213209376.0
2014-02-21,20.95,20.97,20.82,20.69,26753328.0,217925264.0
2014-02-20,21.46,21.69,20.95,20.89,41782552.0,348641984.0
2014-02-19,20.72,21.64,21.43,20.64,57648768.0,479213696.0
2014-02-18,21.3,21.36,20.72,20.64,41720480.0,341117152.0
2014-02-17,21.64,21.79,21.41,21.23,32565000.0,272694816.0
2014-02-14,21.43,21.61,21.51,21.33,27056192.0,227420240.0
2014-02-13,21.25,22.02,21.59,21.07,66872880.0,566285056.0
2014-02-12,21.41,21.71,21.3,21.2,36288624.0,304453536.0
2014-02-11,21.07,21.89,21.53,20.84,55031300.0,463085920.0
2014-02-10,20.82,21.1,21.05,20.72,23922412.0,196477024.0
2014-02-07,20.69,20.79,20.69,20.43,18269518.0,147590848.0
2014-01-30,21.23,21.33,20.87,20.84,17118028.0,141074784.0
2014-01-29,21.12,21.43,21.3,21.0,27992664.0,233568448.0
2014-01-28,20.82,21.07,21.07,20.72,25465200.0,208564128.0
2014-01-27,20.87,21.0,20.69,20.43,23722232.0,192428016.0
2014-01-24,20.38,21.02,20.74,20.38,24239418.0,197143760.0
2014-01-23,20.72,20.79,20.49,20.49,16970888.0,136868560.0
2014-01-22,20.36,20.87,20.82,20.28,25776460.0,208499424.0
2014-01-21,20.28,20.64,20.36,20.2,12237490.0,97770104.0
2014-01-20,20.31,20.43,20.2,20.15,11868693.0,94156744.0
2014-01-17,20.51,20.66,20.33,20.28,18778028.0,150125536.0
2014-01-16,20.46,20.84,20.66,20.15,20272184.0,163137168.0
2014-01-15,20.95,20.95,20.46,20.26,27939692.0,224945184.0
2014-01-14,20.97,21.15,20.97,20.74,23792052.0,194998112.0
2014-01-13,20.84,21.1,20.95,20.69,27266972.0,222984160.0
2014-01-10,20.33,20.95,20.84,20.15,32096672.0,259806064.0
2014-01-09,20.38,20.84,20.46,20.33,26248054.0,211751680.0
2014-01-08,20.1,20.54,20.46,19.95,29337360.0,233617792.0
2014-01-07,19.98,20.2,20.03,19.77,21266442.0,166163360.0
2014-01-06,20.69,20.82,20.1,19.95,34358548.0,272247264.0
2014-01-03,21.07,21.07,20.59,20.43,29878460.0,241173984.0
2014-01-02,21.74,21.74,21.2,21.05,37610632.0,312566016.0
2013-12-31,21.23,22.02,21.89,21.15,89627584.0,761296384.0
2013-12-30,20.95,21.56,21.38,20.77,74845880.0,623828096.0
2013-12-27,20.18,21.3,20.95,20.1,62749152.0,508387776.0
2013-12-26,19.57,20.56,20.23,19.44,95777424.0,751759680.0
2013-12-25,19.54,19.77,19.59,19.31,20781632.0,159337408.0
2013-12-24,19.64,19.8,19.52,19.29,17931776.0,137483840.0
2013-12-23,19.46,19.75,19.52,19.18,24679544.0,188329104.0
2013-12-20,20.1,20.15,19.31,19.29,48577640.0,372865600.0
2013-12-19,20.89,20.95,20.1,20.05,35429832.0,283198336.0
2013-12-18,20.77,21.0,20.79,20.69,15180608.0,123608776.0
2013-12-17,20.84,20.95,20.74,20.72,15450000.0,125763720.0
2013-12-16,20.97,21.36,20.79,20.64,29751104.0,244550304.0
2013-12-13,20.69,20.95,20.87,20.54,20649348.0,167929200.0
2013-12-12,20.87,21.05,20.89,20.82,19457602.0,159522816.0
2013-12-11,21.15,21.18,20.92,20.74,31893288.0,261626896.0
2013-12-10,21.25,21.41,21.25,21.1,24089506.0,200501792.0
2013-12-09,21.76,21.89,21.2,21.15,45035040.0,377585536.0
2013-12-06,21.61,21.79,21.66,21.46,35467632.0,300132160.0
2013-12-05,22.48,22.48,21.79,21.66,112917864.0,974232064.0
2013-12-04,21.92,22.55,22.45,21.84,87273768.0,762160512.0
2013-12-03,21.46,22.22,22.02,21.33,79497392.0,678365376.0
2013-12-02,20.97,22.15,21.51,20.97,84908512.0,717027072.0
2013-11-29,21.28,21.38,21.0,20.92,28868164.0,238750592.0
2013-11-28,20.72,21.36,21.1,20.69,47334256.0,389726432.0
2013-11-27,20.46,20.87,20.72,20.41,33366956.0,269988544.0
2013-11-26,20.38,20.56,20.43,20.33,21294318.0,170919808.0
2013-11-25,20.28,20.64,20.36,20.28,24206204.0,193890288.0
2013-11-22,20.64,20.72,20.38,20.36,25303246.0,203246704.0
2013-11-21,20.56,20.66,20.64,20.26,40905668.0,326815776.0
2013-11-20,20.49,20.77,20.64,20.38,39184992.0,315671392.0
2013-11-19,20.61,20.64,20.36,20.31,44861980.0,359288192.0
2013-11-18,19.92,20.64,20.61,19.82,78149728.0,619702848.0
2013-11-15,19.41,20.05,19.85,19.34,49396016.0,383596896.0
2013-11-14,19.62,19.64,19.39,19.23,31878684.0,242775024.0
2013-11-13,19.87,19.95,19.54,19.52,36355036.0,280380128.0
2013-11-12,19.69,20.08,20.05,19.64,39275472.0,306131872.0
2013-11-11,19.41,19.8,19.62,19.29,25238188.0,192847120.0
2013-11-08,19.34,19.57,19.34,19.29,20334336.0,154570368.0
2013-11-07,19.34,19.57,19.41,19.29,23180796.0,176349584.0
2013-11-06,19.67,19.7,19.34,19.31,32593876.0,249190224.0
2013-11-05,19.82,19.92,19.8,19.52,36869140.0,284333504.0
2013-11-04,20.33,20.41,19.98,19.95,37291560.0,294568896.0
2013-11-01,20.0,20.36,20.18,19.87,45282872.0,356977824.0
2013-10-31,20.46,20.46,20.0,19.98,56116032.0,443130272.0
2013-10-30,20.2,20.43,20.41,19.98,59015792.0,466808192.0
2013-10-29,19.46,20.51,20.08,19.44,88878288.0,694685440.0
2013-10-28,19.41,19.49,19.39,19.21,22145042.0,167619136.0
2013-10-25,19.13,19.59,19.31,19.11,45379024.0,343877280.0
2013-10-24,19.0,19.36,19.06,18.93,25521316.0,190977168.0
2013-10-23,19.03,19.67,19.06,18.95,39279812.0,296542272.0
2013-10-22,19.16,19.18,18.93,18.88,20587220.0,153101232.0
2013-10-21,19.06,19.31,19.26,18.85,31448624.0,234827392.0
2013-10-18,18.93,19.23,19.0,18.88,18760548.0,139876128.0
2013-10-17,19.03,19.11,18.88,18.83,17250764.0,128034352.0
2013-10-16,19.11,19.16,18.88,18.8,21278158.0,157882672.0
2013-10-15,19.41,19.46,19.16,19.08,22919080.0,172545680.0
2013-10-14,19.62,19.62,19.41,19.34,26650976.0,202775104.0
2013-10-11,19.39,19.72,19.67,19.29,38980852.0,297815936.0
2013-10-10,19.67,19.72,19.21,19.16,28328188.0,215072080.0
2013-10-09,19.21,19.64,19.57,19.18,30270192.0,230843600.0
2013-10-08,19.0,19.46,19.34,18.77,26319260.0,197328048.0
2013-09-30,19.13,19.29,19.08,19.03,20279942.0,151998864.0
2013-09-27,18.83,19.11,19.03,18.77,20621684.0,153011712.0
2013-09-26,19.36,19.41,18.9,18.85,30490104.0,227314320.0
2013-09-25,19.54,19.8,19.44,19.36,27189158.0,208080560.0
2013-09-24,20.0,20.05,19.57,19.44,43219004.0,332229312.0
2013-09-23,20.18,20.28,20.15,19.9,34488924.0,271111424.0
2013-09-18,19.9,20.2,20.08,19.7,32783582.0,256784272.0
2013-09-17,20.66,20.74,19.92,19.9,53403980.0,423309088.0
2013-09-16,20.97,21.02,20.61,20.33,62616832.0,506606112.0
2013-09-13,20.69,21.2,20.74,20.54,70375368.0,574049536.0
2013-09-12,20.0,21.41,20.84,19.8,114067784.0,925008704.0
2013-09-11,20.03,20.38,20.0,19.92,69381992.0,547247104.0
2013-09-10,19.95,20.1,20.0,19.39,106643904.0,826152768.0
2013-09-09,18.67,20.08,19.82,18.65,139679232.0,1067339456.0
2013-09-06,18.14,18.55,18.42,18.09,39044372.0,280049504.0
2013-09-05,18.37,18.37,18.19,18.16,20203528.0,144227968.0
2013-09-04,18.32,18.6,18.32,18.26,40395944.0,291160640.0
2013-09-03,17.98,18.42,18.37,17.88,63604524.0,453575680.0
2013-09-02,17.88,18.01,17.91,17.7,36798128.0,257676512.0
2013-08-30,17.78,17.93,17.83,17.62,33255828.0,231871552.0
2013-08-29,17.91,18.01,17.78,17.65,28824496.0,200969120.0
2013-08-28,17.78,17.91,17.78,17.57,34146456.0,237249200.0
2013-08-27,17.83,18.03,17.88,17.7,32379468.0,226442016.0
2013-08-26,17.55,17.88,17.83,17.4,43611560.0,303014848.0
2013-08-23,17.75,17.88,17.47,17.17,33803480.0,232326880.0
2013-08-22,17.57,17.93,17.65,17.55,25046500.0,174031776.0
2013-08-21,17.83,17.93,17.6,17.55,29053916.0,200922592.0
2013-08-20,17.7,18.14,17.8,17.65,54564648.0,382267008.0
2013-08-19,17.27,17.93,17.75,17.17,42520996.0,292665184.0
2013-08-16,17.24,19.11,17.55,17.09,100140856.0,701038912.0
2013-08-15,17.57,17.75,17.37,17.27,32945860.0,225745584.0
2013-08-14,17.73,18.03,17.62,17.57,43992768.0,307010144.0
2013-08-13,17.52,17.78,17.73,17.47,40775996.0,281778112.0
2013-08-12,17.17,17.68,17.6,17.11,55771720.0,380909248.0
2013-08-09,17.22,17.47,17.11,17.01,51779016.0,348834464.0
2013-08-08,16.86,17.11,17.06,16.71,27318048.0,181093648.0
2013-08-07,16.83,17.06,16.91,16.78,24096872.0,159691120.0
2013-08-06,16.73,16.91,16.83,16.6,22833968.0,149510656.0
2013-08-05,16.5,16.83,16.81,16.45,28121452.0,183004080.0
2013-08-02,16.58,16.68,16.48,16.37,29430756.0,190190048.0
2013-08-01,16.22,16.5,16.43,16.17,29149138.0,186645104.0
2013-07-31,16.14,16.37,16.22,15.96,22425768.0,141513168.0
2013-07-30,15.91,16.32,16.04,15.86,34227476.0,215102224.0
2013-07-29,16.25,16.25,15.81,15.66,44766416.0,278276256.0
2013-07-26,16.58,16.66,16.48,16.43,17191718.0,111102280.0
2013-07-25,16.78,16.91,16.66,16.5,29542596.0,193233376.0
2013-07-24,17.24,17.32,16.86,16.48,45560928.0,299728096.0
2013-07-23,16.86,17.44,17.29,16.77,35500036.0,327573504.0
2013-07-22,16.58,16.91,16.82,16.41,21466572.0,192053808.0
2013-07-19,17.14,17.27,16.82,16.8,23540852.0,215675712.0
2013-07-18,17.4,17.47,17.08,17.05,28783876.0,266734240.0
2013-07-17,17.49,17.59,17.29,17.19,25210522.0,235431248.0
2013-07-16,17.45,17.57,17.57,17.14,21694186.0,202014944.0
2013-07-15,17.29,17.79,17.45,17.21,30910516.0,290841088.0
2013-07-12,17.6,17.77,17.16,17.08,40000324.0,374274560.0
2013-07-11,16.62,18.05,17.77,16.62,67967728.0,636287808.0
2013-07-10,16.09,16.56,16.54,16.09,16348913.0,143512352.0
2013-07-09,16.02,16.17,16.11,16.02,8255702.0,71337400.0
2013-07-08,16.08,16.24,16.0,15.96,18828916.0,162314656.0
2013-07-05,16.36,16.54,16.3,16.28,14493519.0,127641056.0
2013-07-04,16.02,16.54,16.3,15.96,25616740.0,224277216.0
2013-07-03,16.49,16.49,16.17,15.95,24566432.0,213055216.0
2013-07-02,16.64,16.69,16.54,16.41,16458997.0,146009792.0
2013-07-01,16.6,16.77,16.62,16.36,19706104.0,175354048.0
2013-06-28,16.06,16.88,16.8,15.95,37393436.0,330926528.0
2013-06-27,16.11,16.26,16.13,15.95,31926080.0,275988096.0
2013-06-26,16.3,16.41,15.98,15.74,39230664.0,338028480.0
2013-06-25,16.13,16.26,16.19,14.87,70095912.0,589290752.0
2013-06-24,17.64,17.64,16.19,16.15,45202124.0,406700896.0
2013-06-21,17.45,17.96,17.66,17.4,18585108.0,176604816.0
2013-06-20,18.46,18.52,17.73,17.7,25026768.0,243108640.0
2013-06-19,18.78,18.78,18.55,18.35,13720982.0,136320048.0
2013-06-18,18.82,18.96,18.82,18.7,11160821.0,112843376.0
2013-06-17,18.85,18.89,18.68,18.63,12688805.0,127646008.0
2013-06-14,18.68,18.78,18.74,18.59,18984572.0,190358624.0
2013-06-13,19.02,19.02,18.61,18.48,27548548.0,275073472.0
2013-06-07,19.43,19.49,19.11,19.08,18708736.0,193277136.0
2013-06-06,19.69,19.78,19.36,19.34,22532526.0,235908352.0
2013-06-05,19.9,19.95,19.73,19.65,18508786.0,196615680.0
2013-06-04,19.95,20.08,19.93,19.88,20813458.0,222889184.0
2013-06-03,20.01,20.18,19.95,19.9,18041132.0,194010512.0
2013-05-31,20.12,20.18,19.91,19.88,21616442.0,232595488.0
2013-05-30,20.16,20.29,20.05,19.99,31033052.0,334352800.0
2013-05-29,20.42,20.51,20.19,20.16,30015794.0,327217472.0
2013-05-28,19.82,20.38,20.36,19.73,39938384.0,430774432.0
2013-05-27,19.93,20.06,19.82,19.73,29237200.0,311838208.0
2013-05-24,20.03,20.23,19.97,19.84,32310448.0,346325632.0
2013-05-23,20.3,20.42,20.01,19.97,24094032.0,261121472.0
2013-05-22,20.27,20.44,20.4,20.23,24477244.0,266831648.0
2013-05-21,20.36,20.44,20.27,20.16,25640008.0,279138944.0
2013-05-20,20.3,20.73,20.42,20.16,52953796.0,581787776.0
2013-05-17,20.06,20.29,20.23,19.93,49385048.0,533778976.0
2013-05-16,19.54,20.14,20.14,19.39,37653328.0,400926656.0
2013-05-15,19.56,19.69,19.58,19.49,16092626.0,169226848.0
2013-05-14,19.71,19.73,19.54,19.41,16170260.0,169690048.0
2013-05-13,19.77,19.86,19.73,19.6,14977210.0,158581792.0
2013-05-10,19.6,19.86,19.77,19.5,18108812.0,191639152.0
2013-05-09,19.93,19.97,19.62,19.43,27860744.0,294055392.0
2013-05-08,20.05,20.23,19.91,19.86,27727326.0,297923328.0
2013-05-07,20.1,20.1,19.93,19.78,30934046.0,330398784.0
2013-05-06,20.21,20.42,20.21,19.99,45325536.0,491382496.0
2013-05-03,19.84,20.51,20.1,19.78,38019864.0,411740704.0
2013-05-02,19.37,19.84,19.73,19.32,28839492.0,304139648.0
2013-04-26,19.43,19.88,19.5,19.34,50156004.0,528552992.0
2013-04-25,19.32,19.32,18.98,18.93,22562432.0,231343728.0
2013-04-24,18.98,19.65,19.34,18.8,32544776.0,334516224.0
2013-04-23,19.97,20.01,18.89,18.78,39088288.0,402398656.0
2013-04-22,19.69,19.9,19.75,19.62,25703108.0,272193280.0
2013-04-19,18.96,20.03,19.77,18.93,51958148.0,545063104.0
2013-04-18,18.57,19.09,18.96,18.26,33119644.0,333660416.0
2013-04-17,18.96,18.96,18.76,18.57,16304679.0,163856256.0
2013-04-16,18.82,19.04,18.95,18.55,21615488.0,218204912.0
2013-04-15,18.98,19.09,18.93,18.85,16866436.0,171545136.0
2013-04-12,18.93,19.09,18.98,18.82,18849992.0,192153280.0
2013-04-11,19.11,19.13,18.95,18.85,11342935.0,115474192.0
2013-04-10,19.08,19.13,18.89,18.72,14169893.0,143902416.0
2013-04-09,19.17,19.36,19.08,19.02,24358562.0,250771008.0
2013-04-08,18.96,19.19,19.11,18.85,18271556.0,186847216.0
2013-04-03,19.26,19.58,19.37,19.26,23497536.0,244940928.0
2013-04-02,19.19,19.41,19.21,19.08,24064852.0,248542032.0
2013-04-01,19.32,19.39,19.09,19.09,18084636.0,186563216.0
2013-03-29,18.87,19.5,19.49,18.67,74351072.0,765829824.0
2013-03-28,19.37,19.37,18.91,18.14,88640120.0,893535616.0
2013-03-27,20.01,20.47,20.16,19.95,31212060.0,338108384.0
2013-03-26,20.49,20.57,19.95,19.84,42142320.0,453588640.0
2013-03-25,20.88,21.14,20.62,20.59,27784612.0,310343360.0
2013-03-22,20.64,20.9,20.85,20.53,34383176.0,383106560.0
2013-03-21,20.83,21.0,20.7,20.51,55541560.0,619620928.0
2013-03-20,19.75,20.9,20.83,19.69,63762652.0,698582528.0
2013-03-19,19.49,19.75,19.73,19.34,25074634.0,262788752.0
2013-03-18,19.28,19.65,19.41,19.21,28548256.0,298505728.0
2013-03-15,19.34,20.19,19.39,19.11,44355636.0,468257280.0
2013-03-14,19.23,19.49,19.32,19.15,20223336.0,209748352.0
2013-03-13,19.17,19.43,19.21,19.09,27117760.0,279969728.0
2013-03-12,19.88,20.06,19.19,19.02,45296116.0,472714496.0
2013-03-11,20.08,20.16,19.9,19.73,26214980.0,280494528.0
2013-03-08,20.05,20.38,20.14,19.84,29351300.0,316983360.0
2013-03-07,20.51,20.59,19.95,19.67,44663432.0,484815520.0
2013-03-06,20.75,20.94,20.66,20.44,45636680.0,507332064.0
2013-03-05,19.58,20.81,20.6,19.56,53887892.0,584748416.0
2013-03-04,20.4,20.49,19.58,19.41,52362700.0,559638144.0
2013-03-01,20.94,21.14,20.83,20.4,46358776.0,518808992.0
2013-02-28,20.3,20.98,20.94,20.01,51877092.0,573159808.0
2013-02-27,20.08,20.55,20.12,19.67,42109648.0,454163872.0
2013-02-26,19.93,20.85,19.97,19.86,48174560.0,527937888.0
2013-02-25,19.95,20.25,20.14,19.9,31639208.0,341033344.0
2013-02-22,19.77,20.18,19.75,19.65,41436372.0,443868000.0
2013-02-21,20.49,20.6,19.86,19.69,58656592.0,631663744.0
2013-02-20,21.18,21.2,20.77,20.29,52840648.0,585218880.0
2013-02-19,21.41,21.55,21.14,20.92,41229944.0,468874624.0
2013-02-18,22.17,22.17,21.41,21.33,45887540.0,533290816.0
2013-02-08,21.76,22.06,22.02,21.29,55368792.0,646925440.0
2013-02-07,22.61,22.75,21.81,21.25,81253672.0,954667968.0
2013-02-06,22.13,22.8,22.73,21.96,57144236.0,684762176.0
2013-02-05,22.37,22.58,22.15,21.78,56002368.0,666001024.0
2013-02-04,22.48,23.16,22.52,22.37,95440808.0,1162773760.0
2013-02-01,21.52,22.36,22.3,21.42,76800912.0,905997184.0
2013-01-31,21.59,21.72,21.7,21.22,54137084.0,624545664.0
2013-01-30,21.74,21.74,21.5,20.86,48773600.0,561878784.0
2013-01-29,21.46,22.02,21.72,21.18,94112376.0,1090865920.0
2013-01-28,20.62,21.5,21.37,20.62,65020984.0,741294528.0
2013-01-25,20.51,20.7,20.57,20.29,37667924.0,414908768.0
2013-01-24,20.86,21.61,20.47,20.14,83466000.0,937974144.0
2013-01-23,20.59,21.03,20.86,20.47,54969840.0,612357824.0
2013-01-22,20.08,20.96,20.75,19.84,105110528.0,1158996480.0
2013-01-21,19.75,20.1,20.08,19.47,60097652.0,642175040.0
2013-01-18,19.37,19.86,19.65,19.36,38960748.0,409751840.0
2013-01-17,19.15,19.47,19.3,18.91,26747112.0,274610368.0
2013-01-16,19.54,19.56,19.21,18.91,29059848.0,300088672.0
2013-01-15,19.47,19.78,19.6,19.39,41841952.0,438985056.0
2013-01-14,18.46,19.62,19.49,18.44,59575128.0,612251136.0
2013-01-11,18.89,18.95,18.55,18.48,27125736.0,272079840.0
2013-01-10,18.82,19.08,18.87,18.76,25982164.0,263361728.0
2013-01-09,19.02,19.09,18.82,18.72,34803652.0,352892960.0
2013-01-08,19.52,19.6,19.04,18.91,40073800.0,410805984.0
2013-01-07,19.23,19.73,19.47,19.15,29429328.0,307059392.0
2013-01-04,19.73,19.88,19.24,19.11,62240128.0,647400128.0
2012-12-31,18.95,19.34,19.28,18.95,53961372.0,556460736.0
2012-12-28,18.67,18.98,18.87,18.61,25635988.0,259007072.0
2012-12-27,18.72,18.96,18.63,18.44,34854348.0,349679520.0
2012-12-26,18.85,18.91,18.7,18.54,44266664.0,444292416.0
2012-12-25,18.07,19.15,18.89,17.92,82680712.0,829177600.0
2012-12-24,17.86,18.26,18.11,17.83,42952908.0,417705152.0
2012-12-21,18.13,18.18,17.88,17.79,34753092.0,335006144.0
2012-12-20,18.26,18.33,18.13,17.75,56697372.0,547607232.0
2012-12-19,18.31,18.46,18.31,18.29,33027086.0,325920800.0
2012-12-18,18.24,18.65,18.39,18.07,58998292.0,583554496.0
2012-12-17,18.46,18.5,18.31,18.11,56454020.0,555142400.0
2012-12-14,16.91,18.65,18.35,16.91,84120448.0,808934080.0
2012-12-13,17.19,17.31,16.99,16.97,26667300.0,245492288.0
2012-12-12,17.01,17.38,17.23,16.95,34418216.0,318159488.0
2012-12-11,17.01,17.19,17.06,16.84,35513424.0,324556736.0
2012-12-10,17.1,17.16,17.05,16.88,64111836.0,586296192.0
2012-12-07,16.19,17.01,16.97,16.09,80534336.0,721037120.0
2012-12-06,15.87,16.24,16.19,15.87,47255212.0,408087424.0
2012-12-05,15.14,16.08,15.96,15.11,77216904.0,654457280.0
2012-12-04,14.92,15.24,15.2,14.81,27491020.0,222002288.0
2012-12-03,15.65,15.65,15.05,14.96,74841536.0,608852992.0
2012-11-30,15.63,15.76,15.7,15.5,18555356.0,155954208.0
2012-11-29,15.74,15.82,15.69,15.57,16249245.0,136600736.0
2012-11-28,15.87,15.95,15.78,15.7,12693059.0,107818480.0
2012-11-27,15.91,16.06,15.93,15.89,22728132.0,194974928.0
2012-11-26,15.91,16.06,15.93,15.91,10326566.0,88561232.0
2012-11-23,15.72,16.08,16.02,15.69,32401936.0,277833248.0
2012-11-22,15.74,15.8,15.69,15.57,10290290.0,86636712.0
2012-11-21,15.54,15.83,15.8,15.5,13979785.0,117748168.0
2012-11-20,15.65,15.7,15.52,15.52,8940852.0,74828040.0
2012-11-19,15.48,15.61,15.57,15.46,7840712.0,65418424.0
2012-11-16,15.55,15.61,15.46,15.43,13682499.0,113780024.0
2012-11-15,15.74,15.8,15.55,15.55,9913598.0,83475800.0
2012-11-14,15.74,15.91,15.85,15.69,13310690.0,112901344.0
2012-11-13,16.11,16.11,15.74,15.7,18440384.0,156769088.0
2012-11-12,15.91,16.13,16.11,15.87,18568028.0,159760384.0
2012-11-09,15.82,15.95,15.84,15.78,9632439.0,82030496.0
2012-11-08,16.0,16.15,15.85,15.82,18854298.0,161623248.0
2012-11-07,16.19,16.26,16.17,16.02,12983073.0,112657888.0
2012-11-06,16.32,16.34,16.23,15.98,26134080.0,226222672.0
2012-11-05,16.24,16.5,16.34,16.11,44064028.0,386373312.0
2012-11-02,15.85,16.36,16.3,15.83,64874680.0,561200640.0
2012-11-01,15.59,15.96,15.87,15.55,29978152.0,254172080.0
2012-10-31,15.55,15.67,15.57,15.46,13685693.0,114320720.0
2012-10-30,15.48,15.65,15.52,15.37,13348950.0,111007168.0
2012-10-29,15.39,15.57,15.46,15.37,8675168.0,72084712.0
2012-10-26,15.72,15.76,15.43,15.35,21827664.0,182002784.0
2012-10-25,15.7,15.8,15.63,15.61,15026513.0,126627976.0
2012-10-24,15.69,15.82,15.7,15.61,12289080.0,103784912.0
2012-10-23,15.89,15.93,15.67,15.61,12931665.0,109545672.0
2012-10-22,15.65,15.93,15.89,15.63,18104852.0,153518176.0
2012-10-19,15.74,15.76,15.72,15.65,11545189.0,97320168.0
2012-10-18,15.63,15.8,15.76,15.59,20531028.0,173335872.0
2012-10-17,15.57,15.67,15.59,15.44,23009896.0,192366976.0
2012-10-16,15.18,15.7,15.55,15.18,43363924.0,361588608.0
2012-10-15,15.33,15.37,15.16,15.07,12286302.0,100248576.0
2012-10-12,15.28,15.48,15.33,15.24,24472752.0,201792640.0
2012-10-11,15.24,15.28,15.22,15.18,11956398.0,97748848.0
2012-10-10,15.24,15.31,15.28,15.16,12959508.0,106015656.0
2012-10-09,14.98,15.35,15.29,14.96,29195696.0,238578816.0
2012-10-08,14.94,15.07,14.96,14.85,16740223.0,134396080.0
2012-09-28,14.73,15.0,14.98,14.72,24704568.0,197049872.0
2012-09-27,14.51,15.03,14.85,14.49,32909396.0,261516960.0
2012-09-26,14.59,14.7,14.51,14.51,11479992.0,89871696.0
2012-09-25,14.68,14.75,14.64,14.59,8264355.0,65081716.0
2012-09-24,14.66,14.81,14.73,14.53,17152784.0,135038880.0
2012-09-21,14.85,14.92,14.79,14.7,24835430.0,197243984.0
2012-09-20,15.29,15.31,14.87,14.85,30990916.0,250222352.0
2012-09-19,15.37,15.43,15.33,15.26,16070055.0,132063312.0
2012-09-18,15.41,15.44,15.33,15.29,12985291.0,107094240.0
2012-09-17,15.74,15.76,15.44,15.43,19714048.0,164947088.0
2012-09-14,15.7,15.87,15.76,15.63,24915692.0,210946816.0
2012-09-13,15.69,15.76,15.63,15.61,12291407.0,103507520.0
2012-09-12,15.78,15.85,15.67,15.55,20663656.0,174234048.0
2012-09-11,15.78,15.8,15.63,15.57,23380590.0,196545296.0
2012-09-10,15.89,15.98,15.82,15.76,36388600.0,309249344.0
2012-09-07,15.52,16.21,15.96,15.43,55286124.0,469673088.0
2012-09-06,15.37,15.48,15.46,15.26,19266310.0,159094688.0
2012-09-05,15.65,15.7,15.31,15.26,36180516.0,299519968.0
2012-09-04,16.19,16.23,15.7,15.59,29247008.0,248815280.0
2012-09-03,16.28,16.34,16.19,16.17,17077328.0,148769520.0
2012-08-31,16.39,16.49,16.28,16.24,10305784.0,90553656.0
2012-08-30,16.17,16.52,16.45,16.11,15879334.0,139757152.0
2012-08-29,16.34,16.45,16.34,16.28,12361712.0,108495320.0
2012-08-28,16.06,16.58,16.45,16.0,22373216.0,195985776.0
2012-08-27,16.08,16.13,16.0,15.87,14031554.0,120465728.0
2012-08-24,16.26,16.26,16.13,16.09,9351671.0,81209216.0
2012-08-23,16.24,16.32,16.26,16.11,10860689.0,94626480.0
2012-08-22,16.23,16.26,16.21,16.09,11574433.0,100551632.0
2012-08-21,16.23,16.3,16.21,16.17,14473038.0,126109960.0
2012-08-20,16.39,16.43,16.23,16.08,10869082.0,94595288.0
2012-08-17,16.24,16.45,16.43,16.24,12940736.0,113619840.0
2012-08-16,16.39,16.47,16.24,16.19,12851108.0,112396912.0
2012-08-15,16.73,16.79,16.39,16.39,18666820.0,165237312.0
2012-08-14,16.71,16.84,16.79,16.64,12455008.0,111947216.0
2012-08-13,16.84,16.9,16.73,16.71,17183286.0,155108912.0
2012-08-10,17.06,17.14,16.84,16.82,35062280.0,319329280.0
2012-08-09,16.71,16.84,16.82,16.54,19455126.0,174212400.0
2012-08-08,16.43,16.71,16.69,16.43,21521086.0,191915888.0
2012-08-07,16.43,16.49,16.45,16.36,12836719.0,113157000.0
2012-08-06,16.47,16.54,16.5,16.32,18676696.0,164784112.0
2012-08-03,16.54,16.56,16.5,16.39,17683920.0,156199984.0
2012-08-02,16.43,16.62,16.52,16.32,27068040.0,239341840.0
2012-08-01,16.39,16.49,16.47,16.28,33471928.0,294368640.0
2012-07-31,15.89,16.49,16.39,15.89,57124784.0,497777888.0
2012-07-30,15.82,16.13,15.87,15.78,24317380.0,207945696.0
2012-07-27,15.67,15.95,15.76,15.61,21539788.0,182724176.0
2012-07-26,15.61,15.74,15.59,15.55,14958882.0,125525096.0
2012-07-25,15.55,15.76,15.63,15.54,15154807.0,127069776.0
2012-07-24,15.59,15.72,15.59,15.52,20558884.0,172201840.0
2012-07-23,16.04,16.06,15.69,15.57,26496428.0,224186848.0
2012-07-20,16.3,16.32,16.17,16.09,13350751.0,116068368.0
2012-07-19,16.19,16.49,16.34,16.15,24241436.0,212826288.0
2012-07-18,16.13,16.28,16.24,15.93,21613020.0,186671600.0
2012-07-17,15.98,16.26,16.15,15.96,14251568.0,123460424.0
2012-07-16,16.5,16.5,16.02,15.95,26722852.0,231482832.0
2012-07-13,16.39,16.64,16.47,16.3,15145613.0,134024400.0
2012-07-12,16.54,16.54,16.39,16.19,35390540.0,310928928.0
2012-07-11,16.54,16.62,16.5,16.45,14343739.0,127470616.0
2012-07-10,16.5,16.67,16.56,16.43,13189614.0,117343480.0
2012-07-09,17.1,17.16,16.5,16.49,32715866.0,294864704.0
2012-07-06,17.25,17.31,17.18,16.9,38313288.0,351524256.0
2012-07-05,17.64,17.7,17.53,17.42,15767157.0,148485968.0
2012-07-04,17.6,17.85,17.73,17.49,27250904.0,258976560.0
2012-07-03,17.53,17.68,17.6,17.42,16578925.0,156357904.0
2012-07-02,17.68,17.7,17.53,17.44,21607288.0,202938704.0
2012-06-29,17.21,17.72,17.64,17.18,30479212.0,286501536.0
2012-06-28,17.51,17.6,17.21,17.08,19615940.0,183160240.0
2012-06-27,17.49,17.6,17.47,17.4,15869322.0,149065840.0
2012-06-26,17.31,17.59,17.51,17.27,27810660.0,260928592.0
2012-06-25,17.44,17.57,17.29,17.25,16491032.0,154275872.0
2012-06-21,17.7,17.7,17.44,17.4,16810868.0,158095856.0
2012-06-20,17.62,17.9,17.7,17.6,36736028.0,350472704.0
2012-06-19,17.57,17.83,17.6,17.45,23290654.0,220130128.0
2012-06-18,17.66,17.68,17.57,17.51,27982976.0,263961920.0
2012-06-15,17.16,17.83,17.7,17.14,69985472.0,656322368.0
2012-06-14,17.27,17.32,17.08,17.05,30866996.0,284954944.0
2012-06-13,17.25,17.49,17.36,17.12,42790208.0,397678720.0
2012-06-12,17.42,17.42,17.21,17.05,42616888.0,393785472.0
2012-06-11,17.47,17.55,17.45,17.36,26057304.0,244030336.0
2012-06-08,17.88,17.88,17.47,17.4,42495316.0,400125248.0
2012-06-07,18.26,18.29,17.92,17.86,28378150.0,274774336.0
2012-06-06,17.86,18.14,18.07,17.81,38394196.0,370662144.0
2012-06-05,17.83,17.9,17.83,17.72,34956928.0,334438944.0
2012-06-04,18.07,18.09,17.77,17.75,32115668.0,309492864.0
2012-06-01,18.37,18.46,18.27,18.22,36725916.0,361095136.0
2012-05-31,18.54,18.54,18.37,18.31,29058824.0,286502720.0
2012-05-30,18.72,18.76,18.57,18.5,32500842.0,324325152.0
2012-05-29,18.52,18.83,18.78,18.44,42191728.0,422206016.0
2012-05-28,18.39,18.52,18.5,18.29,28642772.0,282946080.0
2012-05-25,18.42,18.46,18.35,18.27,15578064.0,153550096.0
2012-05-24,18.35,18.52,18.37,18.26,24355180.0,240647952.0
2012-05-23,18.48,18.52,18.35,18.29,26238890.0,259163040.0
2012-05-22,18.31,18.55,18.52,18.27,30180432.0,298731744.0
2012-05-21,18.59,18.68,18.24,18.14,40200240.0,397038368.0
2012-05-18,19.0,19.0,18.55,18.52,26766332.0,268940608.0
2012-05-17,18.88,19.06,19.05,18.84,26338532.0,274938528.0
2012-05-16,19.17,19.19,18.83,18.81,29389292.0,306908864.0
2012-05-15,19.14,19.23,19.21,19.03,25455336.0,268092448.0
2012-05-14,19.66,19.66,19.21,19.17,44422928.0,474636384.0
2012-05-11,19.48,19.59,19.48,19.39,15489528.0,166122976.0
2012-05-10,19.52,19.55,19.45,19.35,18656720.0,199816448.0
2012-05-09,19.7,19.75,19.45,19.39,30057646.0,323508224.0
2012-05-08,19.84,19.92,19.77,19.7,33970568.0,369737280.0
2012-05-07,19.72,19.92,19.88,19.72,32946532.0,359097472.0
2012-05-04,19.75,19.86,19.84,19.68,38376452.0,417739456.0
2012-05-03,20.03,20.15,19.7,19.66,65358456.0,712717184.0
2012-05-02,20.43,20.44,20.12,20.01,85772904.0,953203904.0
2012-04-27,20.46,20.59,20.37,20.35,23440050.0,264229456.0
2012-04-26,20.52,20.57,20.46,20.35,20677544.0,232417456.0
2012-04-25,20.44,20.61,20.43,20.28,36503564.0,410466464.0
2012-04-24,20.17,21.04,20.59,20.14,69450400.0,784362816.0
2012-04-23,20.21,20.37,20.14,20.05,22836168.0,253910912.0
2012-04-20,19.92,20.34,20.3,19.81,38479656.0,427445152.0
2012-04-19,19.92,20.04,19.93,19.81,22171620.0,243048288.0
2012-04-18,19.79,20.14,19.99,19.54,32717456.0,357314240.0
2012-04-16,19.97,20.06,19.88,19.77,11960639.0,130825912.0
2012-04-13,20.14,20.19,20.08,19.97,16587300.0,183199872.0
2012-04-12,19.81,20.28,20.15,19.66,29224268.0,322109120.0
2012-04-11,19.74,20.1,19.88,19.64,23053960.0,252101312.0
2012-04-10,19.25,19.9,19.86,19.23,28316292.0,304371360.0
2012-04-09,19.64,19.64,19.25,19.21,16098658.0,172070832.0
2012-04-06,19.52,19.77,19.75,19.39,20175386.0,217624400.0
2012-04-05,19.34,19.74,19.57,19.15,31132172.0,332669824.0
2012-03-30,19.39,19.5,19.5,19.26,14440840.0,154046896.0
2012-03-29,19.45,19.72,19.21,19.1,31734808.0,339421312.0
2012-03-28,19.93,20.14,19.48,19.41,44998096.0,491639232.0
2012-03-27,19.92,20.1,19.97,19.83,26882760.0,295371648.0
2012-03-26,19.63,19.93,19.9,19.63,16129407.0,175787152.0
2012-03-23,19.72,19.88,19.63,19.54,20181342.0,218750512.0
2012-03-22,19.72,20.08,19.88,19.43,37206320.0,405295264.0
2012-03-21,19.83,19.86,19.72,19.59,14989073.0,162749920.0
2012-03-20,19.9,19.99,19.7,19.64,17911086.0,195377344.0
2012-03-19,19.97,20.03,19.95,19.79,21599872.0,236556320.0
2012-03-16,20.04,20.12,20.03,19.77,21434736.0,235268288.0
2012-03-15,20.06,20.23,19.9,19.88,26163136.0,288925280.0
2012-03-14,20.57,20.64,20.08,19.97,45467216.0,509545696.0
2012-03-13,20.15,20.54,20.46,20.12,40496296.0,454858048.0
2012-03-12,20.35,20.37,20.15,20.01,35665468.0,395084512.0
2012-03-09,20.3,20.44,20.39,20.15,31966704.0,357222144.0
2012-03-08,20.21,20.44,20.24,20.14,36350100.0,405026112.0
2012-03-07,20.26,20.37,20.12,20.08,32854146.0,366220064.0
2012-03-06,20.9,20.99,20.41,20.35,33103408.0,374433312.0
2012-03-05,21.34,21.35,20.95,20.92,35321856.0,409736384.0
2012-03-02,20.95,21.24,21.23,20.93,30462974.0,354220256.0
2012-03-01,20.93,21.12,20.95,20.86,19210468.0,221937200.0
2012-02-29,21.28,21.28,21.03,21.01,27048028.0,314519360.0
2012-02-28,21.14,21.48,21.3,21.12,59402160.0,696563840.0
2012-02-27,21.28,21.44,21.14,21.1,68123872.0,796574208.0
2012-02-24,20.84,21.34,21.28,20.72,69530272.0,804111488.0
2012-02-23,20.88,20.97,20.84,20.75,40856232.0,469165312.0
2012-02-22,20.75,20.93,20.92,20.61,51117584.0,583661952.0
2012-02-21,20.73,20.77,20.73,20.55,31530628.0,358557056.0
2012-02-20,21.03,21.03,20.7,20.57,48636848.0,556099520.0
2012-02-17,20.86,20.92,20.64,20.54,31759160.0,361491360.0
2012-02-16,20.83,20.88,20.73,20.61,26058392.0,297196800.0
2012-02-15,20.79,21.01,20.83,20.64,35155804.0,402258176.0
2012-02-14,20.88,20.88,20.83,20.52,28462332.0,323699360.0
2012-02-13,20.81,21.23,20.9,20.72,39393032.0,452591616.0
2012-02-10,21.26,21.52,21.21,21.08,30577376.0,357875648.0
2012-02-09,21.39,21.46,21.39,21.17,30837484.0,361574464.0
2012-02-08,21.04,21.57,21.46,20.95,33865792.0,396307136.0
2012-02-07,21.34,21.35,21.01,20.88,21793480.0,252330528.0
2012-02-06,21.88,21.9,21.44,21.24,31523296.0,372926912.0
2012-02-03,21.63,22.02,21.82,21.57,37145864.0,445058368.0
2012-02-02,21.15,21.81,21.72,21.08,24185664.0,285388896.0
2012-02-01,21.44,21.66,21.1,21.01,22569956.0,264108320.0
2012-01-31,21.81,21.92,21.64,21.43,9723875.0,115678368.0
2012-01-30,21.99,22.02,21.7,21.63,22604376.0,271512608.0
2012-01-20,21.55,22.06,22.02,21.34,45304352.0,541252352.0
2012-01-19,21.19,21.64,21.39,21.03,21836440.0,256529040.0
2012-01-18,21.44,21.5,21.24,21.06,16074203.0,188245936.0
2012-01-17,20.99,21.54,21.54,20.63,25793048.0,301439712.0
2012-01-16,20.9,21.28,20.88,20.72,17057328.0,198167376.0
2012-01-13,21.39,21.52,21.03,21.01,19017874.0,222176160.0
2012-01-12,21.1,21.59,21.35,21.08,25422252.0,299982304.0
2012-01-11,21.46,21.46,21.17,21.14,13406018.0,156954752.0
2012-01-10,21.26,21.5,21.43,21.03,23773680.0,278288160.0
2012-01-09,20.68,21.28,21.24,20.55,41732584.0,483532928.0
2012-01-06,20.52,20.86,20.68,20.43,19617136.0,222349840.0
2012-01-05,20.35,20.97,20.61,20.24,26723052.0,304018336.0
2012-01-04,20.44,20.77,20.21,20.19,18122684.0,204549216.0
2011-12-30,19.9,20.5,20.41,19.9,22447162.0,249300336.0
2011-12-29,20.06,20.14,19.86,19.75,13538832.0,148327424.0
2011-12-28,20.08,20.34,20.19,19.72,13201859.0,145339072.0
2011-12-27,20.41,20.44,20.17,20.06,8480646.0,94490784.0
2011-12-26,20.21,20.44,20.32,20.17,12466082.0,139263984.0
2011-12-23,20.5,20.81,20.39,20.19,15825140.0,178436432.0
2011-12-22,20.19,20.86,20.54,20.19,18230758.0,206192144.0
2011-12-21,20.81,20.97,20.52,20.26,17709180.0,201234016.0
2011-12-20,20.26,21.24,20.63,20.23,27269892.0,312465120.0
2011-12-19,20.28,20.54,20.39,19.88,21128488.0,235305056.0
2011-12-16,19.66,20.57,20.46,19.41,52307380.0,577467648.0
2011-12-15,19.61,19.75,19.52,19.43,16082891.0,173518752.0
2011-12-14,19.52,19.81,19.66,19.5,14804258.0,160159952.0
2011-12-13,19.72,20.01,19.55,19.54,19247300.0,209422208.0
2011-12-12,19.79,20.12,19.77,19.54,15260670.0,166632704.0
2011-12-09,20.01,20.15,19.86,19.77,12477166.0,136673552.0
2011-12-08,20.19,20.37,20.21,20.12,20309000.0,226389776.0
2011-12-07,19.86,20.41,20.24,19.75,25030244.0,277534144.0
2011-12-06,19.83,20.19,19.86,19.77,20537650.0,226310976.0
2011-12-05,19.83,20.17,19.95,19.63,23629404.0,260115824.0
2011-12-02,19.48,19.93,19.79,19.45,20714566.0,224818080.0
2011-12-01,19.54,20.17,19.57,19.43,54698368.0,594474688.0
2011-11-30,19.23,19.25,18.88,18.59,20172256.0,209961888.0
2011-11-29,19.32,19.39,19.34,18.99,15922371.0,168233808.0
2011-11-28,19.26,19.41,19.1,19.08,11590704.0,122781872.0
2011-11-25,19.08,19.28,19.26,18.9,11160087.0,117419704.0
2011-11-24,18.9,19.3,19.17,18.84,16010105.0,168347776.0
2011-11-23,19.32,19.34,18.99,18.77,17681974.0,184901600.0
2011-11-22,18.97,19.41,19.34,18.9,19093438.0,201587568.0
2011-11-21,19.1,19.17,19.05,18.74,11717839.0,122121112.0
2011-11-18,19.03,19.37,19.06,18.99,14402609.0,151698592.0
2011-11-17,19.32,19.37,19.15,19.12,15082224.0,159763648.0
2011-11-16,19.79,19.81,19.32,19.05,30986792.0,330354624.0
2011-11-15,20.03,20.05,19.81,19.68,18865072.0,205654528.0
2011-11-14,19.88,20.1,20.05,19.75,27700656.0,304245312.0
2011-11-11,19.97,20.21,19.75,19.61,27161876.0,296874592.0
2011-11-10,20.12,20.28,19.94,19.92,29736264.0,329260416.0
2011-11-09,20.28,20.41,20.26,20.03,14900219.0,165938752.0
2011-11-08,20.14,20.28,20.19,20.01,16166697.0,179425696.0
2011-11-07,20.32,20.44,20.03,19.99,26949744.0,298999072.0
2011-11-04,20.66,20.72,20.54,20.28,26024544.0,292937696.0
2011-11-03,21.01,21.06,20.48,20.39,45164656.0,513979744.0
2011-11-02,20.14,21.08,20.97,20.06,26670768.0,302344768.0
2011-11-01,20.05,20.63,20.43,19.99,31681892.0,354900480.0
2011-10-31,20.66,20.73,20.17,20.1,36898352.0,411929312.0
2011-10-28,21.03,21.26,20.83,20.54,31007598.0,357555680.0
2011-10-27,20.54,20.86,20.81,20.14,25589814.0,288466400.0
2011-10-26,20.41,20.9,20.54,20.34,34489220.0,391170752.0
2011-10-25,20.57,20.81,20.5,20.28,38449504.0,434120288.0
2011-10-24,20.28,20.9,20.54,20.08,42513028.0,479895744.0
2011-10-21,19.63,20.37,20.15,19.59,35451736.0,393309568.0
2011-10-20,19.74,19.9,19.75,19.37,21784450.0,235664864.0
2011-10-19,19.55,20.01,19.86,19.37,38058040.0,413496160.0
2011-10-18,19.9,20.05,19.52,19.41,30273122.0,329187328.0
2011-10-17,19.72,20.21,20.1,19.63,43135504.0,475318368.0
2011-10-14,19.54,19.84,19.72,19.35,33165560.0,358813184.0
2011-10-13,19.45,19.63,19.59,19.23,29772816.0,318628992.0
2011-10-12,18.35,19.75,19.57,18.25,54964100.0,584015296.0
2011-10-11,18.94,19.03,18.52,18.17,36942992.0,378831168.0
2011-10-10,18.32,18.37,18.21,18.01,15375282.0,153393648.0
2011-09-30,18.14,18.63,18.37,18.01,35316404.0,357593792.0
2011-09-29,17.74,18.21,18.01,17.72,19517644.0,193168256.0
2011-09-28,18.16,18.25,17.83,17.72,13127279.0,130178240.0
2011-09-27,18.14,18.25,18.05,17.9,15648570.0,155703680.0
2011-09-26,18.17,18.39,17.92,17.86,18910946.0,188163008.0
2011-09-23,18.16,18.55,18.32,17.95,17392836.0,174487328.0
2011-09-22,18.97,18.97,18.41,18.35,26209748.0,268663392.0
2011-09-21,18.66,19.34,19.14,18.46,25535404.0,267149440.0
2011-09-20,18.52,18.81,18.63,18.46,11656916.0,119441816.0
2011-09-19,18.97,18.97,18.5,18.48,19351116.0,198290816.0
2011-09-16,19.17,19.46,19.1,18.99,18896642.0,199846064.0
2011-09-15,19.26,19.39,19.03,18.97,15040316.0,158982080.0
2011-09-14,19.23,19.37,19.3,18.83,16071652.0,169638368.0
2011-09-13,18.75,19.32,19.3,18.66,19089400.0,199695904.0
2011-09-09,19.32,19.66,19.14,18.95,26331556.0,280095840.0
2011-09-08,19.54,19.55,19.32,19.23,18030160.0,192176640.0
2011-09-07,18.99,19.54,19.43,18.86,26712548.0,283407360.0
2011-09-06,18.59,18.99,18.88,18.59,20751654.0,215308048.0
2011-09-05,18.64,18.95,18.74,18.48,20026690.0,205784160.0
2011-09-02,19.23,19.26,18.83,18.77,24016128.0,250923616.0
2011-09-01,19.23,19.48,19.23,19.1,35810328.0,379859680.0
2011-08-31,19.26,19.39,19.15,19.01,53901460.0,569580160.0
2011-08-30,19.63,19.97,19.35,19.26,61419608.0,664645312.0
2011-08-29,19.9,19.9,19.5,19.37,55987632.0,603976320.0
2011-08-26,20.43,20.59,20.43,20.05,45029516.0,502636992.0
2011-08-25,19.3,20.7,20.57,19.28,65577644.0,729156608.0
2011-08-24,19.43,19.59,19.19,19.17,16107181.0,172284304.0
2011-08-23,18.9,19.5,19.46,18.74,27610720.0,293070208.0
2011-08-22,18.99,19.26,18.83,18.68,15113697.0,157592944.0
2011-08-19,18.66,19.08,19.06,18.59,22935062.0,237048592.0
2011-08-18,19.21,19.32,18.88,18.64,23538624.0,244768672.0
2011-08-17,19.45,19.7,19.19,19.17,26213916.0,279947264.0
2011-08-16,19.21,19.68,19.45,19.14,48820544.0,521693408.0
2011-08-15,18.21,19.39,19.35,18.21,54364184.0,564427904.0
2011-08-12,18.08,18.5,18.17,18.06,52978564.0,531859616.0
2011-08-11,17.25,17.92,17.86,17.25,25792694.0,250608608.0
2011-08-10,18.01,18.17,17.5,17.41,35880000.0,350759200.0
2011-08-09,16.99,17.92,17.72,16.99,34000988.0,327912704.0
2011-08-08,17.92,18.23,17.36,17.23,23911544.0,232565872.0
2011-08-05,18.14,18.34,18.08,17.99,20896908.0,209205344.0
2011-08-04,18.64,18.75,18.57,18.46,9029590.0,92469456.0
2011-08-03,18.36,18.7,18.57,18.36,13951468.0,142110720.0
2011-08-02,18.45,18.54,18.52,18.21,13861290.0,140049952.0
2011-08-01,18.63,18.79,18.59,18.43,20717564.0,212126960.0
2011-07-29,18.43,19.15,18.72,18.3,34111816.0,351588224.0
2011-07-28,18.36,18.43,18.32,18.23,15925538.0,160648224.0
2011-07-27,18.55,18.66,18.59,18.32,33310696.0,338577536.0
2011-07-26,18.88,19.03,18.72,18.52,32668604.0,336931616.0
2011-07-25,19.61,19.63,18.88,18.57,53468720.0,557650688.0
2011-07-22,19.81,19.84,19.68,19.64,6762873.0,73400512.0
2011-07-21,20.01,20.12,19.75,19.66,16422166.0,178627952.0
2011-07-20,20.12,20.15,20.03,19.83,14363718.0,158034800.0
2011-07-19,20.05,20.06,20.03,19.81,12024478.0,131871640.0
2011-07-18,20.26,20.32,20.12,20.06,16554775.0,183486192.0
2011-07-15,19.99,20.35,20.26,19.83,17715240.0,196673168.0
2011-07-14,19.99,20.14,20.12,19.9,18871288.0,207889680.0
2011-07-13,19.52,20.17,20.1,19.43,36257072.0,396720000.0
2011-07-12,19.9,19.99,19.41,19.3,37273656.0,401498848.0
2011-07-11,20.1,20.34,20.03,19.97,36858816.0,408007328.0
2011-07-08,19.94,20.44,20.23,19.94,26564864.0,295663136.0
2011-07-07,20.17,20.44,19.97,19.92,39452496.0,438028416.0
2011-07-06,20.21,20.21,19.94,19.77,23527610.0,257641056.0
2011-07-05,20.34,20.43,20.23,20.14,14537089.0,161884112.0
2011-07-04,19.84,20.35,20.34,19.77,31009366.0,343574688.0
2011-07-01,19.81,19.97,19.68,19.55,25083908.0,272359808.0
2011-06-30,19.61,20.12,19.75,19.55,26980012.0,294213056.0
2011-06-29,19.94,19.94,19.55,19.5,21474432.0,232280304.0
2011-06-28,20.26,20.26,19.94,19.68,25380008.0,277761120.0
2011-06-27,20.17,20.44,20.23,20.15,15298558.0,170841840.0
2011-06-24,19.72,20.5,20.3,19.72,30415264.0,337784448.0
2011-06-23,19.59,19.92,19.84,19.48,13783541.0,149568096.0
2011-06-22,19.81,19.86,19.7,19.48,9561396.0,103383320.0
2011-06-21,19.41,19.86,19.81,19.39,20056450.0,217306992.0
2011-06-20,19.32,19.45,19.34,19.23,16208326.0,172245920.0
2011-06-17,19.15,19.43,19.25,19.15,14886295.0,158366928.0
2011-06-16,19.48,19.59,19.15,19.08,23371908.0,248458160.0
2011-06-15,20.1,20.19,19.68,19.63,26954084.0,294392288.0
2011-06-14,20.08,20.52,20.19,19.97,30977186.0,345493216.0
2011-06-13,20.08,20.26,20.23,19.68,21399772.0,234882944.0
2011-06-10,20.19,20.43,20.26,19.99,12088443.0,134217408.0
2011-06-09,20.66,20.7,20.14,20.08,16597703.0,186062640.0
2011-06-08,21.08,21.15,20.75,20.44,23382728.0,265641088.0
2011-06-07,21.1,21.26,21.15,20.95,7744849.0,89943000.0
2011-06-03,20.99,21.26,21.23,20.9,16497614.0,191665648.0
2011-06-02,21.86,22.12,21.01,20.84,39992412.0,467183584.0
2011-06-01,22.37,22.44,22.17,21.99,13367436.0,162814560.0
2011-05-31,22.08,22.61,22.48,21.97,15972707.0,196236960.0
2011-05-30,21.72,22.24,22.15,21.55,13935410.0,168984928.0
2011-05-27,21.63,22.23,21.83,21.63,17806196.0,215399264.0
2011-05-26,21.48,22.08,21.7,21.39,21117864.0,252609184.0
2011-05-25,21.72,21.83,21.37,21.35,8208692.0,97319072.0
2011-05-24,21.73,22.21,21.83,21.72,16374977.0,197560672.0
2011-05-23,22.43,22.48,21.73,21.68,18509144.0,224700384.0
2011-05-20,22.15,22.72,22.52,22.1,23059036.0,285705024.0
2011-05-19,22.21,22.39,22.17,21.97,12655435.0,154473168.0
2011-05-18,21.63,22.39,22.21,21.48,21910602.0,266720960.0
2011-05-17,21.28,21.97,21.57,21.28,24536004.0,291996224.0
2011-05-16,22.06,22.15,21.28,21.15,20732236.0,247215488.0
2011-05-13,22.08,22.15,22.06,21.73,14690710.0,177418592.0
2011-05-12,22.02,22.46,21.95,21.88,19444826.0,237464880.0
2011-05-11,22.35,22.44,22.12,21.95,15462967.0,189364608.0
2011-05-10,22.1,22.44,22.39,21.93,13813343.0,169021840.0
2011-05-09,22.02,22.3,22.1,21.93,11470556.0,139320864.0
2011-05-06,21.99,22.35,21.95,21.9,14443649.0,175960720.0
2011-05-05,21.99,22.32,22.24,21.86,23441096.0,285376672.0
2011-05-04,22.48,22.88,22.17,21.84,27446054.0,337398496.0
2011-05-03,22.72,22.73,22.68,22.28,23120508.0,286205408.0
2011-04-29,23.62,23.73,22.75,22.59,42418496.0,535203488.0
2011-04-28,24.08,24.97,24.02,23.68,49709420.0,666969920.0
2011-04-27,24.37,24.37,24.02,23.77,30691214.0,407678112.0
2011-04-26,23.79,24.32,24.22,23.7,36609668.0,485496608.0
2011-04-25,23.44,23.95,23.77,23.13,24512544.0,317922688.0
2011-04-22,23.52,23.81,23.61,23.44,16800954.0,218195568.0
2011-04-21,23.79,23.91,23.62,23.44,14408387.0,187437392.0
2011-04-20,23.8,23.89,23.52,23.18,21402060.0,280939904.0
2011-04-19,23.98,24.07,23.68,23.55,30453538.0,404127808.0
2011-04-18,24.47,24.66,24.23,23.88,28134124.0,381148800.0
2011-04-14,24.61,24.93,24.47,24.38,29102772.0,400106496.0
2011-04-13,23.71,24.66,24.63,23.34,41949396.0,561215808.0
2011-04-12,23.96,24.14,23.8,23.48,31595608.0,420029792.0
2011-04-11,24.3,24.81,24.11,23.89,48001980.0,653287872.0
2011-04-08,24.23,24.43,24.41,23.91,32375250.0,437042976.0
2011-04-07,24.16,24.52,24.23,23.96,52070044.0,705310592.0
2011-04-06,23.27,24.23,24.16,23.27,77482088.0,1039164032.0
2011-04-01,22.43,23.43,23.16,22.43,50906152.0,656288768.0
2011-03-31,22.46,22.73,22.46,22.03,30936798.0,387589984.0
2011-03-30,22.71,23.09,22.53,22.37,41851676.0,531126400.0
2011-03-29,22.44,23.25,22.77,22.41,60500112.0,773952768.0
2011-03-28,22.46,23.11,22.44,22.21,82234048.0,1045735488.0
2011-03-25,21.76,22.53,22.35,21.71,45159552.0,561330496.0
2011-03-24,21.84,21.96,21.73,21.53,24558886.0,297870592.0
2011-03-23,21.62,22.1,21.89,21.53,42768708.0,522245216.0
2011-03-22,21.07,21.84,21.73,20.82,47302648.0,567454656.0
2011-03-21,21.03,21.16,20.96,20.76,22583750.0,264290832.0
2011-03-18,21.05,21.28,20.9,20.83,21944256.0,258517728.0
2011-03-17,20.8,21.07,20.82,20.67,21492684.0,250481744.0
2011-03-16,20.94,21.26,21.08,20.58,30857912.0,360664512.0
2011-03-15,21.42,21.44,20.9,20.55,41439976.0,482656608.0
2011-03-14,21.48,21.64,21.55,21.41,17689276.0,212484800.0
2011-03-11,21.58,21.76,21.35,21.33,28488752.0,343130624.0
2011-03-10,22.1,22.1,21.6,21.51,37612848.0,456443712.0
2011-03-09,22.53,22.86,22.12,22.0,41819872.0,523260224.0
2011-03-08,22.19,22.75,22.46,22.19,42988608.0,539791104.0
2011-03-07,22.52,22.75,22.35,22.1,62553024.0,783377408.0
2011-03-04,21.67,22.48,22.37,21.57,80658384.0,990022720.0
2011-03-03,21.07,22.25,21.66,20.92,110615104.0,1341305728.0
2011-03-02,20.62,21.3,20.99,20.53,59486976.0,696201088.0
2011-03-01,20.42,20.9,20.76,20.39,40184028.0,464393536.0
2011-02-28,20.31,20.53,20.42,20.1,21755536.0,247365584.0
2011-02-25,20.31,20.55,20.35,19.83,29102636.0,328870688.0
2011-02-24,20.26,20.39,20.33,20.12,27699088.0,313068864.0
2011-02-23,20.14,20.44,20.35,20.08,30394328.0,344428096.0
2011-02-22,20.87,20.87,20.15,20.1,40295476.0,459960352.0
2011-02-21,20.65,20.89,20.87,20.55,31862200.0,368365984.0
2011-02-18,20.98,21.01,20.89,20.67,25407822.0,295720864.0
2011-02-17,20.82,21.32,21.03,20.64,51324652.0,601427968.0
2011-02-16,20.58,20.94,20.65,20.48,32751048.0,377293824.0
2011-02-15,20.94,21.08,20.65,20.58,37892816.0,441690528.0
2011-02-14,20.26,21.07,20.94,20.22,53068716.0,614082816.0
2011-02-11,20.21,20.48,20.3,20.01,31635838.0,357132288.0
2011-02-10,19.87,20.26,20.24,19.87,22446910.0,252205440.0
2011-02-09,19.9,20.19,19.9,19.83,22722216.0,253675152.0
2011-02-01,19.97,20.06,20.03,19.88,14175763.0,158347040.0
2011-01-31,19.9,20.05,19.96,19.74,15811315.0,176167936.0
2011-01-28,20.21,20.21,19.9,19.69,34642888.0,385020032.0
2011-01-27,19.96,20.48,20.26,19.87,38034492.0,429561632.0
2011-01-26,19.85,20.3,20.19,19.83,28668584.0,321493216.0
2011-01-25,19.58,20.08,19.83,19.56,30177124.0,334820832.0
2011-01-24,19.6,19.8,19.56,19.42,20750978.0,227235024.0
2011-01-21,19.36,20.33,19.74,19.31,41452388.0,458461984.0
2011-01-20,20.14,20.14,19.38,19.15,38829776.0,424543840.0
2011-01-19,20.03,20.3,20.19,19.72,18106804.0,202856208.0
2011-01-18,19.83,20.12,19.99,19.8,13608262.0,151809088.0
2011-01-17,20.42,20.6,19.85,19.81,28988964.0,326787776.0
2011-01-14,20.76,20.94,20.67,20.4,29925086.0,345772256.0
2011-01-13,21.12,21.28,20.87,20.82,40040880.0,470678368.0
2011-01-12,20.58,21.05,21.01,20.39,56358024.0,652110400.0
2011-01-11,20.26,20.64,20.55,20.15,44628752.0,508588384.0
2011-01-10,20.31,20.71,20.21,20.1,41934776.0,477919072.0
2011-01-07,19.67,21.21,20.51,19.51,112478864.0,1289151360.0
2011-01-06,19.87,20.03,19.67,19.53,20446552.0,225401712.0
2011-01-05,19.87,20.1,19.83,19.76,27876580.0,310066368.0
2011-01-04,19.6,20.21,19.92,19.44,51603092.0,572304064.0
