date,open,high,close,low,volume,amount
2015-12-31,78.58,79.49,78.02,77.67,72164923.0,1308243670.0
2015-12-30,77.62,79.36,79.19,76.11,71266569.0,1275675597.0
2015-12-29,77.32,77.93,77.8,76.8,36577477.0,651978499.0
2015-12-28,79.58,79.75,77.36,77.19,48737935.0,876240574.0
2015-12-25,79.01,79.62,79.49,78.93,48926300.0,894866182.0
2015-12-24,78.84,79.4,78.67,78.1,37409208.0,678405120.0
2015-12-23,79.27,81.14,78.88,78.8,108842856.0,2005574272.0
2015-12-22,78.67,79.45,79.23,78.32,94006477.0,1712026828.0
2015-12-21,75.59,80.01,79.06,75.24,152603072.0,2749053952.0
2015-12-18,74.11,78.32,75.98,73.9,156986560.0,2766475776.0
2015-12-17,73.72,74.24,74.16,73.5,50191056.0,856073280.0
2015-12-16,74.07,74.11,73.55,73.16,30786340.0,521687776.0
2015-12-15,73.85,73.98,73.85,73.29,46157832.0,784493824.0
2015-12-14,72.64,74.11,73.98,71.55,94142192.0,1575700864.0
2015-12-11,74.72,74.85,73.38,72.25,114185616.0,1927210880.0
2015-12-10,75.41,76.54,74.85,74.63,44071740.0,767406848.0
2015-12-09,75.15,76.28,75.41,75.11,44067092.0,767061477.0
2015-12-08,75.02,76.41,75.54,74.5,45180100.0,786526016.0
2015-12-07,74.59,75.67,75.46,74.37,43689457.0,757778134.0
2015-12-04,76.32,76.72,74.81,74.29,51544536.0,895112320.0
2015-12-03,77.19,77.97,77.11,76.37,71516047.0,1272599587.0
2015-12-02,74.29,78.02,77.67,73.94,102164736.0,1800174848.0
2015-12-01,74.94,74.94,74.2,73.33,39788453.0,678415739.0
2015-11-30,74.03,75.11,74.59,73.64,55002024.0,940653568.0
2015-11-27,75.93,75.93,73.9,73.29,67955528.0,1168267264.0
2015-11-26,77.15,77.71,76.02,75.89,63766044.0,1127051648.0
2015-11-25,77.41,77.41,76.89,76.15,66101172.0,1169696256.0
2015-11-24,79.06,79.06,77.54,76.76,62211096.0,1111420160.0
2015-11-23,78.75,79.53,78.88,78.58,47651032.0,869174144.0
2015-11-20,78.71,79.32,78.71,78.54,36231272.0,659327808.0
2015-11-19,78.41,79.14,78.93,78.28,32778244.0,594877184.0
2015-11-18,79.06,80.01,78.75,78.06,47020960.0,854764928.0
2015-11-17,78.93,80.01,78.67,78.41,58690616.0,1073245504.0
2015-11-16,78.1,78.8,78.49,77.75,34169052.0,616059264.0
2015-11-13,78.62,79.53,78.67,78.45,35960744.0,653641216.0
2015-11-12,80.44,80.53,79.23,78.8,43502784.0,796449664.0
2015-11-11,80.83,80.83,79.97,79.4,50167496.0,925608704.0
2015-11-10,81.75,82.35,80.83,80.49,85968192.0,1608819584.0
2015-11-09,81.31,86.64,82.74,81.31,202697168.0,3926534144.0
2015-11-06,80.36,81.14,81.01,79.36,95910096.0,1778266496.0
2015-11-05,79.36,82.74,80.53,78.84,177602368.0,3329491968.0
2015-11-04,77.93,79.75,79.62,77.41,62343816.0,1133352832.0
2015-11-03,77.36,78.32,77.62,77.36,34258848.0,616527488.0
2015-11-02,77.11,78.23,77.32,77.11,27526694.0,492637312.0
2015-10-30,77.15,78.41,77.75,77.11,43475424.0,780550592.0
2015-10-29,77.41,77.75,77.23,77.19,27189186.0,485101152.0
2015-10-28,77.89,78.02,77.45,77.28,35544196.0,636052160.0
2015-10-27,78.41,78.62,78.23,77.54,37451196.0,673297472.0
2015-10-26,79.49,79.58,78.36,77.97,65191820.0,1182859648.0
2015-10-23,79.19,79.62,78.88,78.41,46374400.0,842709760.0
2015-10-22,79.88,80.14,79.32,79.01,43201464.0,791243648.0
2015-10-21,78.84,82.31,81.05,78.14,89199312.0,1636226560.0
2015-10-20,79.36,79.84,79.01,78.28,37834104.0,688780800.0
2015-10-19,80.49,80.49,79.14,78.88,55653064.0,1019756288.0
2015-10-16,79.79,81.48,80.57,79.49,67386056.0,1255251072.0
2015-10-15,77.75,80.27,79.53,77.19,79188952.0,1448179840.0
2015-10-14,77.45,78.49,77.41,77.23,28905264.0,519124192.0
2015-10-13,78.75,79.1,78.32,78.1,43079672.0,779474432.0
2015-10-12,77.89,79.27,78.88,77.15,60847888.0,1099989888.0
2015-10-09,77.84,78.93,77.89,77.32,30962816.0,557496960.0
2015-10-08,78.93,79.19,76.89,76.32,49182336.0,881085504.0
2015-09-30,75.89,77.67,77.06,75.41,54828280.0,972151296.0
2015-09-29,74.81,75.93,75.63,74.81,30162100.0,522340032.0
2015-09-28,76.15,76.63,75.93,75.76,21257676.0,373021856.0
2015-09-25,75.89,77.5,76.84,74.68,46496008.0,812576128.0
2015-09-24,77.54,77.58,75.98,75.5,40028864.0,703968000.0
2015-09-23,77.19,78.62,76.89,76.24,47881416.0,854955648.0
2015-09-22,76.54,78.49,77.89,75.98,61256088.0,1099849984.0
2015-09-21,76.32,76.97,76.19,75.5,51032928.0,896607936.0
2015-09-18,75.98,77.89,76.8,75.98,55779288.0,994981760.0
2015-09-17,76.76,78.58,76.15,75.98,72462096.0,1290899328.0
2015-09-16,77.62,78.97,77.54,75.8,92456984.0,1649211136.0
2015-09-15,77.8,79.14,78.1,76.54,159682112.0,2859988224.0
2015-09-14,74.16,79.84,79.58,72.64,238728464.0,4224243712.0
2015-09-11,74.16,75.07,74.24,73.59,58833748.0,1010033536.0
2015-09-10,71.99,75.24,74.98,71.55,141952544.0,2422977024.0
2015-09-09,72.81,72.81,72.64,71.68,88645504.0,1476979456.0
2015-09-08,70.08,73.59,72.2,69.6,99744304.0,1648957696.0
2015-09-07,71.77,71.99,70.08,69.52,89992304.0,1473089792.0
2015-09-02,71.34,74.07,72.72,70.69,173011248.0,2894747136.0
2015-09-01,73.2,75.37,73.03,72.47,177645568.0,3032538112.0
2015-08-31,74.46,74.76,73.94,72.07,142554704.0,2418625024.0
2015-08-28,75.85,77.41,75.02,73.94,197787584.0,3448948736.0
2015-08-27,71.03,76.76,76.45,68.56,250420464.0,4189866496.0
2015-08-26,63.75,70.17,69.78,63.44,249867584.0,3881032448.0
2015-08-25,62.92,66.52,63.79,60.76,198865776.0,2938765568.0
2015-08-24,69.82,70.86,64.96,64.57,219566784.0,3350255360.0
2015-08-21,72.47,73.5,71.73,70.34,102036288.0,1688909952.0
2015-08-20,73.38,73.59,72.9,72.47,73389712.0,1235705216.0
2015-08-19,73.9,74.46,74.29,72.33,120889448.0,2033145088.0
2015-08-18,75.2,75.76,72.86,72.33,118951192.0,2037802240.0
2015-08-17,76.24,76.54,75.15,74.59,85898648.0,1489369728.0
2015-08-14,77.67,77.84,76.93,76.67,61911328.0,1100300800.0
2015-08-13,78.75,78.75,77.41,76.54,70580928.0,1259620096.0
2015-08-12,77.62,78.93,77.62,77.41,69756264.0,1256297728.0
2015-08-11,80.18,80.23,78.93,78.1,119158096.0,2170867968.0
2015-08-10,78.58,80.92,80.75,77.84,146451824.0,2680856832.0
2015-08-07,78.49,80.1,79.32,78.32,97611656.0,1785386368.0
2015-08-06,77.28,80.44,78.58,77.19,104721648.0,1915869952.0
2015-08-05,78.32,79.01,77.67,77.41,63786792.0,1152536448.0
2015-08-04,77.89,78.93,78.71,77.28,88969864.0,1605609728.0
2015-08-03,74.59,79.01,78.45,73.94,237198560.0,4231772160.0
2015-07-31,74.16,75.37,75.02,73.46,120903560.0,2073334784.0
2015-07-30,74.37,75.15,73.64,73.64,110541304.0,1898233856.0
2015-07-29,73.9,74.89,74.42,73.29,151816224.0,2598864640.0
2015-07-28,71.86,75.24,73.9,71.29,293059392.0,4980539904.0
2015-07-27,76.97,77.54,72.42,72.29,207240544.0,3616867840.0
2015-07-24,78.06,78.88,77.62,77.28,168639888.0,3035791104.0
2015-07-23,77.02,78.23,77.8,76.15,154940896.0,2773616128.0
2015-07-22,77.67,78.06,77.41,76.89,147100272.0,2626580224.0
2015-07-21,79.23,80.23,78.41,78.1,141710096.0,2577185024.0
2015-07-20,79.19,80.18,79.97,78.28,191305536.0,3502137600.0
2015-07-17,79.58,79.92,79.62,78.1,184194960.0,3358838016.0
2015-07-16,80.14,80.18,78.71,77.19,227738304.0,4140280064.0
2015-07-15,77.11,80.27,80.14,76.8,370764544.0,6703076864.0
2015-07-14,78.15,78.84,77.5,75.93,355834784.0,6336410112.0
2015-07-13,80.27,81.88,79.4,78.23,389268448.0,7160449024.0
2015-07-10,80.53,87.82,82.35,79.36,707202240.0,13746919424.0
2015-07-09,75.89,86.52,82.39,73.07,588626880.0,10872359936.0
2015-07-08,82.39,90.2,79.84,78.88,943293184.0,18287187968.0
2015-07-07,80.66,88.9,87.64,78.06,873948864.0,16915629056.0
2015-07-06,82.39,82.39,81.61,78.88,814689728.0,15128545280.0
2015-07-03,77.97,79.53,76.37,73.29,407322720.0,7192690688.0
2015-07-02,78.58,80.13,77.91,74.99,524774688.0,9814648832.0
2015-07-01,76.58,77.95,76.08,75.45,293674272.0,5395012608.0
2015-06-30,73.53,79.38,78.21,73.53,491095680.0,8983116800.0
2015-06-29,73.94,76.41,72.82,67.39,472020608.0,8278080000.0
2015-06-26,75.87,78.04,72.69,70.44,393568224.0,7050535936.0
2015-06-25,81.42,81.84,77.04,76.49,327306816.0,6251707392.0
2015-06-24,77.91,79.71,79.08,76.03,273133792.0,5088378880.0
2015-06-23,75.45,79.38,78.83,74.03,287932256.0,5301457920.0
2015-06-19,79.38,79.75,75.2,74.78,250030784.0,4661571072.0
2015-06-18,80.21,80.84,78.5,78.25,211448976.0,4014580480.0
2015-06-17,81.97,82.59,81.17,80.55,252739376.0,4925319168.0
2015-06-16,81.46,82.72,80.59,79.38,244464736.0,4736893952.0
2015-06-15,85.56,86.6,81.46,80.75,321220960.0,6411293696.0
2015-06-12,85.98,86.77,84.85,83.97,245179408.0,5002958848.0
2015-06-11,85.93,86.89,85.06,83.85,227111584.0,4624733696.0
2015-06-10,85.68,88.44,85.52,85.06,252920832.0,5237249024.0
2015-06-09,88.36,90.66,87.02,86.1,366124480.0,7755194368.0
2015-06-08,83.72,88.57,88.27,81.92,515964160.0,10671410176.0
2015-06-05,87.69,88.61,83.51,81.51,377712448.0,7651487744.0
2015-06-04,81.21,86.27,85.39,79.04,495979040.0,9920531456.0
2015-06-03,79.38,81.88,81.25,77.5,358509088.0,6871298560.0
2015-06-02,78.62,79.96,79.17,77.41,254037664.0,4801441280.0
2015-06-01,74.86,79.33,78.67,73.61,280927296.0,5176270848.0
2015-05-29,75.07,76.03,75.49,72.9,261551008.0,4689434624.0
2015-05-28,79.63,79.92,74.86,74.57,292942368.0,5429786112.0
2015-05-27,80.25,81.55,79.67,78.62,241168304.0,4623215616.0
2015-05-26,80.38,81.0,80.21,79.04,282892928.0,5411636736.0
2015-05-25,79.38,80.88,80.3,79.38,328933088.0,6306117120.0
2015-05-22,76.58,78.16,78.12,76.08,311985408.0,5778315264.0
2015-05-21,76.2,77.25,75.87,74.82,197171536.0,3591569664.0
2015-05-20,73.65,77.7,75.36,73.57,354080256.0,6396818944.0
2015-05-19,70.39,73.9,73.65,70.14,249232784.0,4332748800.0
2015-05-18,71.06,71.77,70.39,70.35,159945728.0,2726765056.0
2015-05-15,72.78,73.78,71.69,70.6,214743216.0,3714982912.0
2015-05-14,73.32,74.36,73.07,72.69,184443824.0,3238528768.0
2015-05-13,74.66,75.11,73.28,72.82,226209360.0,4015189248.0
2015-05-12,74.45,74.95,74.24,73.36,223925200.0,3974051840.0
2015-05-11,73.15,74.99,74.82,72.44,277208096.0,4867456512.0
2015-05-08,74.28,75.62,73.94,72.69,218683280.0,3889491456.0
2015-05-07,73.15,74.95,73.9,72.73,221369712.0,3929052928.0
2015-05-06,73.53,75.2,73.28,72.27,261290544.0,4625262592.0
2015-05-05,75.41,75.62,72.9,71.9,268345408.0,4737518080.0
2015-05-04,76.16,76.66,75.87,75.28,213403792.0,3868502784.0
2015-04-30,77.29,78.54,76.12,75.99,266457344.0,4920839680.0
2015-04-29,77.7,78.79,77.2,76.91,373807968.0,6951257088.0
2015-04-28,76.95,80.34,76.7,75.62,509425728.0,9496380416.0
2015-04-27,74.36,77.7,77.04,74.36,407263584.0,7467653120.0
2015-04-24,74.7,75.61,73.94,72.73,291759968.0,5184168960.0
2015-04-23,77.29,78.0,75.91,75.49,273771776.0,5015812096.0
2015-04-22,77.16,77.29,76.91,75.45,340839648.0,6247865344.0
2015-04-21,75.03,75.95,75.91,74.45,263542432.0,4748971520.0
2015-04-20,78.12,78.12,74.4,73.53,530851104.0,9699567616.0
2015-04-17,79.21,81.25,76.53,76.37,543675520.0,10204445696.0
2015-04-16,74.66,78.71,78.58,74.19,404986592.0,7365508096.0
2015-04-15,72.82,76.41,74.66,72.52,437486048.0,7851853312.0
2015-04-14,75.07,75.07,73.03,72.57,658547712.0,11626313728.0
2015-04-13,71.98,71.98,71.98,71.98,55307304.0,952944896.0
2015-04-02,66.42,66.76,65.42,64.55,238955504.0,3744579584.0
2015-04-01,65.13,66.47,65.71,64.96,243966112.0,3830336768.0
2015-03-31,66.63,68.56,65.05,64.55,402562176.0,6407352320.0
2015-03-30,64.42,66.13,65.76,63.92,304476416.0,4760224256.0
2015-03-27,63.58,64.46,63.75,63.08,154287072.0,2350890752.0
2015-03-26,63.0,64.42,63.58,62.58,180799344.0,2750283776.0
2015-03-25,64.42,64.84,63.33,62.91,216753840.0,3310645760.0
2015-03-24,65.92,66.01,65.0,64.92,263719120.0,4123151616.0
2015-03-23,66.09,66.38,65.97,65.3,246274048.0,3881893376.0
2015-03-20,65.46,66.67,65.55,64.04,314995776.0,4929184256.0
2015-03-19,65.76,66.42,65.51,64.63,234590048.0,3665620480.0
2015-03-18,64.38,65.88,65.76,64.13,246058512.0,3827652096.0
2015-03-17,64.38,64.75,64.38,63.71,239492448.0,3679377664.0
2015-03-16,63.79,64.59,64.17,62.83,221860256.0,3387764736.0
2015-03-13,63.38,64.96,63.08,62.79,281304224.0,4299112448.0
2015-03-12,61.62,64.46,63.21,60.95,383002880.0,5746567168.0
2015-03-11,59.95,61.54,60.37,59.78,168184848.0,2440617984.0
2015-03-10,60.53,60.95,59.7,59.45,186295648.0,2677735424.0
2015-03-09,58.74,62.12,61.33,57.65,316125120.0,4551188992.0
2015-03-06,58.15,58.86,58.7,58.11,102177376.0,1432408192.0
2015-03-05,58.65,58.95,58.11,57.69,173548560.0,2421469952.0
2015-03-04,59.87,59.87,59.36,58.91,125920704.0,1787542400.0
2015-03-03,60.49,60.62,59.2,59.11,174417632.0,2494347008.0
2015-03-02,61.75,61.95,60.87,60.2,219237344.0,3192258816.0
2015-02-27,61.41,62.66,61.41,61.2,145616496.0,2157812736.0
2015-02-26,59.7,61.54,61.29,59.28,155956624.0,2262725632.0
2015-02-25,60.58,60.74,59.74,59.24,126747640.0,1821660416.0
2015-02-17,60.37,61.03,60.66,60.2,92371312.0,1343475200.0
2015-02-16,60.16,60.53,60.41,59.74,133387520.0,1920460672.0
2015-02-13,61.08,62.04,61.12,60.62,150471472.0,2211523584.0
2015-02-12,61.37,61.41,60.87,60.08,80748088.0,1173109248.0
2015-02-11,61.37,61.79,61.16,60.83,93584112.0,1372191488.0
2015-02-10,60.45,61.62,61.24,59.87,153525984.0,2238448128.0
2015-02-09,59.53,60.74,60.2,58.49,171924704.0,2454553600.0
2015-02-06,59.66,60.91,59.53,59.11,163835584.0,2356073472.0
2015-02-05,62.66,62.87,59.82,59.74,337061696.0,4973382144.0
2015-02-04,60.99,61.49,59.74,59.66,129621464.0,1886445056.0
2015-02-03,59.95,60.99,60.87,59.32,174884320.0,2516020224.0
2015-02-02,58.4,59.74,58.86,57.9,155786832.0,2200454400.0
2015-01-30,60.28,61.08,59.91,59.32,181808720.0,2625624576.0
2015-01-29,59.78,60.28,60.03,59.11,177530688.0,2541569536.0
2015-01-28,60.99,62.0,60.7,60.2,174144816.0,2541837312.0
2015-01-27,62.87,63.08,61.45,60.37,256941920.0,3785792768.0
2015-01-26,63.46,63.67,62.79,62.12,178096448.0,2671404544.0
2015-01-23,63.63,64.75,63.38,63.12,249422656.0,3814173184.0
2015-01-22,63.92,63.96,63.21,62.5,215666288.0,3267085568.0
2015-01-21,61.83,64.63,63.92,60.95,347044064.0,5208894976.0
2015-01-20,61.62,62.58,61.16,59.91,304480896.0,4468888064.0
2015-01-19,61.08,64.34,61.12,61.08,499040608.0,7432124928.0
2015-01-16,67.97,68.93,67.84,67.14,312550720.0,5096707072.0
2015-01-15,65.63,67.64,67.59,65.17,264684160.0,4216830720.0
2015-01-14,65.05,66.42,65.63,64.75,227140864.0,3573843456.0
2015-01-13,64.84,65.92,64.46,64.13,170251616.0,2646920704.0
2015-01-12,65.59,66.42,65.17,63.5,287002784.0,4465050112.0
2015-01-09,65.0,69.18,65.63,64.17,461363488.0,7356771840.0
2015-01-08,67.89,68.26,65.05,64.88,292921120.0,4621825024.0
2015-01-07,67.68,69.18,67.51,66.59,296169600.0,4806397440.0
2015-01-06,68.51,71.86,68.6,68.05,426877248.0,7100974592.0
2015-01-05,69.18,71.31,69.68,67.89,500187136.0,8302084608.0
2014-12-31,65.34,69.43,69.31,64.59,667128960.0,10694251520.0
2014-12-30,64.29,66.17,65.51,63.96,391195840.0,6098380288.0
2014-12-29,66.38,67.8,63.88,62.71,529036768.0,8302399488.0
2014-12-26,62.16,64.25,64.08,61.45,422937952.0,6383178752.0
2014-12-25,60.62,62.54,61.66,59.91,368029472.0,5389584896.0
2014-12-24,62.66,62.71,59.74,58.49,399070464.0,5760088576.0
2014-12-23,63.08,65.42,62.79,61.12,434808480.0,6650627072.0
2014-12-22,62.66,66.84,64.21,62.37,566435584.0,8786102272.0
2014-12-19,61.62,63.33,62.33,60.41,349429344.0,5197509632.0
2014-12-18,63.17,63.5,61.54,60.99,416116608.0,6197378560.0
2014-12-17,59.53,64.63,63.08,58.4,843193408.0,12458079232.0
2014-12-16,56.77,59.36,59.32,56.31,382798048.0,5336939520.0
2014-12-15,57.28,57.28,56.9,55.6,235485568.0,3178107392.0
2014-12-12,58.65,60.33,58.11,56.9,376947328.0,5295825408.0
2014-12-11,59.7,62.5,59.49,58.15,595906304.0,8598092800.0
2014-12-10,54.98,59.32,58.99,52.43,547208960.0,7346901504.0
2014-12-09,57.23,60.99,54.48,53.06,759492416.0,10657924096.0
2014-12-08,57.65,59.53,58.32,56.06,720427968.0,10009732096.0
2014-12-05,58.07,60.58,58.28,55.56,639778560.0,8897229824.0
2014-12-04,53.68,57.99,56.98,53.06,487620288.0,6530002432.0
2014-12-03,53.31,54.85,52.85,51.76,423086048.0,5419273728.0
2014-12-02,50.01,54.31,53.06,49.84,386134816.0,4800513024.0
2014-12-01,50.8,52.43,50.59,49.76,365772864.0,4468664320.0
2014-11-28,47.58,51.38,50.76,47.0,505203456.0,5995502080.0
2014-11-27,47.62,48.29,47.62,46.96,256569648.0,2924452608.0
2014-11-26,46.45,47.46,47.33,46.33,278657824.0,3133243136.0
2014-11-25,45.33,46.83,46.41,45.16,221952208.0,2438717440.0
2014-11-24,44.58,45.74,45.37,44.41,197935184.0,2134532992.0
2014-11-21,44.37,45.33,45.12,44.12,122719768.0,1314595712.0
2014-11-20,44.28,44.66,44.24,44.07,87099944.0,924188544.0
2014-11-19,44.33,44.62,44.45,44.28,61748524.0,656843456.0
2014-11-18,45.16,45.29,44.41,44.16,111028744.0,1185806976.0
2014-11-17,46.04,46.29,45.12,45.12,98593224.0,1075277824.0
2014-11-14,45.66,45.87,45.62,45.03,88559224.0,962463808.0
2014-11-13,46.04,46.62,45.83,45.58,154652992.0,1704236416.0
2014-11-12,45.58,45.95,45.91,45.16,138587200.0,1510470528.0
2014-11-11,45.08,46.96,46.04,44.99,373721120.0,4110827520.0
2014-11-10,44.87,45.12,44.95,44.28,139327824.0,1489651200.0
2014-11-07,44.07,45.08,44.16,43.91,142603808.0,1515546368.0
2014-11-06,44.24,44.24,44.07,43.91,50113268.0,528946976.0
2014-11-05,44.2,44.37,43.91,43.87,58082464.0,612081152.0
2014-11-04,44.58,44.58,44.28,44.16,81087056.0,859952832.0
2014-11-03,45.33,45.41,44.66,44.53,107585376.0,1153897984.0
2014-10-31,43.91,45.62,45.12,43.87,230966256.0,2473009920.0
2014-10-30,43.41,43.95,43.74,43.28,98486736.0,1027105408.0
2014-10-29,42.99,43.66,43.36,42.9,94817768.0,981755264.0
2014-10-28,42.57,42.99,42.95,42.45,84195336.0,860058048.0
2014-10-27,42.78,42.82,42.07,41.95,89750544.0,918395776.0
2014-10-24,43.07,43.27,42.9,42.86,65830724.0,684756992.0
2014-10-23,42.9,43.23,43.02,42.86,73475824.0,764449856.0
2014-10-22,42.94,43.19,42.9,42.86,69087720.0,717813696.0
2014-10-21,43.02,43.15,42.94,42.9,51776720.0,537789440.0
2014-10-20,43.15,43.19,43.02,42.86,45123720.0,468389568.0
2014-10-17,43.02,43.27,42.94,42.73,57961760.0,601332608.0
2014-10-16,42.94,43.56,43.02,42.82,86060720.0,898740480.0
2014-10-15,42.82,43.15,43.15,42.69,52451448.0,543927104.0
2014-10-14,43.02,43.23,42.9,42.82,54272144.0,563688128.0
2014-10-13,43.11,43.36,43.15,42.86,65139328.0,676177856.0
2014-10-10,43.11,43.56,43.36,43.02,73045312.0,761639360.0
2014-10-09,43.27,43.65,43.27,43.07,81206640.0,849495680.0
2014-10-08,43.11,43.31,43.27,42.86,80876672.0,841797696.0
2014-09-30,43.11,43.23,43.02,42.9,53937512.0,560313600.0
2014-09-29,43.27,43.4,43.07,42.9,74808872.0,778930624.0
2014-09-26,43.36,43.52,43.27,43.07,42616236.0,444799616.0
2014-09-25,44.1,44.14,43.48,43.31,73618408.0,777900992.0
2014-09-24,42.82,43.89,43.77,42.78,85953088.0,901598400.0
2014-09-23,42.86,43.19,43.02,42.69,51796848.0,537216320.0
2014-09-22,43.73,43.77,42.9,42.73,78671056.0,820337536.0
2014-09-19,43.73,44.06,43.98,43.6,59631608.0,631467584.0
2014-09-18,43.6,44.14,43.77,43.44,77294560.0,816814720.0
2014-09-17,44.1,44.14,43.81,43.56,61592008.0,651655936.0
2014-09-16,44.02,44.52,43.81,43.73,83101208.0,884221952.0
2014-09-15,43.94,44.14,43.98,43.73,58219152.0,617237568.0
2014-09-12,43.94,44.31,44.27,43.81,37288832.0,396399552.0
2014-09-11,44.31,44.76,44.02,43.98,77092888.0,824640192.0
2014-09-10,44.31,44.68,44.35,44.14,47045208.0,504221920.0
2014-09-09,45.26,45.43,44.72,44.68,52675616.0,571253568.0
2014-09-05,44.97,45.34,45.26,44.93,71109744.0,775337088.0
2014-09-04,44.68,45.01,44.85,44.39,58184196.0,627802368.0
2014-09-03,44.23,44.89,44.64,44.14,82178688.0,885389888.0
2014-09-02,43.73,44.39,44.27,43.36,85066328.0,899627584.0
2014-09-01,43.85,43.94,43.65,43.48,44664648.0,471342240.0
2014-08-29,43.6,43.77,43.73,43.27,31151612.0,327255968.0
2014-08-28,43.77,43.77,43.36,43.19,53249296.0,558340416.0
2014-08-27,43.73,44.02,43.77,43.52,37205732.0,392871936.0
2014-08-26,43.81,44.06,43.89,43.6,37654564.0,398686432.0
2014-08-25,44.39,44.47,43.81,43.6,40054004.0,424399040.0
2014-08-22,43.73,44.43,44.35,43.6,40205576.0,429221792.0
2014-08-21,44.39,44.39,43.89,43.52,54942372.0,581428160.0
2014-08-20,44.47,44.64,44.39,44.23,35076988.0,375835712.0
2014-08-19,44.72,44.8,44.64,44.31,42085720.0,452326976.0
2014-08-18,44.72,45.05,44.72,44.56,48283316.0,521746272.0
2014-08-15,44.43,44.97,44.68,44.18,57498428.0,619359104.0
2014-08-14,44.85,45.26,44.47,44.18,90536120.0,972743104.0
2014-08-13,45.18,45.55,44.85,44.72,62901988.0,683507712.0
2014-08-12,45.47,45.67,45.18,45.01,56007016.0,611588224.0
2014-08-11,44.97,46.05,45.88,44.89,61489280.0,676379264.0
2014-08-08,44.68,44.93,44.85,44.27,58870028.0,633995200.0
2014-08-07,45.26,45.84,44.47,44.39,75661752.0,821957632.0
2014-08-06,45.97,45.97,45.47,45.14,85425496.0,938016192.0
2014-08-05,46.54,46.59,46.3,46.01,63237688.0,705835008.0
2014-08-04,45.63,46.59,46.59,45.55,81192512.0,904460992.0
2014-08-01,45.67,46.88,45.63,45.51,96819248.0,1076877952.0
2014-07-31,45.26,45.88,45.84,45.09,69896000.0,767160064.0
2014-07-30,45.67,46.26,45.51,45.22,88811448.0,979789760.0
2014-07-29,45.47,46.13,45.67,45.18,106117120.0,1168891136.0
2014-07-28,43.81,45.67,45.43,43.81,178057216.0,1939612928.0
2014-07-25,42.98,43.48,43.44,42.94,77555584.0,809852288.0
2014-07-24,41.7,43.07,42.82,41.7,141612832.0,1460972672.0
2014-07-23,41.28,41.95,41.7,41.24,78775424.0,794073408.0
2014-07-22,40.66,41.66,41.33,40.54,90924264.0,905711744.0
2014-07-21,40.54,40.66,40.62,40.37,30666748.0,300017760.0
2014-07-18,40.33,40.71,40.54,40.25,45872984.0,449290944.0
2014-07-17,40.54,40.54,40.33,40.21,29921280.0,291821824.0
2014-07-16,40.5,40.75,40.54,40.33,45693064.0,447191936.0
2014-07-15,40.37,40.54,40.5,40.21,44903196.0,437770976.0
2014-07-14,40.13,40.38,40.38,39.92,46443376.0,450155968.0
2014-07-11,39.96,40.33,40.13,39.88,48873744.0,473621408.0
2014-07-10,39.89,40.16,39.93,39.89,42521272.0,436831168.0
2014-07-09,40.32,40.36,39.85,39.78,50446108.0,519080032.0
2014-07-07,40.24,40.32,40.16,40.09,32183068.0,332206208.0
2014-07-04,40.2,40.36,40.24,40.13,32935544.0,340479296.0
2014-07-03,39.97,40.28,40.24,39.89,55189520.0,569267392.0
2014-07-02,39.81,40.01,39.93,39.78,38268456.0,392486560.0
2014-07-01,39.89,40.01,39.81,39.7,33859664.0,346594400.0
2014-06-30,39.62,39.93,39.85,39.62,39066696.0,399105984.0
2014-06-27,39.74,39.93,39.62,39.54,40741152.0,415510400.0
2014-06-26,39.58,40.01,39.85,39.5,37108956.0,379071520.0
2014-06-25,39.62,39.66,39.46,39.35,30674436.0,310961056.0
2014-06-24,39.31,39.66,39.62,39.27,31811464.0,323067136.0
2014-06-23,39.74,39.78,39.31,39.27,41342112.0,419972064.0
2014-06-20,39.7,39.85,39.74,39.5,45240168.0,461205792.0
2014-06-19,40.09,40.16,39.66,39.5,44841296.0,458547136.0
2014-06-18,40.16,40.36,39.89,39.85,42768144.0,441140928.0
2014-06-17,40.4,40.4,40.16,39.97,50260416.0,518131488.0
2014-06-16,39.81,40.71,40.44,39.58,90740224.0,937827584.0
2014-06-13,39.15,39.97,39.78,39.11,71212184.0,725381632.0
2014-06-12,39.31,39.39,39.19,39.08,33885392.0,341458400.0
2014-06-11,39.39,39.66,39.39,39.19,37211960.0,376400128.0
2014-06-10,39.15,39.54,39.5,38.88,69402568.0,699032640.0
2014-06-09,38.76,39.46,38.92,38.76,42459304.0,426219840.0
2014-06-06,39.54,39.54,38.92,38.69,57542196.0,576728448.0
2014-06-05,39.39,39.62,39.54,39.04,39944412.0,403018016.0
2014-06-04,39.66,39.7,39.31,39.15,27462646.0,277448832.0
2014-06-03,39.46,39.97,39.62,39.19,36299532.0,369877120.0
2014-05-30,39.5,39.85,39.5,39.42,22071496.0,224765216.0
2014-05-29,39.78,39.89,39.5,39.5,39560876.0,403560352.0
2014-05-28,39.35,39.74,39.7,39.27,45123040.0,458678208.0
2014-05-27,39.23,39.58,39.35,39.11,40848480.0,413653728.0
2014-05-26,39.5,39.54,39.23,39.08,36080832.0,364689568.0
2014-05-23,38.88,39.23,39.19,38.76,25365522.0,254501408.0
2014-05-22,38.73,39.31,38.76,38.65,34599000.0,346700960.0
2014-05-21,38.18,38.8,38.73,38.18,20692494.0,205035392.0
2014-05-20,38.41,38.65,38.45,38.26,25492972.0,251840080.0
2014-05-19,38.92,39.0,38.38,38.1,50974452.0,503707200.0
2014-05-16,39.04,39.19,39.04,38.84,38020072.0,381636832.0
2014-05-15,38.88,39.08,38.84,38.76,26320372.0,263260416.0
2014-05-14,38.92,39.15,38.88,38.8,28490402.0,285183168.0
2014-05-13,39.04,39.08,38.88,38.76,24024604.0,240029856.0
2014-05-12,38.76,39.23,39.04,38.61,46585064.0,466818880.0
2014-05-09,38.65,38.84,38.57,38.49,28961356.0,287586112.0
2014-05-08,38.38,39.08,38.49,38.26,34742436.0,344841536.0
2014-05-07,38.41,38.61,38.38,38.34,33178236.0,327641184.0
2014-05-06,38.61,38.92,38.41,38.34,24992188.0,247781584.0
2014-05-05,38.92,39.0,38.69,38.1,56011296.0,554555904.0
2014-04-30,39.39,39.46,39.04,39.0,38465224.0,386563168.0
2014-04-29,39.23,39.5,39.35,38.88,55927384.0,562876288.0
2014-04-28,39.46,39.58,39.15,38.84,57743208.0,580640192.0
2014-04-25,39.23,39.85,39.19,38.88,72827008.0,738460736.0
2014-04-24,38.8,39.35,38.88,38.61,41519736.0,416229408.0
2014-04-23,38.65,39.04,38.65,38.57,39664468.0,395213888.0
2014-04-22,38.3,38.84,38.69,38.22,39771332.0,393671392.0
2014-04-21,38.76,39.15,38.3,38.22,45225072.0,449874816.0
2014-04-18,39.04,39.31,38.96,38.65,44941880.0,449241248.0
2014-04-17,39.5,39.66,39.27,39.19,24985544.0,252693872.0
2014-04-16,39.11,39.58,39.35,39.0,32300028.0,326676288.0
2014-04-15,39.89,39.97,39.15,38.96,55898832.0,565140288.0
2014-04-14,40.44,40.79,40.13,39.78,44536084.0,459224768.0
2014-04-11,40.48,40.67,40.44,40.09,83700448.0,867866624.0
2014-04-10,39.7,41.18,40.52,39.42,125741024.0,1303872128.0
2014-04-09,39.81,40.05,39.62,39.54,49546200.0,505351296.0
2014-04-08,38.73,40.44,39.85,38.73,125647536.0,1279344640.0
2014-04-04,38.3,38.76,38.73,38.14,28983716.0,286708992.0
2014-04-03,38.92,39.11,38.45,38.34,37611536.0,374082272.0
2014-04-02,38.45,38.96,38.8,38.38,46973144.0,466611136.0
2014-04-01,38.18,38.65,38.45,38.06,40553528.0,400451168.0
2014-03-31,38.34,38.53,38.22,37.83,53922088.0,529273312.0
2014-03-28,38.1,38.61,38.38,38.02,67562392.0,665062144.0
2014-03-27,38.14,38.65,38.1,37.63,72840168.0,714877696.0
2014-03-26,38.22,38.34,38.14,38.02,33632720.0,329655904.0
2014-03-25,38.3,38.53,38.1,37.98,41901548.0,410810464.0
2014-03-24,38.34,38.45,38.3,37.91,79845088.0,784583232.0
2014-03-21,36.82,38.53,38.3,36.74,114371952.0,1111471744.0
2014-03-20,37.17,37.48,36.82,36.78,36331308.0,346938432.0
2014-03-19,37.21,37.21,37.17,36.94,30535982.0,290635392.0
2014-03-18,37.28,37.67,37.32,37.21,44802740.0,430280096.0
2014-03-17,37.48,37.6,37.32,37.05,35278656.0,338292928.0
2014-03-14,37.52,37.52,37.21,36.97,57744624.0,551561344.0
2014-03-13,37.52,38.38,37.63,37.28,70061792.0,680872320.0
2014-03-12,36.82,37.63,37.4,36.66,58695528.0,560385920.0
2014-03-11,36.86,37.09,36.94,36.62,41346048.0,391277504.0
2014-03-10,37.4,37.48,36.86,36.78,70913112.0,675011712.0
2014-03-07,37.87,38.3,37.67,37.56,54820328.0,533628736.0
2014-03-06,37.44,38.06,37.87,37.36,54930368.0,532547456.0
2014-03-05,38.02,38.02,37.48,37.44,57911136.0,560459200.0
2014-03-04,38.14,38.14,37.95,37.6,74867864.0,727027904.0
2014-03-03,38.38,38.49,38.22,38.02,78309944.0,768373312.0
2014-02-28,38.92,39.15,38.65,38.26,62775984.0,623305280.0
2014-02-27,39.08,39.15,39.0,38.45,64157272.0,640432192.0
2014-02-26,38.53,39.23,39.0,38.49,42355052.0,422574592.0
2014-02-25,39.31,39.46,38.69,38.45,84310728.0,845056320.0
2014-02-24,39.97,39.97,39.23,39.11,84429832.0,854470080.0
2014-02-21,40.28,40.67,40.16,39.93,51432636.0,531421696.0
2014-02-20,40.91,41.29,40.28,40.24,66654632.0,697343040.0
2014-02-19,40.16,41.22,40.91,40.01,109595304.0,1143138304.0
2014-02-18,40.9,40.9,40.16,40.09,71937160.0,746349568.0
2014-02-17,41.26,41.41,40.91,40.75,61964768.0,652124672.0
2014-02-14,40.98,41.18,40.94,40.67,42266000.0,443898432.0
2014-02-13,40.75,41.84,40.98,40.59,97138128.0,1027621696.0
2014-02-12,41.14,41.45,40.91,40.79,53802792.0,566714752.0
2014-02-11,40.48,41.8,41.14,40.2,108473384.0,1144880512.0
2014-02-10,40.36,40.63,40.59,40.28,54295944.0,564956992.0
2014-02-07,40.09,40.36,40.2,39.85,32083538.0,329823168.0
2014-01-30,40.83,40.83,40.32,40.16,26539270.0,275494784.0
2014-01-29,40.79,41.1,40.91,40.63,28538160.0,299746176.0
2014-01-28,40.28,40.75,40.63,40.24,39757824.0,414104448.0
2014-01-27,40.48,40.59,40.2,40.01,47078704.0,486900288.0
2014-01-24,40.79,41.1,40.59,40.44,52264196.0,546511680.0
2014-01-23,41.53,41.68,40.94,40.83,38634112.0,408076160.0
2014-01-22,41.1,41.95,41.64,40.79,50123656.0,533545792.0
2014-01-21,41.02,41.57,40.98,40.79,25159216.0,266298800.0
2014-01-20,40.9,41.26,40.75,40.55,27537862.0,289251392.0
2014-01-17,40.98,41.18,41.14,40.52,51874536.0,543888512.0
2014-01-16,41.22,41.37,41.06,40.94,27592438.0,291872544.0
2014-01-15,41.72,41.84,41.22,40.98,35573396.0,377633056.0
2014-01-14,42.23,42.5,41.84,41.45,44867888.0,482287744.0
2014-01-13,42.11,42.73,42.34,41.76,77971600.0,848646208.0
2014-01-10,41.6,42.11,42.03,41.29,62914096.0,676364224.0
2014-01-09,41.29,41.88,41.64,41.29,48223380.0,515210304.0
2014-01-08,40.94,41.6,41.37,40.71,49293748.0,522881088.0
2014-01-07,40.2,41.02,40.94,40.01,54256384.0,566113088.0
2014-01-06,40.87,40.94,40.71,40.16,65397032.0,680128064.0
2014-01-03,41.45,41.57,40.91,40.48,58529808.0,615117120.0
2014-01-02,42.19,42.27,41.76,41.53,53256488.0,571763456.0
2013-12-31,40.75,43.28,42.38,40.71,296546944.0,3237763072.0
2013-12-30,40.36,41.41,41.26,40.05,104179952.0,1085120256.0
2013-12-27,39.74,40.52,40.13,39.54,70565496.0,727168128.0
2013-12-26,40.05,40.09,39.5,39.5,51417496.0,524651648.0
2013-12-25,39.74,40.13,40.13,39.27,94276712.0,958772160.0
2013-12-24,40.28,40.32,39.58,39.31,91931960.0,942523776.0
2013-12-23,40.52,40.67,39.97,39.89,78142544.0,808123264.0
2013-12-20,41.76,41.84,40.2,40.09,103316528.0,1084806784.0
2013-12-19,42.19,42.34,41.64,41.57,65703816.0,707572736.0
2013-12-18,41.37,42.27,41.99,41.33,74702560.0,803345536.0
2013-12-17,41.45,41.8,41.37,41.29,57884912.0,617628992.0
2013-12-16,41.68,42.11,41.33,41.29,87015744.0,932522240.0
2013-12-13,41.88,42.19,41.64,41.45,97408280.0,1045591552.0
2013-12-12,42.81,43.43,42.5,42.5,79924552.0,883957376.0
2013-12-11,43.24,43.51,42.89,42.81,110548784.0,1225071488.0
2013-12-10,43.2,43.51,43.16,42.77,101602576.0,1124642432.0
2013-12-09,42.73,42.85,42.42,42.34,50928252.0,556052416.0
2013-12-06,42.81,42.85,42.73,42.31,61369548.0,670861184.0
2013-12-05,43.32,43.4,42.97,42.77,62644772.0,691618304.0
2013-12-04,43.08,43.78,43.32,42.93,83213232.0,928299392.0
2013-12-03,43.2,43.4,43.2,42.85,58863296.0,652339456.0
2013-12-02,42.42,43.78,43.36,42.34,130731776.0,1448882944.0
2013-11-29,42.77,42.89,42.46,42.34,48143872.0,526013152.0
2013-11-28,42.38,43.08,42.54,42.19,71508496.0,784421760.0
2013-11-27,42.19,42.81,42.27,41.88,72902144.0,793518336.0
2013-11-26,42.19,42.46,42.15,42.03,45184776.0,489637504.0
2013-11-25,42.62,43.01,42.11,42.07,55419952.0,606068160.0
2013-11-22,42.73,43.01,42.73,42.34,99751016.0,1093041280.0
2013-11-21,42.42,42.73,42.7,41.8,101948920.0,1107262464.0
2013-11-20,43.24,43.47,42.62,42.31,91608000.0,1006411328.0
2013-11-19,43.98,44.13,42.89,42.54,140792720.0,1563731712.0
2013-11-18,40.63,44.33,44.13,40.52,273536096.0,2978025984.0
2013-11-15,40.13,40.98,40.28,40.05,77615896.0,808827136.0
2013-11-14,40.48,40.48,39.93,39.85,49775908.0,512375168.0
2013-11-13,41.22,41.33,40.2,40.16,85772648.0,892881152.0
2013-11-12,41.18,41.6,41.57,40.98,58961248.0,625010624.0
2013-11-11,41.26,41.45,40.98,40.9,42903448.0,453035072.0
2013-11-08,41.57,41.76,41.18,41.1,43305320.0,461067456.0
2013-11-07,41.33,41.68,41.64,41.29,38116328.0,406577728.0
2013-11-06,41.53,41.72,41.33,41.29,49210076.0,524440992.0
2013-11-05,41.99,41.99,41.84,41.18,64112424.0,685035392.0
2013-11-04,42.77,42.85,42.03,41.99,40641768.0,442218784.0
2013-11-01,42.31,42.62,42.46,41.99,68540520.0,746239936.0
2013-10-31,42.46,42.5,41.8,41.76,69779224.0,754370304.0
2013-10-30,42.42,42.5,42.46,41.84,78734192.0,855045312.0
2013-10-29,41.41,43.05,42.23,41.41,138530880.0,1502964736.0
2013-10-28,41.33,41.41,41.33,41.06,29512278.0,312652832.0
2013-10-25,41.26,41.95,41.29,41.06,64707868.0,690208832.0
2013-10-24,41.57,41.84,41.37,41.26,52902784.0,563986304.0
2013-10-23,41.57,42.42,41.57,41.37,64499408.0,693735296.0
2013-10-22,41.8,41.88,41.37,41.26,41517120.0,442237056.0
2013-10-21,41.37,42.03,41.88,41.06,48094672.0,513801824.0
2013-10-18,41.37,41.72,41.37,41.26,32417604.0,345615776.0
2013-10-17,41.95,42.03,41.26,41.22,45498176.0,486115168.0
2013-10-16,41.76,42.11,41.76,41.57,51254152.0,550416960.0
2013-10-15,42.15,42.23,41.76,41.64,57593116.0,619820032.0
2013-10-14,42.62,42.73,42.03,41.88,62165188.0,674276672.0
2013-10-11,42.38,42.89,42.58,42.07,74539536.0,814697856.0
2013-10-10,42.66,42.7,41.95,41.72,50014868.0,541470720.0
2013-10-09,42.42,43.2,42.66,42.11,49703416.0,544836800.0
2013-10-08,42.54,42.66,42.46,41.68,49739784.0,540080448.0
2013-09-30,42.34,42.7,42.5,42.19,42535132.0,464022336.0
2013-09-27,41.76,42.07,42.03,41.64,34902840.0,375127104.0
2013-09-26,42.11,42.15,41.88,41.29,60827756.0,650682176.0
2013-09-25,42.34,43.05,42.19,42.07,65975844.0,719786112.0
2013-09-24,43.59,43.59,42.34,42.11,82797424.0,905216768.0
2013-09-23,43.63,44.13,43.55,43.12,79801736.0,893657024.0
2013-09-18,43.78,44.06,43.4,43.12,67293584.0,757308672.0
2013-09-17,45.73,45.73,43.55,43.51,110665608.0,1258523648.0
2013-09-16,46.63,46.7,45.34,44.76,105856384.0,1237443712.0
2013-09-13,46.16,46.82,46.0,45.58,114843024.0,1360865408.0
2013-09-12,45.19,47.44,46.35,44.68,192631520.0,2285150976.0
2013-09-11,45.19,46.08,45.23,44.87,136234352.0,1589758720.0
2013-09-10,45.07,45.77,45.26,44.52,138818272.0,1611118464.0
2013-09-09,43.01,45.46,45.07,42.85,226690992.0,2589324288.0
2013-09-06,41.37,42.66,42.38,41.29,81162152.0,872375296.0
2013-09-05,41.64,41.84,41.49,41.29,117901456.0,1260903552.0
2013-08-27,40.47,40.85,40.7,40.16,103525520.0,1096806144.0
2013-08-26,40.12,40.89,40.85,39.59,132250072.0,1391616256.0
2013-08-23,41.61,41.96,40.32,39.51,118158968.0,1255450624.0
2013-08-22,41.61,42.57,41.65,41.54,46575028.0,512270688.0
2013-08-21,42.42,42.49,41.73,41.5,39480928.0,432670080.0
2013-08-20,42.34,43.37,42.11,41.88,81543904.0,910438144.0
2013-08-19,41.46,42.95,42.45,41.19,68019216.0,749488384.0
2013-08-16,42.03,46.35,41.96,41.08,151349936.0,1708117888.0
2013-08-15,42.57,42.91,42.15,42.11,39585572.0,442036384.0
2013-08-14,42.68,43.29,42.57,42.42,54414112.0,610890304.0
2013-08-13,42.19,42.8,42.57,42.07,65007180.0,723604800.0
2013-08-12,41.23,42.23,42.19,40.81,81975024.0,896354816.0
2013-08-09,41.38,41.61,40.81,40.28,42253600.0,452598144.0
2013-08-08,40.85,41.73,41.04,40.81,42651728.0,460570976.0
2013-08-07,41.08,41.65,40.93,40.85,38069384.0,411065824.0
2013-08-06,41.16,41.54,41.08,40.77,40097632.0,431419264.0
2013-08-05,41.31,41.61,41.42,40.93,29081460.0,313861664.0
2013-08-02,41.73,42.23,41.27,41.12,36088536.0,394147520.0
2013-08-01,40.81,41.61,41.5,40.58,47089860.0,508365088.0
2013-07-31,41.23,41.8,40.47,40.35,33973040.0,363813600.0
2013-07-30,40.39,41.19,40.77,40.16,49021260.0,521396800.0
2013-07-29,40.47,40.51,40.05,39.7,46625264.0,488458880.0
2013-07-26,41.23,41.23,41.0,40.66,30576488.0,328006272.0
2013-07-25,41.77,42.23,41.35,41.04,41472020.0,450453984.0
2013-07-24,41.42,42.15,41.61,40.77,64957736.0,703058432.0
2013-07-23,41.69,43.1,42.23,41.27,55201376.0,613854016.0
2013-07-22,40.85,41.58,41.42,40.35,56804352.0,610322304.0
2013-07-19,42.76,43.06,41.69,41.54,55832848.0,617765440.0
2013-07-18,43.37,43.91,42.68,42.42,53560320.0,599859968.0
2013-07-17,44.29,44.48,43.52,43.45,52624792.0,605064960.0
2013-07-16,44.44,44.44,44.4,43.56,61861192.0,712310016.0
2013-07-15,44.82,45.47,44.48,44.1,67469648.0,789286784.0
2013-07-12,45.81,46.23,44.36,43.91,90111928.0,1063540480.0
2013-07-11,43.33,47.45,46.39,43.33,160521712.0,1916691200.0
2013-07-10,42.76,43.33,43.22,42.23,41429764.0,463874272.0
2013-07-09,42.07,42.95,42.61,41.92,49418896.0,548827328.0
2013-07-08,42.57,42.84,42.11,41.92,46495080.0,514504512.0
2013-07-05,42.95,43.33,43.03,42.49,37591500.0,423780576.0
2013-07-04,42.99,43.87,42.91,42.38,53058540.0,599276032.0
2013-07-03,42.68,43.71,43.33,41.88,60519632.0,675330176.0
2013-07-02,43.45,43.75,42.8,42.07,63906564.0,714282176.0
2013-07-01,43.91,44.33,43.45,42.76,48482144.0,551215424.0
2013-06-28,41.69,44.44,44.29,41.42,116872096.0,1327338624.0
2013-06-27,41.0,41.92,41.69,40.81,72290048.0,783616960.0
2013-06-26,42.11,42.15,40.7,40.2,93892920.0,1006917440.0
2013-06-25,41.23,42.11,41.69,38.18,128040672.0,1368236672.0
2013-06-24,44.4,44.4,41.73,41.08,118147120.0,1301685376.0
2013-06-21,43.14,44.94,44.71,42.68,70320816.0,813131648.0
2013-06-20,45.66,45.66,43.79,43.52,63295616.0,736010496.0
2013-06-19,46.58,46.58,45.74,45.43,39840016.0,478168032.0
2013-06-18,46.35,47.0,46.58,46.31,34491028.0,422338624.0
2013-06-17,46.69,47.04,46.2,46.16,31388706.0,382560896.0
2013-06-14,46.77,46.96,46.62,46.27,58036664.0,708580352.0
2013-06-13,47.34,47.34,47.04,45.13,81035312.0,978996608.0
2013-06-07,47.87,48.45,47.84,47.58,68048616.0,898343488.0
2013-06-06,48.45,48.63,47.87,47.25,67156040.0,881621824.0
2013-06-05,49.94,49.98,48.52,47.91,61817060.0,832117504.0
2013-06-04,49.91,50.45,49.94,49.4,78089912.0,1073577728.0
2013-06-03,49.32,50.45,50.01,49.29,70140472.0,965797120.0
2013-05-31,49.36,50.2,49.32,49.14,45658536.0,624284288.0
2013-05-30,49.32,49.72,49.32,48.85,46826224.0,635522368.0
2013-05-29,50.09,50.45,49.43,49.32,59622732.0,819883072.0
2013-05-28,48.49,50.12,49.98,48.38,85149216.0,1153115648.0
2013-05-27,48.96,49.29,48.63,48.38,49964608.0,671859968.0
2013-05-24,49.29,49.83,49.07,48.74,55498940.0,752285760.0
2013-05-23,50.49,50.67,49.11,49.07,104392720.0,1430513536.0
2013-05-22,49.32,50.85,50.81,49.32,140450112.0,1939563904.0
2013-05-21,50.12,50.16,49.29,48.89,106905784.0,1454002688.0
2013-05-20,50.34,51.21,50.34,49.54,124578800.0,1728294016.0
2013-05-17,50.38,50.59,50.34,49.47,101619272.0,1401815040.0
2013-05-16,49.22,50.63,50.38,48.71,151766848.0,2083974656.0
2013-05-15,48.38,49.58,49.36,48.12,109663144.0,1476330880.0
2013-05-14,47.87,48.52,48.42,47.58,152786048.0,2025053952.0
2013-05-13,46.27,47.98,47.91,45.73,174515136.0,2271013376.0
2013-05-10,45.04,46.42,46.31,44.93,97604080.0,1232382720.0
2013-05-09,45.55,45.69,44.78,44.46,44652236.0,553251648.0
2013-05-08,45.33,45.95,45.4,45.18,54553572.0,683945984.0
2013-05-07,45.29,45.51,45.37,44.97,36789008.0,458536448.0
2013-05-06,45.04,45.95,45.51,44.97,50270560.0,630075264.0
2013-05-03,44.17,45.58,44.86,44.02,68956536.0,855915328.0
2013-05-02,43.95,44.02,43.95,43.4,46973420.0,565173888.0
2013-04-26,44.6,44.82,44.13,43.98,33018250.0,403023200.0
2013-04-25,44.46,44.86,44.38,43.88,49654384.0,605731456.0
2013-04-24,44.13,45.22,44.67,43.88,50028544.0,612410048.0
2013-04-23,45.95,45.95,44.09,43.77,85782680.0,1047585600.0
2013-04-22,45.51,45.91,45.73,45.47,59032936.0,742446976.0
2013-04-19,44.35,46.64,45.84,44.13,159685248.0,1988992512.0
2013-04-18,43.77,44.67,44.17,43.62,57567756.0,697392896.0
2013-04-17,44.78,44.86,44.17,43.95,43182872.0,525913408.0
2013-04-16,44.31,45.04,44.86,44.09,55597508.0,681018176.0
2013-04-15,44.67,45.04,44.49,44.27,33325316.0,408924576.0
2013-04-12,45.0,45.26,44.6,44.53,28710372.0,354460000.0
2013-04-11,45.62,45.91,45.0,44.89,33431484.0,416800096.0
2013-04-10,45.69,45.95,45.18,44.97,30295476.0,377830464.0
2013-04-09,46.09,46.42,45.73,45.44,48341348.0,611102720.0
2013-04-08,45.18,46.09,45.8,45.04,51753968.0,650242816.0
2013-04-03,45.76,47.14,46.45,45.69,63290888.0,808928704.0
2013-04-02,45.33,46.31,45.62,44.93,55765380.0,700652096.0
2013-04-01,45.37,45.8,45.04,44.82,41277652.0,513973440.0
2013-03-29,44.27,46.27,45.87,44.02,102332904.0,1272875648.0
2013-03-28,45.04,45.04,44.06,42.49,126617152.0,1535552256.0
2013-03-27,45.98,46.93,46.38,45.98,45729312.0,584254912.0
2013-03-26,46.85,47.03,46.09,45.69,61902648.0,786734144.0
2013-03-25,47.94,48.23,47.14,47.0,55900140.0,730187072.0
2013-03-22,47.91,48.12,47.69,47.4,44108736.0,579895296.0
2013-03-21,47.73,48.02,47.69,47.44,64556356.0,848701312.0
2013-03-20,45.87,47.83,47.73,45.8,134323328.0,1745000320.0
2013-03-19,45.22,46.02,45.76,45.22,54739580.0,686425536.0
2013-03-18,45.33,46.13,45.33,45.04,65953712.0,827700032.0
2013-03-15,46.05,47.91,45.66,45.18,136157296.0,1735409920.0
2013-03-14,45.91,46.78,46.02,45.58,47569824.0,603558016.0
2013-03-13,46.85,47.33,46.02,45.76,65982796.0,843335616.0
2013-03-12,47.65,48.31,46.85,46.31,69609904.0,906390208.0
2013-03-11,47.98,48.05,47.65,47.07,48343688.0,634664576.0
2013-03-08,47.76,48.96,48.42,46.96,92994368.0,1230262784.0
2013-03-07,48.56,48.56,47.62,47.18,88818960.0,1171202304.0
2013-03-06,48.56,49.4,48.85,47.73,152953408.0,2050199168.0
2013-03-05,44.78,48.92,48.52,44.78,217489120.0,2799557376.0
2013-03-04,46.67,47.22,44.57,44.2,174787312.0,2202215936.0
2013-03-01,48.31,48.56,47.47,46.53,127952680.0,1676102144.0
2013-02-28,46.85,48.38,48.31,46.42,169686192.0,2213328384.0
2013-02-27,46.34,47.22,46.64,45.69,144114992.0,1843217536.0
2013-02-26,46.82,48.23,46.16,45.95,225425392.0,2929255168.0
2013-02-25,47.76,48.16,47.36,47.18,70980504.0,929263424.0
2013-02-22,48.49,48.6,47.47,47.22,81360032.0,1071160064.0
2013-02-21,49.61,49.69,48.6,47.03,130621608.0,1735828992.0
2013-02-20,50.34,50.52,50.27,48.78,110823616.0,1509286656.0
2013-02-19,50.56,51.07,50.23,49.83,80257520.0,1115544704.0
2013-02-18,51.32,51.83,50.67,50.38,86439408.0,1215568512.0
2013-02-08,51.14,51.5,50.99,50.34,93929728.0,1319909376.0
2013-02-07,52.19,52.19,51.36,49.8,162817792.0,2287383296.0
2013-02-06,52.3,52.74,52.19,51.32,93528960.0,1337984896.0
2013-02-05,52.3,52.81,52.3,51.61,121449784.0,1743222912.0
2013-02-04,53.65,54.52,52.92,52.52,165969008.0,2448320768.0
2013-02-01,51.58,53.9,53.68,51.39,168931696.0,2451809536.0
2013-01-31,52.41,52.63,51.94,50.96,116264672.0,1653013120.0
2013-01-30,53.06,53.17,52.23,51.58,127814352.0,1836901376.0
2013-01-29,51.54,53.76,53.03,50.99,190625568.0,2746660096.0
2013-01-28,49.03,52.08,51.5,49.03,151705856.0,2131062272.0
2013-01-25,49.91,50.23,48.92,48.74,90587120.0,1229494784.0
2013-01-24,50.85,52.66,49.65,49.22,196485216.0,2756418048.0
2013-01-23,50.49,51.25,50.85,49.94,89490096.0,1246132608.0
2013-01-22,49.29,51.18,50.85,48.63,175753488.0,2425268480.0
2013-01-21,48.74,49.76,49.29,48.34,114885952.0,1552341632.0
2013-01-18,48.52,49.03,48.56,47.98,110808832.0,1480397184.0
2013-01-17,49.14,49.18,48.02,47.91,117049832.0,1558604672.0
2013-01-16,49.94,50.2,49.11,48.45,90299888.0,1231280256.0
2013-01-15,50.12,50.41,50.09,49.47,106719960.0,1469440896.0
2013-01-14,47.83,50.74,50.27,47.83,157865888.0,2160111360.0
2013-01-11,49.14,49.54,48.23,47.8,92040120.0,1237367168.0
2013-01-10,49.03,49.76,49.18,48.56,89269432.0,1212029440.0
2013-01-09,48.89,49.47,49.03,48.34,96559072.0,1302109184.0
2013-01-08,49.58,50.23,49.36,48.41,103335616.0,1404489472.0
2013-01-07,49.03,50.23,49.4,48.31,99469544.0,1349911808.0
2013-01-04,50.2,50.74,49.14,48.49,150033648.0,2039552896.0
2012-12-31,47.07,50.12,49.94,47.07,153712032.0,2060790784.0
2012-12-28,45.87,47.14,47.07,45.84,84917360.0,1091049728.0
2012-12-27,46.67,47.29,45.8,45.73,86279792.0,1106929152.0
2012-12-26,46.34,47.0,46.45,46.09,87817696.0,1127460736.0
2012-12-25,44.38,47.03,46.38,44.38,132992448.0,1679327744.0
2012-12-24,43.4,45.07,44.53,43.29,109565552.0,1345537408.0
2012-12-21,43.66,43.8,43.22,43.11,76221360.0,913082880.0
2012-12-20,42.86,43.88,43.59,42.86,82884416.0,988481600.0
2012-12-19,43.04,43.77,43.15,42.86,95351144.0,1140126080.0
2012-12-18,42.42,43.88,43.04,42.24,123379960.0,1469876864.0
2012-12-17,42.68,43.37,42.53,42.24,114367592.0,1345018112.0
2012-12-14,39.7,42.68,42.49,39.66,165003968.0,1884483328.0
2012-12-13,40.06,40.17,39.48,39.41,55584052.0,609383936.0
2012-12-12,39.92,40.72,40.13,39.81,67726904.0,751240832.0
2012-12-11,39.84,40.17,39.92,39.55,70145024.0,770027840.0
2012-12-10,39.41,40.24,39.84,39.05,119013336.0,1301157120.0
2012-12-07,37.99,39.34,39.23,37.92,111933472.0,1198461184.0
2012-12-06,37.77,38.35,37.95,37.7,65843848.0,689223040.0
2012-12-05,36.32,37.95,37.81,36.21,108218768.0,1117951104.0
2012-12-04,35.99,36.36,36.25,35.96,23933388.0,238259792.0
2012-12-03,36.36,36.39,35.99,35.7,35031520.0,347109888.0
2012-11-30,36.25,36.5,36.39,35.96,31279090.0,312092096.0
2012-11-29,36.28,36.47,36.25,36.21,18213096.0,182095456.0
2012-11-28,36.21,36.39,36.21,36.14,28175960.0,281582432.0
2012-11-27,36.21,36.5,36.21,36.17,31331198.0,313271104.0
2012-11-26,36.25,36.39,36.28,36.1,18615218.0,185783024.0
2012-11-23,36.1,36.5,36.43,35.92,28382848.0,283347360.0
2012-11-22,35.96,36.07,35.96,35.81,15471082.0,153066800.0
2012-11-21,35.7,36.1,36.07,35.63,22234440.0,219330192.0
2012-11-20,36.14,36.39,35.7,35.56,21542000.0,212747664.0
2012-11-19,36.17,36.25,36.03,35.92,17315196.0,171846496.0
2012-11-16,36.32,36.58,36.17,35.96,21561266.0,214485152.0
2012-11-15,36.5,36.65,36.39,36.36,15095665.0,151500496.0
2012-11-14,36.54,36.72,36.61,36.47,15939907.0,160559552.0
2012-11-13,37.27,37.3,36.54,36.47,19644728.0,198705312.0
2012-11-12,37.23,37.37,37.27,37.05,25317440.0,259350032.0
2012-11-09,36.94,37.23,37.08,36.9,21043504.0,214755728.0
2012-11-08,37.34,37.48,36.97,36.97,18380784.0,188188304.0
2012-11-07,37.7,37.7,37.56,37.27,16517277.0,170413968.0
2012-11-06,37.88,38.03,37.7,37.12,25616912.0,264401792.0
2012-11-05,37.66,38.1,37.85,37.48,26262182.0,273345088.0
2012-11-02,37.34,37.74,37.66,37.23,28451332.0,293882464.0
2012-11-01,36.61,37.77,37.41,36.61,42058916.0,432036384.0
2012-10-31,36.5,36.72,36.61,36.47,20997492.0,211535312.0
2012-10-30,36.79,37.19,36.58,36.32,30836096.0,310546560.0
2012-10-29,37.23,37.3,36.76,36.47,22386478.0,227127312.0
2012-10-26,37.66,37.88,37.34,37.01,24669424.0,253283840.0
2012-10-25,37.88,38.1,37.66,37.59,19555764.0,203931728.0
2012-10-24,37.77,38.1,37.99,37.77,21624868.0,226046400.0
2012-10-23,38.17,38.5,37.95,37.88,26894888.0,283013792.0
2012-10-22,37.66,38.32,38.17,37.63,28758212.0,301265376.0
2012-10-19,38.14,38.14,37.92,37.77,23865012.0,249625616.0
2012-10-18,37.88,38.28,38.1,37.63,37542684.0,393179680.0
2012-10-17,37.48,37.77,37.63,37.27,29565374.0,305863200.0
2012-10-16,37.37,37.7,37.45,37.08,22984284.0,236742800.0
2012-10-15,37.66,37.7,37.45,37.16,16006440.0,164776432.0
2012-10-12,37.23,37.74,37.63,37.16,40072716.0,414289792.0
2012-10-11,37.01,37.19,37.05,36.68,24139416.0,245864848.0
2012-10-10,37.37,37.37,37.08,36.97,23361348.0,238821184.0
2012-10-09,37.34,37.66,37.37,37.05,43262376.0,446295744.0
2012-10-08,36.87,37.59,36.94,36.72,33008416.0,337697952.0
2012-09-28,36.36,36.97,36.9,35.99,38923064.0,392264640.0
2012-09-27,35.59,36.97,36.61,35.45,50505900.0,505686112.0
2012-09-26,35.81,35.99,35.41,35.41,32514268.0,319732160.0
2012-09-25,35.81,35.92,35.85,35.59,18479084.0,181896720.0
2012-09-24,35.41,35.99,35.81,35.23,33853748.0,331137632.0
2012-09-21,35.38,35.85,35.63,35.16,33379500.0,327072224.0
2012-09-20,35.85,35.96,35.38,35.3,31522856.0,309091424.0
2012-09-19,36.25,36.28,35.85,35.7,36585952.0,362159968.0
2012-09-18,36.68,36.68,36.28,36.17,30412408.0,305847744.0
2012-09-17,37.23,37.27,36.79,36.72,47185016.0,480998592.0
2012-09-14,36.87,37.52,37.23,36.83,57192156.0,585483264.0
2012-09-13,36.72,37.05,36.76,36.36,42635812.0,431742848.0
2012-09-12,36.87,37.12,36.76,36.43,33366528.0,338007616.0
2012-09-11,36.61,36.76,36.76,36.32,34448600.0,346408416.0
2012-09-10,36.79,37.01,36.68,36.39,53268228.0,537083136.0
2012-09-07,35.45,36.97,36.9,35.45,94580848.0,948096832.0
2012-09-06,35.12,35.38,35.34,34.98,39391304.0,381180128.0
2012-09-05,35.74,35.74,35.27,34.76,62754360.0,606649280.0
2012-09-04,36.36,36.39,35.74,35.59,43905128.0,434354560.0
2012-09-03,36.54,36.76,36.36,36.32,37329440.0,374981792.0
2012-08-31,36.79,37.01,36.61,36.58,29287124.0,297407360.0
2012-08-30,35.96,36.87,36.79,35.96,40629376.0,410070208.0
2012-08-29,36.32,36.5,36.39,36.25,25836174.0,258866512.0
2012-08-28,35.74,36.58,36.36,35.63,33101508.0,329951808.0
2012-08-27,35.99,36.1,35.81,35.56,29524572.0,291275744.0
2012-08-24,35.88,36.28,36.03,35.85,32882966.0,327024448.0
2012-08-23,35.96,36.21,36.1,35.78,36770364.0,365020416.0
2012-08-22,35.7,35.96,35.92,35.63,33324352.0,328191872.0
2012-08-21,35.92,36.1,35.63,35.52,36439232.0,358531808.0
2012-08-20,36.07,36.39,35.88,35.67,25097468.0,247692960.0
2012-08-17,36.03,36.5,36.39,35.99,22324064.0,223357072.0
2012-08-16,35.92,36.21,36.03,35.78,19271916.0,190896624.0
2012-08-15,36.94,37.01,36.1,36.07,39470372.0,394577952.0
2012-08-14,36.94,37.19,36.94,36.79,31553216.0,321051648.0
2012-08-13,36.83,37.05,36.87,36.72,38715292.0,393494016.0
2012-08-10,36.68,37.05,36.94,36.65,27065384.0,275363360.0
2012-08-09,36.68,36.68,36.61,36.32,19473828.0,195833152.0
2012-08-08,36.36,36.65,36.58,36.36,28736016.0,289243520.0
2012-08-07,36.36,36.5,36.32,36.25,24008548.0,240145152.0
2012-08-06,36.32,36.58,36.36,36.25,30987052.0,310238144.0
2012-08-03,36.39,36.54,36.32,36.21,25274256.0,252693200.0
2012-08-02,36.17,36.58,36.36,36.07,41041272.0,410615264.0
2012-08-01,36.03,36.32,36.21,35.81,47866224.0,475037536.0
2012-07-31,35.78,36.21,36.03,35.74,41597060.0,412950976.0
2012-07-30,35.59,36.03,35.63,35.41,41689292.0,409827968.0
2012-07-27,34.94,35.81,35.41,34.94,53176024.0,518372384.0
2012-07-26,34.83,35.12,34.83,34.76,29695836.0,285606208.0
2012-07-25,34.76,35.05,34.8,34.65,29141798.0,279943232.0
2012-07-24,35.01,35.27,34.83,34.65,59762140.0,574182464.0
2012-07-23,36.1,36.1,35.2,34.83,78708704.0,763923584.0
2012-07-20,36.65,36.68,36.28,36.17,48634284.0,486155936.0
2012-07-19,36.72,36.87,36.68,36.47,44505824.0,449753600.0
2012-07-18,36.97,36.97,36.72,36.36,34429184.0,346515680.0
2012-07-17,36.61,36.97,36.94,36.58,29134030.0,295683232.0
2012-07-16,37.01,37.3,36.61,36.54,45861208.0,465617632.0
2012-07-13,36.58,37.16,36.94,36.32,46206288.0,468712544.0
2012-07-12,36.54,36.79,36.65,35.92,81043608.0,809607616.0
2012-07-11,36.87,36.9,36.54,36.25,50451464.0,507063584.0
2012-07-10,36.83,37.05,36.9,36.58,47869636.0,485118752.0
2012-07-09,38.21,38.21,36.87,36.39,134789520.0,1380906496.0
2012-07-06,38.54,38.65,38.39,37.99,121860232.0,1284039808.0
2012-07-05,39.63,39.77,39.41,39.23,29503142.0,320276256.0
2012-07-04,39.7,39.95,39.7,39.52,25727176.0,281476896.0
2012-07-03,39.41,39.92,39.55,39.26,31607868.0,344822240.0
2012-07-02,39.81,39.81,39.41,39.19,35434996.0,384038144.0
2012-06-29,39.34,39.95,39.66,39.15,38125964.0,414959840.0
2012-06-28,39.63,39.77,39.3,39.26,33836488.0,368182336.0
2012-06-27,39.81,39.95,39.55,39.48,29439688.0,321260672.0
2012-06-26,39.84,40.17,39.92,39.77,44724940.0,491873024.0
2012-06-25,39.55,40.13,39.92,39.48,54425436.0,598573056.0
2012-06-21,40.06,40.06,39.59,39.44,23749956.0,259603776.0
2012-06-20,40.1,40.39,40.06,39.84,27268924.0,301067904.0
2012-06-19,40.1,40.39,39.92,39.77,33400224.0,368734240.0
2012-06-18,40.5,40.5,40.13,40.02,26305040.0,291047328.0
2012-06-15,39.48,40.57,40.13,39.44,50297608.0,554896384.0
2012-06-14,39.41,39.63,39.44,39.12,43619884.0,472733952.0
2012-06-13,39.41,39.77,39.55,39.19,38013212.0,413336544.0
2012-06-12,39.66,39.66,39.26,38.9,47223604.0,510228256.0
2012-06-11,39.7,39.92,39.77,39.41,34551784.0,377823776.0
2012-06-08,40.61,40.61,39.66,39.44,106658264.0,1167267840.0
2012-06-07,41.48,41.48,40.86,40.82,48697204.0,550110912.0
2012-06-06,40.44,41.0,40.9,40.44,68970152.0,803030016.0
2012-06-05,40.02,40.65,40.41,39.84,62811448.0,722339072.0
2012-06-04,40.51,40.51,39.91,39.81,77398720.0,887681088.0
2012-06-01,40.97,41.07,40.86,40.65,59686816.0,696135360.0
2012-05-31,40.44,40.9,40.83,40.44,74554352.0,865981376.0
2012-05-29,40.83,41.35,41.25,40.58,61386996.0,718537024.0
2012-05-28,40.69,40.9,40.86,40.41,59127180.0,686073344.0
2012-05-25,40.79,40.9,40.65,40.55,30231104.0,350720896.0
2012-05-24,41.07,41.35,40.72,40.65,46652780.0,547128960.0
2012-05-23,41.28,41.39,41.11,40.97,38223072.0,449537344.0
2012-05-22,40.9,41.42,41.35,40.79,41172980.0,484634944.0
2012-05-21,40.55,40.86,40.76,40.37,46862804.0,544058560.0
2012-05-18,41.04,41.04,40.48,40.37,68483832.0,794050304.0
2012-05-17,40.97,41.42,41.28,40.83,42466888.0,498658784.0
2012-05-16,41.39,41.46,40.86,40.79,64746524.0,758737344.0
2012-05-15,41.49,41.63,41.46,41.21,55255360.0,653203840.0
2012-05-14,42.47,42.58,41.63,41.46,67202720.0,804800576.0
2012-05-11,42.26,42.58,42.09,42.05,35395384.0,427334208.0
2012-05-10,42.68,42.68,42.4,42.05,51752024.0,625641728.0
2012-05-09,43.03,43.03,42.44,42.26,76685776.0,933525568.0
2012-05-08,43.42,43.59,43.31,43.0,62407888.0,772462400.0
2012-05-07,43.1,43.59,43.49,43.07,64377120.0,795713536.0
2012-05-04,43.24,43.66,43.45,42.79,62054760.0,766768128.0
2012-05-03,43.45,43.56,43.24,43.0,45998852.0,567916032.0
2012-05-02,43.24,43.7,43.42,43.07,71651376.0,887759040.0
2012-04-27,43.03,43.31,42.72,42.47,35413880.0,432485760.0
2012-04-26,43.1,43.28,42.79,42.44,36400008.0,445601888.0
2012-04-25,42.96,43.42,42.96,42.79,51512920.0,633930880.0
2012-04-24,42.37,43.94,43.07,42.3,95110504.0,1172356224.0
2012-04-23,42.68,42.86,42.37,42.23,38660792.0,469866496.0
2012-04-20,41.77,42.86,42.68,41.74,92190480.0,1117374080.0
2012-04-19,42.02,42.02,41.88,41.7,45691192.0,546431744.0
2012-04-18,41.63,42.09,42.05,41.35,45899848.0,549010560.0
2012-04-17,41.67,41.84,41.49,41.39,22383408.0,265972784.0
2012-04-16,41.88,42.09,41.74,41.6,25471380.0,304097728.0
2012-04-13,42.05,42.44,42.02,41.77,45910104.0,551302528.0
2012-04-12,41.25,42.09,42.05,40.86,64752612.0,768293184.0
2012-04-11,41.14,41.63,41.21,40.97,41559168.0,489513056.0
2012-04-10,40.97,41.53,41.42,40.83,29250720.0,343351776.0
2012-04-09,41.11,41.25,40.9,40.65,25074588.0,293312096.0
2012-04-06,41.42,41.56,41.35,40.97,46468360.0,546424000.0
2012-04-05,41.49,41.84,41.46,40.48,57405900.0,676640960.0
2012-03-30,41.39,41.77,41.67,41.25,39187876.0,465360704.0
2012-03-29,41.35,41.84,41.39,41.25,51308344.0,608219840.0
2012-03-28,42.16,42.3,41.32,41.25,42069692.0,501731392.0
2012-03-27,42.44,42.58,42.12,42.05,28724476.0,346579584.0
2012-03-26,42.26,42.58,42.33,42.05,41347180.0,500165888.0
2012-03-23,42.05,42.3,42.19,41.88,31958564.0,384506336.0
2012-03-22,42.02,42.72,42.19,41.81,36292536.0,437511552.0
2012-03-21,42.33,42.37,42.02,41.77,44544964.0,534595712.0
2012-03-20,42.37,42.61,42.09,41.91,54458748.0,655607040.0
2012-03-19,42.79,42.79,42.47,42.16,54367340.0,659192768.0
2012-03-16,42.89,43.14,42.79,42.33,54969380.0,669730880.0
2012-03-15,43.14,43.59,42.79,42.68,57476752.0,709688384.0
2012-03-14,43.98,44.29,43.1,42.86,95593640.0,1191708544.0
2012-03-13,43.24,43.8,43.66,43.17,46724500.0,581687616.0
2012-03-12,43.7,43.8,43.24,42.96,70869696.0,875848128.0
2012-03-09,43.8,43.98,43.8,43.45,50386244.0,629237248.0
2012-03-08,43.63,44.01,43.63,43.42,51348544.0,640558272.0
2012-03-07,43.8,44.08,43.45,43.42,54436608.0,680404672.0
2012-03-06,44.99,44.99,44.05,43.94,77847496.0,985947648.0
2012-03-05,45.59,45.76,45.06,44.96,71204160.0,922752704.0
2012-03-02,45.2,45.73,45.66,45.06,60713472.0,788822656.0
2012-03-01,44.99,45.38,45.2,44.99,28275484.0,365423552.0
2012-02-29,45.27,45.45,45.06,44.92,52017312.0,671363072.0
2012-02-28,44.99,45.59,45.31,44.96,93061008.0,1203983360.0
2012-02-27,45.17,45.59,44.89,44.82,88034296.0,1135169280.0
2012-02-24,44.5,45.13,45.1,44.29,89662440.0,1143936256.0
2012-02-23,44.75,44.75,44.5,44.36,65599268.0,833923584.0
2012-02-22,44.82,44.82,44.75,44.19,65585852.0,833270400.0
2012-02-21,44.5,44.92,44.64,44.26,38936416.0,496018016.0
2012-02-20,45.31,45.34,44.43,44.4,49654692.0,635441472.0
2012-02-17,44.71,44.75,44.5,44.33,27399852.0,348684576.0
2012-02-16,44.47,44.82,44.26,44.12,48574036.0,615539008.0
2012-02-15,44.15,44.82,44.4,43.98,48476492.0,615152832.0
2012-02-14,44.4,44.43,44.33,44.01,44728208.0,564126720.0
2012-02-13,44.47,45.1,44.43,43.98,57035048.0,726979008.0
2012-02-10,45.24,45.59,45.13,44.82,50538732.0,652053632.0
2012-02-09,45.45,45.73,45.48,44.99,43379992.0,562029568.0
2012-02-08,44.47,45.69,45.48,44.4,43796312.0,565073280.0
2012-02-07,44.71,44.99,44.57,44.26,33547056.0,427096288.0
2012-02-06,45.48,45.73,45.03,44.57,56054580.0,721459200.0
2012-02-03,44.92,45.87,45.45,44.68,65138896.0,845123328.0
2012-02-02,43.8,45.1,45.06,43.56,58651508.0,744135872.0
2012-02-01,44.26,44.43,43.66,43.52,40128600.0,502870464.0
2012-01-31,44.47,44.78,44.29,43.91,30535748.0,386591232.0
2012-01-30,45.48,45.52,44.47,44.43,52378368.0,671158272.0
2012-01-20,44.78,45.52,45.52,44.5,74054728.0,954640960.0
2012-01-19,43.84,44.92,44.47,43.77,65060332.0,826982912.0
2012-01-18,44.47,44.71,43.84,43.52,61443584.0,772296704.0
2012-01-17,43.59,44.82,44.75,42.54,80951392.0,1012433216.0
2012-01-16,43.66,44.05,43.38,43.31,33593204.0,418936960.0
2012-01-13,44.08,44.5,43.73,43.24,48155120.0,603520192.0
2012-01-12,43.66,44.64,44.19,43.49,41419320.0,522004928.0
2012-01-11,43.98,44.29,43.73,43.45,38787032.0,484750528.0
2012-01-10,43.35,44.15,43.98,42.82,89204560.0,1114071680.0
2012-01-09,41.95,43.77,43.35,41.67,96002008.0,1181631360.0
2012-01-06,41.77,42.33,41.98,41.49,54038136.0,646295104.0
2012-01-05,40.97,42.33,41.7,40.86,84084704.0,1006814656.0
2012-01-04,41.84,42.37,40.86,40.72,52260616.0,620703168.0
2011-12-30,41.0,41.88,41.56,41.0,42877368.0,509489824.0
2011-12-29,40.37,40.93,40.83,40.16,31900992.0,369450304.0
2011-12-28,40.86,41.18,40.44,40.02,47014188.0,544702208.0
2011-12-27,40.86,41.18,40.93,40.69,32255696.0,377531968.0
2011-12-26,40.62,41.32,40.86,40.44,26645492.0,311157312.0
2011-12-23,40.9,41.53,40.93,40.58,35267900.0,413821888.0
2011-12-22,40.62,41.14,40.97,40.09,41291440.0,479151488.0
2011-12-21,41.14,41.88,40.58,40.51,39698384.0,468446048.0
2011-12-20,40.69,41.63,40.72,40.58,41819192.0,491358976.0
2011-12-19,40.2,40.93,40.79,39.46,38458276.0,440755776.0
2011-12-16,39.91,40.93,40.69,39.74,45706808.0,525062400.0
2011-12-15,40.79,41.18,39.95,39.91,43356656.0,502325984.0
2011-12-14,40.79,41.42,40.9,40.44,30408112.0,356305056.0
2011-12-13,41.88,42.02,40.83,40.62,51058776.0,602149248.0
2011-12-12,41.67,42.09,41.95,41.39,32076098.0,383094912.0
2011-12-09,41.32,41.95,41.67,41.32,35782724.0,426101024.0
2011-12-08,41.74,42.05,41.67,41.42,40248344.0,480143968.0
2011-12-07,41.25,41.95,41.63,41.14,44383860.0,527973504.0
2011-12-06,41.49,41.84,41.18,41.14,34166000.0,404861216.0
2011-12-05,41.18,41.84,41.56,40.69,51948408.0,615599552.0
2011-12-02,40.55,41.28,41.11,40.41,38206200.0,446493088.0
2011-12-01,40.62,41.77,40.79,40.44,99629480.0,1166590336.0
2011-11-30,40.27,40.44,39.25,39.15,36208632.0,410497600.0
2011-11-29,40.37,40.58,40.48,40.09,25737216.0,296483392.0
2011-11-28,40.34,40.62,40.12,39.95,25095236.0,288372192.0
2011-11-25,40.62,40.62,40.2,40.05,20753822.0,238738592.0
2011-11-24,39.91,40.76,40.55,39.91,32639600.0,377008704.0
2011-11-23,40.51,40.58,40.23,39.77,27610352.0,316909600.0
2011-11-22,39.84,40.51,40.44,39.77,28585632.0,328534176.0
2011-11-21,40.05,40.2,39.98,39.56,20878720.0,237493152.0
2011-11-18,40.3,40.76,40.02,39.77,35568968.0,408315712.0
2011-11-17,40.76,40.86,40.48,40.41,33839572.0,392361664.0
2011-11-16,41.77,41.84,40.76,40.44,56229304.0,659454208.0
2011-11-15,42.19,42.19,41.88,41.74,23329648.0,279112576.0
2011-11-14,41.95,42.54,42.23,41.77,31694808.0,381405952.0
2011-11-11,41.84,42.19,41.6,41.32,30271360.0,360964864.0
2011-11-10,42.3,42.58,41.88,41.77,40678420.0,488989728.0
2011-11-09,42.54,42.89,42.72,42.12,27911336.0,338819584.0
2011-11-08,42.19,42.65,42.4,42.05,30281584.0,366721312.0
2011-11-07,42.89,42.89,42.3,42.16,26839160.0,325681248.0
2011-11-04,43.24,43.38,42.93,42.61,37279004.0,457164448.0
2011-11-03,43.59,43.59,42.68,42.65,59635944.0,731536448.0
2011-11-02,42.02,43.38,43.35,41.88,47261456.0,576343232.0
2011-11-01,42.12,43.49,42.54,42.05,53255988.0,651811584.0
2011-10-31,43.1,43.24,42.37,42.19,50913576.0,618593536.0
2011-10-28,43.07,43.94,43.21,42.89,91980728.0,1140038016.0
2011-10-27,42.4,42.86,42.51,41.98,44089856.0,535015392.0
2011-10-26,42.3,42.65,42.12,41.98,74119112.0,896344576.0
2011-10-25,42.12,42.72,42.47,41.56,86241768.0,1038634752.0
2011-10-24,41.0,42.19,42.19,40.76,80177360.0,955623040.0
2011-10-21,40.44,41.14,40.79,40.09,42296760.0,492704000.0
2011-10-20,40.44,40.83,40.3,39.95,43347712.0,499537952.0
2011-10-19,40.65,41.11,40.76,40.48,27212250.0,316792192.0
2011-10-18,41.21,41.49,40.51,40.3,40850480.0,476284160.0
2011-10-17,40.93,41.95,41.6,40.86,63249728.0,750162944.0
2011-10-14,40.55,41.14,40.9,40.05,47011524.0,545351872.0
2011-10-13,40.48,40.79,40.69,39.98,53681928.0,621393856.0
2011-10-12,38.9,40.9,40.51,38.83,82798744.0,952485504.0
2011-10-11,39.81,40.09,39.18,38.66,72460592.0,818837120.0
2011-10-10,38.73,39.01,38.48,38.2,26532950.0,292021376.0
2011-09-30,38.66,39.42,38.73,38.59,51005396.0,568222016.0
2011-09-29,38.16,38.87,38.66,37.92,43731504.0,480333248.0
2011-09-28,38.87,39.18,38.41,38.3,24922200.0,275447808.0
2011-09-27,38.48,39.04,38.69,38.13,42284832.0,465927392.0
2011-09-26,39.01,39.56,38.16,37.99,54069872.0,596926400.0
2011-09-23,39.25,39.88,39.25,38.69,56306096.0,629316288.0
2011-09-22,40.62,40.76,39.67,39.56,54084040.0,619022144.0
2011-09-21,40.09,41.21,40.93,39.81,47294268.0,550827520.0
2011-09-20,40.23,40.44,40.05,39.74,20500924.0,234604576.0
2011-09-19,40.51,40.62,40.02,39.91,30138762.0,345454272.0
2011-09-16,40.97,41.14,40.83,40.48,35428140.0,413632576.0
2011-09-15,40.79,41.18,40.58,40.55,26375196.0,307732288.0
2011-09-14,40.97,41.11,40.65,40.16,33319946.0,386832032.0
2011-09-13,40.9,41.07,40.79,40.55,32540834.0,379196416.0
2011-09-08,41.67,41.77,41.35,41.28,28011338.0,332240896.0
2011-09-07,40.79,41.63,41.42,40.72,39818760.0,469015200.0
2011-09-06,40.51,41.18,40.62,40.23,41800912.0,484724384.0
2011-09-05,41.32,41.53,40.97,40.76,36752728.0,431142240.0
2011-09-02,41.98,42.12,41.7,41.28,31700080.0,377145824.0
2011-09-01,41.53,42.37,42.09,41.53,51720968.0,620439680.0
2011-08-31,41.39,41.95,41.49,41.14,36813860.0,436809536.0
2011-08-30,41.35,42.23,41.28,41.18,58796976.0,699691520.0
2011-08-29,41.88,41.88,41.21,40.9,72255192.0,850133376.0
2011-08-26,42.26,42.61,42.44,42.05,40715864.0,492170080.0
2011-08-25,41.04,42.89,42.61,41.0,127237560.0,1533060480.0
2011-08-24,41.42,41.77,40.76,40.72,32098712.0,378951968.0
2011-08-23,40.58,41.25,41.21,40.41,34187388.0,399552768.0
2011-08-22,40.23,41.18,40.48,40.12,36486104.0,421945760.0
2011-08-19,40.2,40.58,40.27,40.09,36594768.0,421094240.0
2011-08-18,41.74,41.95,40.72,40.62,32681206.0,385913760.0
2011-08-17,41.98,42.12,41.74,41.56,36353048.0,434332832.0
2011-08-16,41.95,42.65,41.84,41.6,68912448.0,829459584.0
2011-08-15,40.83,42.23,41.98,40.48,94709016.0,1119030656.0
2011-08-12,41.18,41.18,40.69,40.48,54753148.0,638384000.0
2011-08-11,39.74,41.11,40.86,39.56,60741780.0,704693568.0
2011-08-10,41.07,41.11,40.34,40.23,63088836.0,734433344.0
2011-08-09,39.22,40.44,40.3,38.55,101535648.0,1149224832.0
2011-08-08,40.93,41.18,40.02,39.35,94267056.0,1084623232.0
2011-08-05,41.77,41.77,41.21,41.11,99245368.0,1174633472.0
2011-08-04,42.89,43.28,42.47,42.37,48333224.0,589377536.0
2011-08-03,42.44,43.17,42.61,42.3,32229006.0,393209600.0
2011-08-02,42.54,42.79,42.68,42.19,32337060.0,391831808.0
2011-08-01,43.03,43.42,42.86,42.72,40604912.0,498769408.0
2011-07-29,42.3,43.73,43.24,42.09,86750928.0,1063529536.0
2011-07-28,42.72,42.72,42.19,42.09,75489136.0,912401728.0
2011-07-27,43.1,43.21,42.93,42.75,72612424.0,889699840.0
2011-07-26,43.24,43.66,43.24,42.96,50657724.0,626321664.0
2011-07-25,43.94,44.05,43.17,43.1,86236496.0,1071213056.0
2011-07-22,44.33,44.4,44.26,43.8,57635788.0,726367616.0
2011-07-21,44.68,44.82,44.22,44.12,81932424.0,1036559232.0
2011-07-20,45.13,45.17,44.61,44.54,64859680.0,828288768.0
2011-07-19,45.13,45.2,44.82,44.71,77469224.0,993779392.0
2011-07-18,45.55,45.83,45.45,45.38,49088208.0,638579392.0
2011-07-15,45.24,45.8,45.55,45.17,41104104.0,534507776.0
2011-07-14,45.8,45.94,45.52,45.13,71912104.0,933187328.0
2011-07-13,45.52,46.01,45.8,45.24,53137836.0,692721408.0
2011-07-12,45.9,45.9,45.38,45.1,68064648.0,882644544.0
2011-07-11,46.71,46.71,46.29,46.04,57881888.0,765076672.0
2011-07-08,46.53,47.27,46.95,46.32,59139176.0,790712384.0
2011-07-07,46.78,47.34,46.32,46.08,114718104.0,1530107264.0
2011-07-06,46.5,46.5,46.11,45.62,52994900.0,695769024.0
2011-07-05,46.88,47.2,46.5,46.29,56876052.0,758447104.0
2011-07-04,45.48,46.92,46.88,45.38,96456032.0,1273450112.0
2011-07-01,45.73,45.76,45.24,44.85,87298480.0,1127688448.0
2011-06-30,45.38,46.04,45.59,45.1,74071776.0,965357056.0
2011-06-29,46.08,46.11,45.24,44.82,79739904.0,1032977088.0
2011-06-28,46.6,46.67,46.08,45.52,53220608.0,696880320.0
2011-06-27,47.09,47.09,46.46,46.25,46197664.0,614574592.0
2011-06-24,45.76,47.09,46.81,45.66,86811464.0,1156433152.0
2011-06-23,45.34,46.22,45.97,44.96,35041468.0,454936896.0
2011-06-22,45.45,45.76,45.38,45.2,27237836.0,353638976.0
2011-06-21,44.99,45.55,45.27,44.64,35087912.0,453801024.0
2011-06-20,44.75,45.13,44.82,44.47,26222004.0,335005376.0
2011-06-17,44.61,45.13,44.57,44.47,27880334.0,356450176.0
2011-06-16,44.85,44.89,44.57,44.4,23380462.0,298141664.0
2011-06-15,45.17,45.52,44.96,44.82,23284410.0,299419264.0
2011-06-14,44.99,45.8,45.17,44.92,42184392.0,546605056.0
2011-06-13,44.54,45.34,44.92,44.12,25278136.0,323139872.0
2011-06-10,44.75,44.82,44.75,44.22,38630288.0,491407552.0
2011-06-09,45.12,45.19,44.37,44.34,42846692.0,559478784.0
2011-06-08,45.98,45.98,45.3,44.51,67581792.0,886466816.0
2011-06-07,45.6,46.08,45.95,45.47,22311388.0,298550848.0
2011-06-03,45.47,45.91,45.81,45.12,31611268.0,420003072.0
2011-06-02,46.87,46.87,45.43,45.02,122061736.0,1624942208.0
2011-06-01,47.42,47.69,47.25,47.14,38973264.0,539979456.0
2011-05-31,47.28,47.69,47.62,46.84,55729776.0,768496384.0
2011-05-27,46.7,47.69,47.21,46.53,56367324.0,774696000.0
2011-05-26,46.94,47.04,46.53,46.49,26485988.0,361555072.0
2011-05-25,47.28,47.55,46.53,46.42,32806920.0,450232864.0
2011-05-24,47.49,47.76,47.35,47.28,32163362.0,446632768.0
2011-05-23,48.62,48.72,47.62,47.21,43292356.0,605028224.0
2011-05-20,48.58,49.4,48.85,48.44,44220596.0,633299264.0
2011-05-19,49.06,49.2,48.72,48.72,29830448.0,426866560.0
2011-05-18,47.97,49.27,48.96,47.93,45618884.0,651189312.0
2011-05-17,47.52,48.44,48.14,47.11,38671728.0,541013952.0
2011-05-16,47.86,48.62,47.52,47.42,39913980.0,560148288.0
2011-05-13,47.62,48.24,48.14,47.28,39527552.0,550546496.0
2011-05-12,47.86,48.14,47.69,47.59,27520332.0,384622464.0
2011-05-11,48.55,48.62,48.03,47.93,24115192.0,339926624.0
2011-05-10,48.1,48.82,48.48,47.73,29700356.0,419991552.0
2011-05-09,48.2,48.41,47.93,47.76,27751488.0,389755936.0
2011-05-06,47.93,48.65,48.07,47.42,53093176.0,746452736.0
2011-05-05,48.0,48.68,48.27,47.69,52612080.0,739726848.0
2011-05-04,49.16,49.64,48.1,47.93,69988432.0,992113984.0
2011-05-03,49.61,49.81,49.37,48.99,31127794.0,449474304.0
2011-04-29,50.5,50.63,49.51,48.27,85810792.0,1238689408.0
2011-04-28,50.09,51.35,50.26,49.98,81865272.0,1211753344.0
2011-04-27,50.53,51.18,49.81,49.47,76664688.0,1129952512.0
2011-04-26,50.29,50.67,50.36,49.98,74674896.0,1098458496.0
2011-04-25,49.95,50.98,50.12,49.68,72494088.0,1063584448.0
2011-04-22,50.12,50.57,50.16,49.71,35329792.0,517354336.0
2011-04-21,50.4,50.77,50.16,49.92,66416892.0,974818176.0
2011-04-20,50.91,51.22,50.19,49.68,77533288.0,1138480640.0
2011-04-19,51.39,51.66,50.77,50.67,62974060.0,939570368.0
2011-04-18,51.56,52.21,51.77,51.35,62573080.0,944076032.0
2011-04-15,52.01,52.86,51.97,51.53,70726480.0,1076534784.0
2011-04-14,52.59,53.17,52.42,52.21,123436352.0,1902494336.0
2011-04-13,50.33,52.52,52.45,50.33,111569264.0,1676616832.0
2011-04-12,51.12,51.73,50.7,50.43,70720024.0,1051558720.0
2011-04-11,51.01,52.38,51.29,51.01,138954912.0,2099312128.0
2011-04-08,50.6,51.18,51.08,50.36,67797480.0,1007369152.0
2011-04-07,50.67,51.08,50.67,50.33,102646536.0,1521323520.0
2011-04-06,49.3,50.94,50.7,49.3,171762544.0,2530008576.0
2011-04-01,47.86,49.47,49.06,47.66,98685200.0,1407150720.0
2011-03-31,48.92,48.99,48.24,48.1,71417888.0,1011476928.0
2011-03-30,48.89,49.74,48.89,48.65,85822360.0,1232672384.0
2011-03-29,48.62,49.98,48.99,48.27,134519296.0,1934315904.0
2011-03-28,49.13,50.05,48.72,48.55,100437624.0,1447242240.0
2011-03-25,48.03,49.3,48.96,47.93,120271096.0,1719538816.0
2011-03-24,48.14,48.2,47.93,47.62,56794096.0,793623552.0
2011-03-23,47.28,48.27,48.1,47.04,93674744.0,1310343296.0
2011-03-22,46.56,47.49,47.42,45.95,85747912.0,1176642560.0
2011-03-21,46.15,46.73,46.39,46.01,55499356.0,752686272.0
2011-03-18,46.63,46.84,45.91,45.7,69249400.0,936462272.0
2011-03-17,46.46,46.56,46.25,45.88,60420560.0,815232320.0
2011-03-16,46.36,47.42,46.94,46.01,75560104.0,1029474176.0
2011-03-15,46.56,46.84,46.19,45.6,107876560.0,1454391936.0
2011-03-14,46.56,47.18,46.94,46.42,65739144.0,897940736.0
2011-03-11,47.66,47.9,46.77,46.49,109841296.0,1512829312.0
2011-03-10,49.03,49.13,47.9,47.66,124087888.0,1750290816.0
2011-03-09,49.2,49.92,49.23,49.06,109743296.0,1588328832.0
2011-03-08,48.62,49.78,48.96,48.34,112446480.0,1611304448.0
2011-03-07,49.03,49.92,48.72,48.27,177077408.0,2536417024.0
2011-03-04,48.55,49.09,48.68,47.62,197261008.0,2789248256.0
2011-03-03,46.46,49.27,48.03,46.25,399308576.0,5586884096.0
2011-03-02,44.51,46.66,46.12,44.44,226096544.0,3029627392.0
2011-03-01,44.2,45.67,44.85,44.06,124778376.0,1633085440.0
2011-02-28,43.79,44.3,44.06,43.38,69582752.0,892379264.0
2011-02-25,43.51,44.06,43.65,43.34,49085788.0,626193472.0
2011-02-24,43.34,43.72,43.41,43.17,52932080.0,670747776.0
2011-02-23,43.55,43.72,43.41,43.21,54397600.0,689931008.0
2011-02-22,44.85,44.85,43.55,43.34,121525656.0,1556214144.0
2011-02-21,44.51,44.85,44.78,44.16,59996420.0,779859968.0
2011-02-18,44.95,45.12,44.88,44.51,55894224.0,732500544.0
2011-02-17,44.92,45.71,44.92,44.61,70754384.0,932086592.0
2011-02-16,45.02,45.19,44.92,44.44,79042328.0,1031728576.0
2011-02-15,45.36,45.74,45.16,45.02,108538768.0,1438854656.0
2011-02-14,43.55,45.5,45.4,43.55,146385344.0,1910514176.0
2011-02-11,43.48,43.79,43.51,43.17,61000768.0,773509568.0
2011-02-10,43.14,43.62,43.51,42.86,46488672.0,588451392.0
2011-02-09,43.38,43.72,43.14,43.03,58829216.0,745910336.0
2011-02-01,43.31,43.62,43.48,43.17,40211020.0,509422752.0
2011-01-31,43.1,43.41,43.24,43.07,48455684.0,611798464.0
2011-01-28,43.31,43.51,43.1,42.86,66406476.0,835307136.0
2011-01-27,43.14,43.58,43.51,42.76,70707560.0,891864192.0
2011-01-26,43.38,43.65,43.51,43.31,23768928.0,301774560.0
2011-01-25,43.24,43.65,43.24,42.97,52215792.0,660597696.0
2011-01-24,43.48,43.72,43.07,43.0,49438224.0,624077120.0
2011-01-21,42.9,44.47,43.51,42.83,62191244.0,793177472.0
2011-01-20,43.69,43.69,42.86,42.8,56788716.0,714769664.0
2011-01-19,43.48,43.82,43.72,43.14,47144160.0,598577856.0
2011-01-18,43.58,43.72,43.38,43.17,53990208.0,684464704.0
2011-01-17,44.47,44.75,43.51,43.21,77156600.0,991616448.0
2011-01-14,45.05,45.33,44.68,44.64,50536492.0,662003456.0
2011-01-13,45.47,45.64,45.19,44.92,59516448.0,786701568.0
2011-01-12,45.09,45.57,45.43,44.75,71991088.0,950345216.0
2011-01-11,44.37,45.43,45.16,44.34,80178640.0,1050831168.0
2011-01-10,45.33,45.77,44.58,44.51,89439104.0,1177812992.0
2011-01-07,44.16,46.39,45.36,43.89,184177856.0,2440982528.0
2011-01-06,44.44,44.88,44.16,43.89,63620992.0,823324480.0
2011-01-05,44.47,44.88,44.41,44.23,72626096.0,944910528.0
2011-01-04,44.2,44.81,44.58,43.75,98498448.0,1276763392.0
