date,open,high,close,low,volume,amount
2015-12-31,152.61,152.61,150.55,150.47,27936138.0,513758894.0
2015-12-30,154.18,154.75,153.02,150.88,35687385.0,660326971.0
2015-12-29,153.52,155.91,154.42,151.54,47288465.0,883333858.0
2015-12-28,159.62,160.11,154.09,153.44,49980698.0,945164680.0
2015-12-25,156.73,160.52,159.2,155.99,55427897.0,1069153871.0
2015-12-24,155.33,157.72,156.9,153.85,57171552.0,1083459072.0
2015-12-23,155.82,157.64,155.58,153.35,66128172.0,1249610496.0
2015-12-22,156.65,158.96,155.74,154.67,53122744.0,1006796481.0
2015-12-21,154.84,159.86,157.72,152.78,82490080.0,1567681280.0
2015-12-18,152.36,163.16,155.0,151.87,92211920.0,1753311872.0
2015-12-17,150.47,153.35,152.36,149.97,53304072.0,983362560.0
2015-12-16,151.29,152.03,149.81,149.23,38700640.0,705621184.0
2015-12-15,151.95,155.08,150.88,149.73,51685772.0,950672896.0
2015-12-14,150.88,153.52,152.03,148.57,70736960.0,1290712960.0
2015-12-11,156.65,158.38,153.27,151.87,87066824.0,1630390272.0
2015-12-10,159.37,163.82,158.79,157.47,57091312.0,1108934528.0
2015-12-09,161.35,161.35,158.46,157.47,92049465.0,1776578423.0
2015-12-08,158.87,165.8,165.63,155.0,239884944.0,4764109312.0
2015-12-07,154.18,160.69,160.28,154.18,83346816.0,1592198369.0
2015-12-04,158.79,158.79,154.18,154.01,70275848.0,1331588224.0
2015-12-03,162.34,162.91,158.63,158.38,110346329.0,2147606954.0
2015-12-02,152.53,164.81,163.57,152.28,153608080.0,2972239104.0
2015-12-01,151.21,156.57,153.93,148.99,63430576.0,1179526363.0
2015-11-30,151.95,155.0,153.68,145.03,97633824.0,1779188224.0
2015-11-27,157.88,160.03,152.69,151.62,105608736.0,1999981184.0
2015-11-26,160.69,162.34,159.62,158.21,214944240.0,4187889920.0
2015-11-25,155.74,162.17,162.09,151.95,326524768.0,6295983616.0
2015-11-24,155.74,157.56,156.98,153.19,129389144.0,2437634560.0
2015-11-23,152.53,157.64,157.06,151.95,171203792.0,3235638528.0
2015-11-20,146.76,153.52,152.2,146.51,148206208.0,2733449216.0
2015-11-19,142.56,148.24,147.5,142.56,102543448.0,1821483136.0
2015-11-18,143.96,145.69,143.3,142.06,57584576.0,1003785408.0
2015-11-17,143.88,146.76,143.71,143.55,63539280.0,1119712512.0
2015-11-16,142.89,144.87,143.55,141.73,45144664.0,785563840.0
2015-11-13,141.73,145.03,144.87,141.32,73433152.0,1283306240.0
2015-11-12,146.68,146.93,143.05,141.32,77790160.0,1353612928.0
2015-11-11,151.71,152.36,146.1,144.21,92130224.0,1643831040.0
2015-11-10,148.33,154.01,151.38,146.84,140427136.0,2575229696.0
2015-11-09,147.67,158.13,149.56,147.34,157820064.0,2925510400.0
2015-11-06,144.37,149.81,147.34,144.29,127594224.0,2277276160.0
2015-11-05,138.85,148.9,145.94,138.03,231799696.0,4077390336.0
2015-11-04,135.39,139.43,138.77,135.39,65053992.0,1086409856.0
2015-11-03,135.14,138.19,135.64,134.89,60485064.0,1005503936.0
2015-11-02,134.32,136.13,135.22,133.66,38122792.0,625014464.0
2015-10-30,135.97,137.45,135.06,134.98,45465416.0,750144832.0
2015-10-29,134.32,137.04,136.71,133.74,75760568.0,1251114496.0
2015-10-28,133.99,136.29,134.4,132.59,74226288.0,1217460736.0
2015-10-27,133.74,135.55,134.48,133.08,74934000.0,1223267200.0
2015-10-26,132.09,136.54,134.15,132.09,101041056.0,1648964992.0
2015-10-14,130.28,132.59,131.02,130.28,44297812.0,706211840.0
2015-10-13,131.68,132.75,131.6,130.61,54698800.0,873290880.0
2015-10-12,131.02,133.91,132.34,129.62,93633304.0,1497165824.0
2015-10-09,131.6,133.08,131.02,130.61,41525836.0,663144768.0
2015-10-08,138.44,138.44,130.77,130.44,140057152.0,2277284608.0
2015-09-30,131.43,137.2,137.04,131.02,211038128.0,3452096768.0
2015-09-29,130.12,131.76,131.6,129.13,114190256.0,1807681536.0
2015-09-28,128.14,131.52,131.19,127.07,91425816.0,1436492544.0
2015-09-25,124.84,128.71,128.47,124.84,136070896.0,2096781824.0
2015-09-24,123.19,126.08,125.83,122.53,78862576.0,1192962816.0
2015-09-23,122.86,123.61,123.19,120.97,54580632.0,810914240.0
2015-09-22,123.36,125.5,124.02,123.36,38673836.0,584644928.0
2015-09-21,123.28,124.27,123.36,122.29,40488316.0,604841984.0
2015-09-18,124.92,126.0,123.85,123.77,40899248.0,619915776.0
2015-09-17,126.41,127.4,124.51,124.43,50848656.0,778452736.0
2015-09-16,126.16,130.2,127.15,123.85,74128984.0,1135218688.0
2015-09-15,127.97,128.14,127.4,125.58,107602456.0,1658227584.0
2015-09-14,127.72,131.43,131.27,123.03,183936608.0,2836987904.0
2015-09-11,126.49,129.04,128.22,126.08,288708544.0,4469128192.0
2015-09-10,124.1,125.83,125.67,123.28,205749024.0,3113081088.0
2015-09-09,122.86,125.83,124.92,122.86,241917536.0,3653652224.0
2015-09-08,119.65,124.92,124.1,117.18,330814208.0,4893450752.0
2015-09-07,121.38,123.69,119.48,116.68,287948640.0,4206785536.0
2015-09-02,122.78,126.65,122.7,121.3,255045280.0,3831534848.0
2015-09-01,120.8,126.41,126.33,118.74,304904704.0,4572547072.0
2015-08-31,117.01,123.44,123.28,115.03,202628512.0,2902670592.0
2015-08-28,116.19,118.0,117.34,114.13,208950960.0,2942159360.0
2015-08-27,108.44,116.11,115.2,106.96,212008800.0,2835655168.0
2015-08-26,104.24,110.01,107.29,102.18,235214592.0,3028238592.0
2015-08-25,103.33,107.78,102.1,98.14,289470688.0,3659079680.0
2015-08-24,114.79,114.95,106.05,105.48,334859424.0,4407389696.0
2015-08-21,120.39,121.46,117.18,117.01,123792816.0,1794884608.0
2015-08-20,123.11,123.52,120.97,120.8,88124784.0,1309322496.0
2015-08-19,122.53,125.01,123.61,119.48,199062096.0,2952584704.0
2015-08-18,126.49,127.89,122.53,122.2,198445216.0,3032249600.0
2015-08-17,126.98,126.98,126.24,125.42,120892080.0,1851641728.0
2015-08-14,127.48,128.06,127.64,126.65,66356008.0,1025758720.0
2015-08-13,127.48,128.22,127.31,126.0,74034208.0,1141661440.0
2015-08-12,126.9,128.55,126.82,126.74,79184360.0,1225370368.0
2015-08-11,129.37,129.78,128.3,127.81,105104120.0,1642256896.0
2015-08-10,127.31,130.69,130.03,126.49,116938208.0,1823777024.0
2015-08-07,128.38,128.88,127.48,126.82,65302256.0,1014250624.0
2015-08-06,124.92,128.3,126.74,124.76,65377996.0,1007550208.0
2015-08-05,128.55,128.88,126.16,125.83,58185880.0,899150912.0
2015-08-04,127.56,129.13,128.71,126.74,85154368.0,1320993024.0
2015-08-03,123.52,128.55,128.14,122.45,212367136.0,3246435584.0
2015-07-31,123.36,124.92,124.18,120.72,234941264.0,3516273920.0
2015-07-30,126.0,126.57,122.78,122.62,118921720.0,1807407744.0
2015-07-29,125.42,126.08,126.0,124.59,135858704.0,2063868160.0
2015-07-28,120.97,126.9,125.58,120.47,246095088.0,3717225984.0
2015-07-27,131.84,132.67,122.86,122.29,225091584.0,3515372544.0
2015-07-24,135.39,135.88,133.0,132.92,123609176.0,2016987520.0
2015-07-23,133.82,136.05,135.39,133.33,114525472.0,1878869120.0
2015-07-22,134.56,134.98,133.16,133.08,120352704.0,1956978816.0
2015-07-21,136.62,137.78,134.98,134.32,156268256.0,2572676352.0
2015-07-20,140.09,140.33,137.45,137.2,172918160.0,2908824576.0
2015-07-17,140.33,141.65,140.25,139.1,195927584.0,3336786176.0
2015-07-16,140.66,141.07,139.76,137.7,181402592.0,3069471232.0
2015-07-15,137.61,141.16,140.66,136.05,348253536.0,5845359104.0
2015-07-14,138.27,139.92,138.03,134.81,305725792.0,5111292928.0
2015-07-13,140.0,144.04,140.41,138.52,372594656.0,6364720128.0
2015-07-10,138.11,149.56,142.39,137.2,647768576.0,11376343040.0
2015-07-09,131.43,143.38,139.67,126.74,545237248.0,8927542272.0
2015-07-08,133.49,144.21,131.43,130.28,837950400.0,13833635840.0
2015-07-07,139.59,146.84,144.78,135.64,713763520.0,12379047936.0
2015-07-06,143.38,143.88,141.9,137.04,659421888.0,11195523072.0
2015-07-03,135.06,137.12,130.77,124.43,312701056.0,5041249792.0
2015-07-02,135.97,138.69,134.9,130.28,322264864.0,5297602560.0
2015-07-01,138.52,139.51,134.48,133.49,250556000.0,4180149248.0
2015-06-30,131.27,139.92,139.76,131.1,375411264.0,6204981760.0
2015-06-29,134.32,136.21,131.1,122.04,420675680.0,6723070976.0
2015-06-26,135.39,140.75,130.61,126.33,361776736.0,5893832704.0
2015-06-25,145.03,146.18,137.7,137.2,271649024.0,4704733184.0
2015-06-24,140.33,142.56,142.15,136.62,257825312.0,4364353024.0
2015-06-23,135.55,140.83,140.25,133.82,297748896.0,4966949376.0
2015-06-19,138.7,141.62,134.67,132.86,278090208.0,4894778880.0
2015-06-18,142.72,143.98,139.8,139.17,278296736.0,4980064768.0
2015-06-17,145.88,149.74,143.59,141.62,513118656.0,9419105280.0
2015-06-05,149.9,151.24,145.4,142.17,362420160.0,6742854144.0
2015-06-04,142.01,148.32,146.98,138.7,471864928.0,8635099136.0
2015-06-03,141.14,142.41,141.22,138.38,244139680.0,4338757632.0
2015-06-02,141.46,141.77,140.75,138.06,224935536.0,4001574400.0
2015-06-01,134.44,142.64,141.46,133.02,286379264.0,5015007232.0
2015-05-29,134.75,136.88,134.44,131.83,256087312.0,4370819072.0
2015-05-28,142.8,143.12,134.44,134.2,334032224.0,5908534784.0
2015-05-27,145.48,147.14,142.56,142.41,296942304.0,5444651008.0
2015-05-26,143.75,145.56,145.09,141.3,301665312.0,5504873472.0
2015-05-25,140.83,143.43,143.12,140.75,273874752.0,4942206976.0
2015-05-22,137.75,140.35,140.12,136.8,248087536.0,4379120128.0
2015-05-21,136.09,137.28,136.65,134.91,166403488.0,2873100288.0
2015-05-20,134.44,137.99,135.3,133.88,265675712.0,4567803904.0
2015-05-19,129.15,134.83,134.44,128.99,242251264.0,4080429312.0
2015-05-18,131.12,132.23,129.23,128.91,187555200.0,3106379520.0
2015-05-15,133.41,134.67,132.38,130.89,209597264.0,3526291456.0
2015-05-14,134.91,136.09,134.04,133.65,192361952.0,3283133184.0
2015-05-13,136.72,137.2,134.67,133.33,245244496.0,4198950144.0
2015-05-12,136.09,137.28,136.01,134.44,219176336.0,3768388864.0
2015-05-11,133.96,136.57,136.25,132.46,277153440.0,4711900672.0
2015-05-08,135.62,136.49,134.99,132.7,184560000.0,3151167744.0
2015-05-07,134.36,136.33,134.67,133.96,214390704.0,3674226176.0
2015-05-06,134.75,138.15,134.59,133.88,303607872.0,5225100288.0
2015-05-05,139.88,140.04,134.75,132.94,375386432.0,6483575808.0
2015-05-04,142.01,142.01,140.51,138.85,258064560.0,4597699072.0
2015-04-30,144.22,145.64,142.56,142.41,412760512.0,7523663360.0
2015-04-29,144.14,147.22,146.19,142.48,358393728.0,6591915008.0
2015-04-28,143.9,149.9,144.38,142.01,600054016.0,11100684288.0
2015-04-27,139.8,143.98,143.35,139.8,384541408.0,6942247936.0
2015-04-24,140.43,142.25,139.49,137.75,422927104.0,7509013504.0
2015-04-23,145.96,147.06,143.75,142.88,363593632.0,6675542016.0
2015-04-22,144.38,146.35,145.96,142.64,420766752.0,7712130560.0
2015-04-21,140.04,143.51,143.27,140.04,368194688.0,6615540736.0
2015-04-20,147.69,147.69,141.22,138.85,572435840.0,10446728192.0
2015-04-17,149.5,150.29,146.74,145.72,490159328.0,9167363072.0
2015-04-16,141.77,147.3,147.14,140.83,415984576.0,7577393152.0
2015-04-15,140.43,145.56,141.69,139.72,449643904.0,8170773504.0
2015-04-14,142.25,142.33,141.14,138.54,372837056.0,6640484864.0
2015-04-13,141.93,145.8,142.25,139.01,581406592.0,10470524928.0
2015-04-10,133.02,138.62,138.3,132.23,451543456.0,7772119552.0
2015-04-09,134.51,137.91,133.09,132.54,497335456.0,8497436160.0
2015-04-08,131.99,134.44,134.28,129.78,514816384.0,8633478144.0
2015-04-07,130.18,133.09,131.83,129.78,502260192.0,8372655104.0
2015-04-03,126.23,128.52,127.81,125.68,320361504.0,5171218944.0
2015-04-02,128.6,129.23,127.65,125.21,410087648.0,6611462144.0
2015-04-01,124.58,127.34,125.84,124.26,305878368.0,4868332032.0
2015-03-31,130.02,130.81,124.58,124.18,494049248.0,7990395392.0
2015-03-30,122.68,127.81,126.39,121.81,487442656.0,7735007744.0
2015-03-27,120.87,122.68,121.18,119.68,218174976.0,3350088448.0
2015-03-26,119.53,122.92,121.18,118.66,282340704.0,4326755840.0
2015-03-25,123.08,124.02,120.23,119.53,331730336.0,5108990976.0
2015-03-24,125.36,126.23,123.79,123.08,324657536.0,5114146816.0
2015-03-23,124.81,126.55,125.52,124.42,357592736.0,5692416000.0
2015-03-20,123.23,126.94,124.26,121.26,456531232.0,7180731392.0
2015-03-19,125.28,125.36,123.39,122.92,316770912.0,4978776064.0
2015-03-18,122.84,125.28,125.28,121.73,354655136.0,5558613504.0
2015-03-17,123.08,123.71,122.6,121.18,309677632.0,4797833728.0
2015-03-16,122.76,123.15,122.05,119.92,316116672.0,4867224576.0
2015-03-13,119.84,124.65,120.63,118.97,440178368.0,6789040640.0
2015-03-12,115.58,122.76,119.29,115.03,632781888.0,9512030208.0
2015-03-11,111.79,114.87,112.42,111.79,215069728.0,3087509504.0
2015-03-10,112.98,113.37,111.24,111.0,254844768.0,3623305472.0
2015-03-09,108.95,115.97,114.48,107.38,434801472.0,6170955264.0
2015-03-06,107.14,108.72,107.53,106.82,128036368.0,1750570368.0
2015-03-05,109.19,109.19,107.14,106.59,226504576.0,3090569728.0
2015-03-04,110.85,111.0,109.74,109.27,156596000.0,2183814656.0
2015-03-03,113.92,113.92,110.45,110.3,266372416.0,3766071296.0
2015-03-02,115.03,115.03,114.24,113.29,218763280.0,3159377664.0
2015-02-27,115.19,116.76,114.63,114.24,195606864.0,2861206528.0
2015-02-26,112.42,115.82,115.34,111.32,215013984.0,3104052224.0
2015-02-25,114.24,114.4,112.66,111.87,140932576.0,2025174400.0
2015-02-17,113.77,115.03,114.16,113.69,120665264.0,1747213056.0
2015-02-16,113.84,114.08,113.61,112.5,139220032.0,1995677440.0
2015-02-13,114.4,115.74,113.84,113.21,208366816.0,3023274240.0
2015-02-12,113.77,113.84,113.21,111.32,148954144.0,2121808256.0
2015-02-11,113.84,114.71,113.77,112.9,124127096.0,1789572992.0
2015-02-10,111.64,114.24,113.84,111.08,183693520.0,2629916416.0
2015-02-09,110.93,112.58,111.72,109.27,224585504.0,3155932160.0
2015-02-06,111.16,112.98,111.16,110.06,186547520.0,2637144064.0
2015-02-05,116.37,116.76,111.87,111.79,394332704.0,5742890496.0
2015-02-04,114.4,115.11,111.87,111.4,167896224.0,2421384704.0
2015-02-03,112.11,114.08,114.0,110.61,196263568.0,2792706816.0
2015-02-02,110.93,112.5,110.77,110.37,211617680.0,2989272576.0
2015-01-30,115.03,115.9,114.16,113.29,207865328.0,3021747712.0
2015-01-29,115.03,115.82,113.77,112.98,266968080.0,3864614144.0
2015-01-28,116.92,119.21,116.84,115.66,242203056.0,3592645120.0
2015-01-27,121.81,121.81,118.42,116.37,351914016.0,5286301696.0
2015-01-26,122.76,123.0,121.73,119.37,268566912.0,4122351616.0
2015-01-23,124.18,126.55,123.31,122.6,320043008.0,5044685824.0
2015-01-22,124.1,124.34,123.31,121.1,294738272.0,4592023040.0
2015-01-21,119.13,125.21,124.18,116.84,487540384.0,7489943040.0
2015-01-20,117.39,119.68,118.34,115.03,479215744.0,7142638592.0
2015-01-19,121.34,124.1,116.92,116.92,623520896.0,9496942592.0
2015-01-16,128.12,132.15,129.94,127.49,480245888.0,7938758144.0
2015-01-15,122.21,127.42,127.18,121.42,329826848.0,5216166912.0
2015-01-14,120.79,124.58,122.21,120.79,309018848.0,4812472320.0
2015-01-13,119.37,121.58,119.76,119.13,178404960.0,2712026624.0
2015-01-12,122.29,123.94,120.08,117.95,367787264.0,5625726976.0
2015-01-09,119.92,128.2,121.73,119.21,491999936.0,7692348416.0
2015-01-08,125.21,125.28,120.31,119.92,330627168.0,5101310464.0
2015-01-07,125.44,127.57,124.73,122.52,385716832.0,6114241024.0
2015-01-06,126.23,131.6,127.26,124.81,511684544.0,8311085056.0
2015-01-05,125.28,128.2,126.78,122.76,513568704.0,8182820864.0
2014-12-31,121.89,124.58,123.79,119.21,468832352.0,7271524864.0
2014-12-30,117.95,122.29,121.18,117.0,443655552.0,6774519296.0
2014-12-29,121.5,125.28,117.95,116.05,625216128.0,9556435968.0
2014-12-26,112.82,117.08,116.53,111.95,466983136.0,6790353408.0
2014-12-25,108.48,112.58,112.42,106.75,455721920.0,6359588352.0
2014-12-24,111.32,112.03,106.19,105.01,417579552.0,5715187712.0
2014-12-23,113.61,118.19,111.32,111.08,441578784.0,6398625280.0
2014-12-22,111.87,119.92,115.82,111.56,683449536.0,10043569152.0
2014-12-19,110.14,112.03,111.16,107.53,436244224.0,6099396096.0
2014-12-18,112.19,113.14,109.58,108.17,499627840.0,7010663936.0
2014-12-17,106.43,113.53,111.32,105.17,869703616.0,12037657600.0
2014-12-16,100.2,104.93,104.85,99.8,438688000.0,5706439680.0
2014-12-15,100.98,101.14,100.67,98.3,335025408.0,4232421888.0
2014-12-12,102.96,105.56,102.41,100.83,310558752.0,4067040256.0
2014-12-11,102.25,106.9,102.96,101.38,442571168.0,5847503360.0
2014-12-10,100.2,104.54,103.83,96.33,620272384.0,7901267968.0
2014-12-09,106.98,111.72,99.8,98.3,869193792.0,11788051456.0
2014-12-08,105.64,110.77,108.95,104.14,703922496.0,9622363136.0
2014-12-05,105.88,110.45,106.75,101.77,859647616.0,11553890304.0
2014-12-04,99.25,104.93,104.69,97.59,720041664.0,9307945984.0
2014-12-03,101.3,104.85,99.25,97.2,730561472.0,9380076544.0
2014-12-02,94.91,103.19,101.54,94.91,589371008.0,7404591104.0
2014-12-01,98.22,102.41,95.94,95.62,607270336.0,7590567424.0
2014-11-28,90.97,98.46,97.83,90.57,832183232.0,9950390272.0
2014-11-27,90.57,92.47,90.57,88.99,439738272.0,5062406656.0
2014-11-26,88.76,90.18,89.31,87.57,452263360.0,5092828672.0
2014-11-25,85.28,87.49,87.42,84.81,289490080.0,3159162368.0
2014-11-24,83.39,86.7,85.68,82.44,474049920.0,5090821632.0
2014-11-21,83.47,85.36,85.13,82.52,209997648.0,2234174976.0
2014-11-20,82.44,84.1,83.39,81.81,162402496.0,1709647488.0
2014-11-19,82.29,83.16,82.6,81.97,145326640.0,1518565376.0
2014-11-18,84.81,85.21,82.44,82.29,254900896.0,2687326976.0
2014-11-17,86.31,87.42,84.81,84.65,214519840.0,2329015808.0
2014-11-14,85.84,86.63,86.0,84.81,198414352.0,2154897408.0
2014-11-13,87.57,89.78,86.31,85.68,371264000.0,4115769344.0
2014-11-12,85.6,87.34,87.18,84.73,271038560.0,2961655296.0
2014-11-11,83.79,88.84,86.15,83.79,653738944.0,7163875328.0
2014-11-10,83.08,85.28,83.23,82.21,489376864.0,5168943616.0
2014-11-07,78.97,81.97,80.31,78.74,407114112.0,4155058176.0
2014-11-06,78.97,79.21,79.13,78.5,101863096.0,1018619328.0
2014-11-05,79.53,79.76,78.82,78.58,157561424.0,1578932480.0
2014-11-04,80.47,80.47,79.45,79.05,163212640.0,1645394560.0
2014-11-03,80.87,81.1,80.16,79.68,248371616.0,2525984256.0
2014-10-31,77.95,81.89,80.47,77.71,491064704.0,4953082880.0
2014-10-30,76.69,77.71,77.4,76.13,176780528.0,1722710656.0
2014-10-29,75.82,76.92,76.53,75.5,161050640.0,1555123968.0
2014-10-28,74.95,75.82,75.66,74.95,101044056.0,965189376.0
2014-10-27,75.26,75.34,74.09,73.54,138929488.0,1323460352.0
2014-10-24,76.44,76.59,75.73,75.57,108312656.0,1054022656.0
2014-10-23,76.51,77.3,76.28,76.04,118416320.0,1159897472.0
2014-10-22,76.59,77.3,76.51,76.28,91092136.0,893481664.0
2014-10-21,77.37,77.53,76.51,76.36,105290640.0,1034461888.0
2014-10-20,77.69,77.84,77.45,76.83,114718760.0,1133473920.0
2014-10-17,77.3,78.23,77.06,76.28,161019856.0,1588282368.0
2014-10-16,76.2,78.55,77.37,75.89,296366848.0,2936900096.0
2014-10-15,76.04,77.06,76.59,75.42,133922264.0,1304901632.0
2014-10-14,76.04,76.83,76.04,75.81,84002904.0,818017664.0
2014-10-13,76.59,76.9,76.12,75.73,109831216.0,1069089792.0
2014-10-10,76.67,77.53,76.9,76.43,133030184.0,1308626432.0
2014-10-09,77.06,77.76,77.06,76.75,130968216.0,1293022464.0
2014-10-08,76.51,77.06,76.98,76.12,142724448.0,1398725120.0
2014-09-30,76.51,76.67,76.28,75.89,105093280.0,1023862464.0
2014-09-29,76.28,76.75,76.36,76.04,121763016.0,1188241024.0
2014-09-26,75.81,76.2,76.04,75.42,80598328.0,781818048.0
2014-09-25,76.59,76.9,75.97,75.73,137216320.0,1340440576.0
2014-09-24,75.18,76.59,76.36,75.03,152637328.0,1480725888.0
2014-09-23,75.18,75.81,75.34,75.1,88224152.0,850252160.0
2014-09-22,76.9,76.9,75.18,75.18,155546880.0,1505934080.0
2014-09-19,76.04,77.53,77.06,75.89,286004768.0,2816151296.0
2014-09-18,74.79,76.28,76.12,74.56,218993872.0,2119148544.0
2014-09-17,75.34,75.57,74.87,74.56,116577448.0,1116528128.0
2014-09-16,75.5,76.36,75.26,75.03,222751520.0,2154511872.0
2014-09-15,74.79,75.42,75.1,74.4,99444464.0,950656320.0
2014-09-12,75.18,75.18,75.1,74.56,80296496.0,768304384.0
2014-09-11,75.1,76.12,75.1,74.87,119763192.0,1152957952.0
2014-09-10,75.5,75.57,75.03,74.87,111659512.0,1073076800.0
2014-09-09,76.28,76.83,75.89,75.73,123866064.0,1205605760.0
2014-09-05,76.12,76.51,76.2,75.81,126925904.0,1234562048.0
2014-09-04,75.89,76.04,75.97,75.34,98919200.0,956753792.0
2014-09-03,75.34,76.2,75.73,75.26,128588112.0,1244849664.0
2014-09-02,74.4,75.34,75.1,74.01,128705728.0,1227884288.0
2014-09-01,74.24,74.48,74.24,73.85,68578080.0,650654464.0
2014-08-29,73.54,74.17,74.09,73.23,53881604.0,507394720.0
2014-08-28,73.93,73.93,73.23,73.23,70289160.0,661133056.0
2014-08-27,73.93,74.32,73.93,73.78,54628768.0,516864192.0
2014-08-26,73.77,74.32,74.01,73.62,85213616.0,804802432.0
2014-08-25,74.48,74.56,73.85,73.7,90596112.0,856940032.0
2014-08-22,74.32,74.95,74.64,74.09,76885744.0,733185600.0
2014-08-21,75.42,75.5,74.32,73.77,118057184.0,1123688960.0
2014-08-20,75.97,75.97,75.42,75.34,70135544.0,677452352.0
2014-08-19,76.51,76.51,75.97,75.42,99796160.0,968114304.0
2014-08-18,75.81,76.75,76.04,75.65,96111664.0,933999552.0
2014-08-15,75.34,75.89,75.73,74.95,83507840.0,806096128.0
2014-08-14,75.34,75.73,75.11,74.95,102325664.0,986409920.0
2014-08-13,75.42,75.73,75.18,74.56,97201688.0,932751424.0
2014-08-12,75.81,75.89,75.42,75.11,80856192.0,779243648.0
2014-08-11,74.87,76.12,75.89,74.87,99902320.0,966146816.0
2014-08-08,74.79,75.11,74.64,74.32,120982760.0,1154961152.0
2014-08-07,76.28,76.51,74.79,74.71,141244208.0,1363312768.0
2014-08-06,76.9,76.9,76.2,75.57,134531040.0,1309646592.0
2014-08-05,77.61,77.84,77.22,76.67,116942080.0,1154644352.0
2014-08-04,76.83,77.76,77.61,76.12,167001360.0,1646470400.0
2014-08-01,76.43,77.92,76.36,76.2,199316288.0,1966817280.0
2014-07-31,75.81,76.75,76.67,75.57,113003640.0,1098506240.0
2014-07-30,77.37,77.61,75.97,75.65,182728240.0,1785992192.0
2014-07-29,76.67,77.3,76.51,76.04,203049424.0,1989649792.0
2014-07-28,73.85,76.9,76.36,73.85,315856672.0,3067199488.0
2014-07-25,73.38,73.85,73.46,72.76,134460944.0,1259192320.0
2014-07-24,71.11,73.38,72.91,71.11,235007440.0,2179260160.0
2014-07-23,70.72,71.51,71.04,70.72,95071888.0,864070592.0
2014-07-22,70.1,71.19,70.88,70.1,101186448.0,915202944.0
2014-07-21,70.49,70.57,70.25,70.18,43394536.0,390236864.0
2014-07-18,70.25,70.8,70.57,70.1,60143568.0,542519424.0
2014-07-17,70.64,70.72,70.33,70.18,43076120.0,387416768.0
2014-07-16,70.49,70.8,70.57,70.41,57758012.0,521218624.0
2014-07-15,70.49,70.57,70.49,70.25,57331616.0,515793888.0
2014-07-14,69.86,70.49,70.41,69.63,50192336.0,449273952.0
2014-07-11,69.78,70.33,69.94,69.71,58461216.0,523490688.0
2014-07-10,69.78,70.02,69.78,69.63,43284796.0,386256096.0
2014-07-09,70.8,70.8,69.78,69.71,75829648.0,680803712.0
2014-07-07,70.96,71.04,70.8,70.64,42831404.0,387738016.0
2014-07-04,71.04,71.11,70.96,70.8,47263940.0,428330848.0
2014-07-03,70.88,71.11,70.96,70.64,64553232.0,585009408.0
2014-07-02,70.88,71.11,70.88,70.57,41262792.0,373724768.0
2014-07-01,71.04,71.19,70.88,70.49,42584500.0,385288800.0
2014-06-30,70.25,71.04,70.8,70.25,52645088.0,476195584.0
2014-06-27,70.33,70.57,70.18,70.1,42713240.0,383829280.0
2014-06-26,70.25,70.72,70.33,70.25,43052472.0,387941152.0
2014-06-25,70.8,70.8,70.25,70.18,46797780.0,421074944.0
2014-06-24,70.8,71.11,70.72,70.49,83305536.0,753572864.0
2014-06-23,70.8,71.23,70.43,70.21,86019552.0,834638528.0
2014-06-20,75.42,75.97,75.89,75.26,57665732.0,557096320.0
2014-06-19,76.23,76.78,75.45,75.14,68906464.0,668029824.0
2014-06-18,76.78,77.1,76.78,76.62,66459996.0,647470912.0
2014-06-17,71.67,71.67,70.94,70.8,91317080.0,892676096.0
2014-06-16,70.94,71.96,71.53,70.65,118477368.0,1159724288.0
2014-06-13,69.63,71.31,70.94,69.56,129624896.0,1256394752.0
2014-06-12,69.78,69.92,69.56,69.41,42917692.0,410062048.0
2014-06-11,69.92,70.21,69.92,69.63,46334808.0,444252128.0
2014-06-10,69.92,70.36,70.21,69.41,68256824.0,655798656.0
2014-06-09,68.97,70.5,69.56,68.97,58231712.0,557813056.0
2014-06-06,69.99,70.14,69.34,68.9,53426016.0,509267456.0
2014-06-05,68.9,70.21,70.14,68.75,56500336.0,538639296.0
2014-06-04,69.63,69.7,68.9,68.54,86246408.0,816293696.0
2014-06-03,69.92,70.29,69.56,69.48,70641280.0,677281792.0
2014-05-30,70.14,70.21,69.78,69.63,69096840.0,662738432.0
2014-05-29,70.58,70.87,70.14,69.99,75258528.0,726796800.0
2014-05-28,70.43,70.87,70.58,69.99,92478304.0,892246144.0
2014-05-27,70.94,71.02,70.43,70.14,74436152.0,720820160.0
2014-05-26,71.16,71.31,71.02,70.65,54108964.0,526560768.0
2014-05-23,70.07,70.72,70.72,69.92,47057344.0,454096736.0
2014-05-22,69.92,70.94,69.99,69.78,71688608.0,692799616.0
2014-05-21,69.41,70.07,69.99,68.61,54298040.0,517810688.0
2014-05-20,69.7,69.99,69.63,69.12,64057748.0,610778816.0
2014-05-19,70.87,70.87,69.41,69.05,137405984.0,1314192256.0
2014-05-16,70.72,71.45,71.09,70.72,57142232.0,556664640.0
2014-05-15,71.38,71.67,70.94,70.8,70426928.0,688077248.0
2014-05-14,72.11,72.33,71.53,71.31,114355128.0,1124734336.0
2014-05-13,72.18,72.47,72.18,71.67,66182544.0,653997056.0
2014-05-12,71.82,72.62,72.4,71.38,129589584.0,1282666112.0
2014-05-09,71.09,71.6,71.16,70.65,74829328.0,731563200.0
2014-05-08,70.43,71.96,71.09,70.29,95225888.0,930740672.0
2014-05-07,70.65,71.09,70.43,70.29,55972788.0,542274496.0
2014-05-06,70.72,71.45,70.72,70.5,58797624.0,572224192.0
2014-05-05,71.23,71.38,71.02,69.85,103509080.0,1001815680.0
2014-04-30,72.77,73.06,71.23,71.16,142558912.0,1407065856.0
2014-04-29,70.5,71.6,71.45,70.36,88443328.0,859931392.0
2014-04-28,71.6,71.96,70.5,70.36,123425120.0,1198580992.0
2014-04-25,72.33,73.35,71.74,71.6,180573520.0,1794439424.0
2014-04-24,72.18,72.77,71.96,71.82,82309480.0,815388800.0
2014-04-23,71.82,72.91,72.04,71.67,136419568.0,1352733696.0
2014-04-22,70.58,72.33,72.18,70.43,141231408.0,1385544320.0
2014-04-21,71.02,72.62,70.8,70.58,131392320.0,1292829696.0
2014-04-18,70.94,71.53,71.31,70.21,115394464.0,1120720896.0
2014-04-17,72.4,72.69,71.16,71.02,147878400.0,1453030912.0
2014-04-16,71.6,72.69,72.18,71.53,100765544.0,997304832.0
2014-04-15,73.42,73.49,71.82,71.6,176166144.0,1746784896.0
2014-04-14,74.73,75.03,73.79,73.57,133566632.0,1356868480.0
2014-04-11,74.22,75.24,74.73,73.93,187981792.0,1923682560.0
2014-04-10,73.93,75.9,74.59,73.13,251774144.0,2565192704.0
2014-04-09,73.79,74.3,73.64,73.13,166971744.0,1686236288.0
2014-04-08,70.8,75.17,73.93,70.8,389948096.0,3925146624.0
2014-04-04,70.14,71.09,70.94,69.78,103710192.0,1003039488.0
2014-04-03,72.47,72.91,70.5,70.29,202589136.0,1988726400.0
2014-04-02,71.09,73.2,72.47,70.8,221487040.0,2188083712.0
2014-04-01,70.43,71.74,70.94,70.21,121142232.0,1177869440.0
2014-03-31,70.72,71.23,70.87,69.78,117957984.0,1139701376.0
2014-03-28,70.29,72.33,70.5,69.99,235609616.0,2299182848.0
2014-03-27,69.48,72.47,70.65,69.12,310183456.0,3020967424.0
2014-03-26,71.31,71.67,69.85,69.34,188654736.0,1813592704.0
2014-03-25,71.16,71.89,71.09,70.58,225324448.0,2201589760.0
2014-03-24,72.11,72.98,71.45,71.02,550938112.0,5438997504.0
2014-03-21,65.47,72.11,72.11,65.4,577730176.0,5543459840.0
2014-03-20,65.33,67.08,65.55,65.25,166058736.0,1510412544.0
2014-03-19,64.53,66.13,65.98,63.87,93838216.0,832057152.0
2014-03-18,67.22,67.3,64.82,64.67,167965344.0,1523657856.0
2014-03-14,64.02,65.84,65.55,63.58,179769248.0,1602451072.0
2014-03-13,63.87,66.57,64.45,63.29,198115872.0,1758751744.0
2014-03-12,61.76,63.21,62.41,61.17,110468616.0,942803776.0
2014-03-11,61.46,62.19,61.68,61.17,71119520.0,600753216.0
2014-03-10,63.21,63.51,61.54,61.39,100335992.0,859115776.0
2014-03-07,64.16,64.96,63.65,63.51,85996640.0,757643584.0
2014-03-06,63.43,64.6,64.16,62.85,105221672.0,920528192.0
2014-03-05,64.6,64.75,63.43,63.29,66776264.0,585846336.0
2014-03-04,64.45,64.96,64.67,63.29,113473856.0,994582720.0
2014-03-03,64.96,65.04,64.53,64.23,81389992.0,720619840.0
2014-02-28,64.89,65.69,64.96,64.16,75427864.0,671034432.0
2014-02-27,64.89,65.84,65.18,64.23,112556008.0,1005356224.0
2014-02-26,64.23,64.82,64.53,63.94,79811064.0,704799680.0
2014-02-25,65.69,66.2,64.38,64.23,112988176.0,1012070336.0
2014-02-24,67.08,67.15,65.69,65.4,135269200.0,1223507840.0
2014-02-21,68.46,68.75,67.73,67.22,82312552.0,765984704.0
2014-02-20,69.48,70.94,68.46,68.25,144607392.0,1379086336.0
2014-02-19,67.44,69.78,69.19,67.08,150729696.0,1420983552.0
2014-02-18,69.34,69.34,67.52,67.3,131972248.0,1231564416.0
2014-02-17,70.14,70.43,69.41,69.12,107916288.0,1029473536.0
2014-02-14,69.99,70.21,69.92,69.34,80503232.0,770860224.0
2014-02-13,69.12,71.74,69.99,68.61,197765136.0,1901282560.0
2014-02-12,69.27,70.29,69.27,68.83,106449344.0,1012082688.0
2014-02-11,67.88,70.58,69.56,67.22,212392416.0,2017636480.0
2014-02-10,66.93,67.81,67.73,66.79,91573112.0,848138368.0
2014-02-07,66.57,66.93,66.93,66.13,51136920.0,466080896.0
2014-01-30,67.59,67.81,66.86,66.71,52508928.0,485399520.0
2014-01-29,67.37,67.88,67.73,67.08,71042824.0,659122816.0
2014-01-28,66.5,67.73,67.0,66.5,57333616.0,527187520.0
2014-01-27,67.0,67.08,66.5,66.35,69858648.0,637844224.0
2014-01-24,66.86,67.95,67.3,66.64,70757208.0,653717696.0
2014-01-23,67.88,68.1,67.22,67.15,63055408.0,583623040.0
2014-01-22,66.93,68.39,68.1,66.86,91387280.0,849733120.0
2014-01-21,66.35,67.52,66.79,66.28,47596032.0,436604864.0
2014-01-20,66.35,66.57,66.13,65.91,42094792.0,382309888.0
2014-01-17,66.86,66.86,66.5,66.13,66047496.0,601804096.0
2014-01-16,67.22,67.52,66.93,66.86,67204744.0,618488768.0
2014-01-15,68.46,68.54,67.3,66.79,77606640.0,717369984.0
2014-01-14,68.54,68.75,68.54,67.44,79710264.0,744481152.0
2014-01-13,68.83,69.05,68.46,68.03,65935364.0,618500160.0
2014-01-10,67.66,68.9,68.61,67.37,93379976.0,875061952.0
2014-01-09,67.08,68.83,67.73,66.79,109976760.0,1025797632.0
2014-01-08,66.64,67.95,67.08,66.42,78603480.0,724415936.0
2014-01-07,66.86,67.15,66.64,65.69,72150944.0,657895488.0
2014-01-06,67.88,68.1,67.0,66.57,117267696.0,1079925504.0
2014-01-03,67.66,67.81,66.64,66.2,88351968.0,807094464.0
2014-01-02,68.83,68.9,68.03,67.73,69821040.0,652410752.0
2013-12-31,67.15,69.48,68.75,66.86,107237048.0,1006340928.0
2013-12-30,67.81,67.95,67.08,67.0,70408752.0,650877056.0
2013-12-27,66.28,67.95,67.37,66.2,88052312.0,811334784.0
2013-12-26,67.52,67.59,66.28,66.06,82518648.0,753839552.0
2013-12-25,68.03,68.17,67.59,66.71,89003264.0,821820544.0
2013-12-24,68.32,68.61,68.1,67.44,71802936.0,671259968.0
2013-12-23,68.61,69.12,68.1,67.88,63014852.0,590896768.0
2013-12-20,70.21,70.29,68.24,68.1,107593840.0,1018130496.0
2013-12-19,71.09,71.31,70.07,69.99,71003512.0,687152704.0
2013-12-18,70.8,71.45,70.8,70.58,55191768.0,536799936.0
2013-12-17,71.16,71.23,70.65,70.43,78126224.0,758108096.0
2013-12-16,71.82,72.69,71.02,70.87,119802104.0,1177159808.0
2013-12-13,71.74,71.82,71.67,71.23,98124624.0,963431296.0
2013-12-12,72.25,72.62,72.04,71.96,89839024.0,889730880.0
2013-12-11,73.71,73.86,72.4,72.25,127176728.0,1268123904.0
2013-12-10,73.79,74.44,73.93,73.49,89476536.0,907205504.0
2013-12-09,74.44,74.73,73.71,73.49,111336392.0,1127426944.0
2013-12-06,75.39,75.39,74.52,73.86,157734048.0,1611228672.0
2013-12-05,75.83,76.12,75.46,74.95,150565456.0,1557557504.0
2013-12-04,74.66,77.07,75.83,74.37,283303328.0,2951386624.0
2013-12-03,74.88,75.39,74.81,73.93,178953712.0,1832350208.0
2013-12-02,73.64,75.39,75.24,72.84,408952608.0,4162905344.0
2013-11-29,73.35,73.79,72.84,72.62,112491968.0,1128740864.0
2013-11-28,72.55,73.35,72.62,72.18,121839008.0,1217508480.0
2013-11-27,71.96,73.49,72.4,71.16,134357120.0,1332415744.0
2013-11-26,72.18,73.13,72.18,72.04,72857688.0,724350720.0
2013-11-25,72.84,73.71,72.4,72.33,96767048.0,967272320.0
2013-11-22,73.28,73.71,73.35,72.77,131116960.0,1317526656.0
2013-11-21,72.91,73.49,73.42,71.31,172340752.0,1708643968.0
2013-11-20,72.98,74.22,73.28,72.69,125986568.0,1265362944.0
2013-11-19,73.64,73.64,72.69,72.55,128516632.0,1286050560.0
2013-11-18,71.09,73.71,73.64,70.43,231275936.0,2289353984.0
2013-11-15,69.19,71.82,70.58,69.12,180564560.0,1753424256.0
2013-11-14,69.99,70.58,69.19,68.46,169111024.0,1601513600.0
2013-11-13,73.2,73.28,70.29,70.21,208714480.0,2049839104.0
2013-11-12,72.98,74.3,73.79,72.91,119655184.0,1209294464.0
2013-11-11,72.84,73.06,72.69,72.18,79759248.0,793983232.0
2013-11-08,73.06,73.64,72.77,72.4,110388784.0,1104891648.0
2013-11-07,73.49,74.3,73.28,72.69,114983824.0,1158380416.0
2013-11-06,73.42,74.37,73.13,72.91,151026560.0,1522867072.0
2013-11-05,74.52,74.73,74.37,73.2,172536528.0,1747250944.0
2013-11-04,76.41,76.85,75.1,74.81,138786384.0,1438550528.0
2013-11-01,75.24,76.78,75.97,74.59,164057264.0,1704932224.0
2013-10-31,77.14,77.28,75.32,75.17,211637552.0,2206625536.0
2013-10-30,76.41,77.43,77.21,75.17,301165856.0,3162162432.0
2013-10-29,74.52,77.94,76.41,74.22,494214048.0,5150564352.0
2013-10-28,73.49,74.52,74.0,72.33,164098112.0,1650688512.0
2013-10-25,72.98,74.81,73.42,72.84,256524256.0,2593128960.0
2013-10-24,72.62,74.08,72.77,71.6,170003392.0,1700451840.0
2013-10-23,72.55,75.46,73.06,72.25,260513184.0,2639944192.0
2013-10-22,73.71,73.71,72.4,71.89,156011440.0,1554175488.0
2013-10-21,72.55,74.08,73.79,71.45,211850912.0,2123854848.0
2013-10-18,71.6,73.35,72.04,71.45,129849776.0,1290361088.0
2013-10-17,72.98,73.42,71.6,71.53,145253456.0,1440499456.0
2013-10-16,73.57,73.57,72.25,71.6,217322912.0,2160308480.0
2013-10-15,75.1,75.46,73.71,73.06,212323984.0,2155489536.0
2013-10-14,76.19,76.56,75.03,74.73,274009312.0,2834786560.0
2013-10-11,73.64,77.65,76.92,72.91,441961280.0,4582589952.0
2013-10-10,75.1,75.46,72.77,72.4,249225024.0,2508886016.0
2013-10-09,73.64,76.27,74.88,73.42,244015216.0,2503190528.0
2013-10-08,73.13,75.32,74.59,72.04,258444176.0,2618477312.0
2013-09-30,75.39,75.61,73.57,73.06,256510912.0,2609512448.0
2013-09-27,73.71,75.32,74.66,73.28,243782416.0,2485876736.0
2013-09-26,78.38,78.45,74.15,73.42,448493824.0,4639913984.0
2013-09-25,78.31,81.51,78.6,77.94,384146144.0,4206311424.0
2013-09-24,81.59,81.66,78.82,77.07,476900608.0,5154101248.0
2013-09-23,80.57,81.66,81.51,78.74,453630144.0,4987201024.0
2013-09-18,79.84,81.59,80.2,78.96,400172128.0,4413153792.0
2013-09-17,83.19,83.7,78.96,78.53,511737952.0,5694768128.0
2013-09-16,87.49,87.64,83.78,81.88,699493312.0,8064946176.0
2013-09-13,88.08,89.46,86.84,85.52,661646528.0,7947104256.0
2013-09-12,82.39,90.41,89.32,81.37,1041527552.0,12498180096.0
2013-09-11,81.73,83.63,82.17,81.66,603551040.0,6834516480.0
2013-09-10,80.2,83.77,83.12,78.53,1198024064.0,13328929792.0
2013-09-09,74.95,76.78,76.78,74.22,580189248.0,6069489664.0
2013-09-06,66.71,71.96,69.78,66.5,301015104.0,2850092288.0
2013-09-05,67.0,67.0,66.57,66.06,93544408.0,852833088.0
2013-09-04,65.91,67.37,66.64,65.84,142450048.0,1305299456.0
2013-09-03,65.33,66.5,66.28,64.82,140383664.0,1269355904.0
2013-09-02,66.42,67.73,65.4,65.25,141236896.0,1281805056.0
2013-08-30,64.6,65.98,65.55,63.87,129143352.0,1152526336.0
2013-08-29,66.42,67.15,65.04,64.6,146496960.0,1320039168.0
2013-08-28,64.75,66.71,65.62,64.09,243574960.0,2194823936.0
2013-08-27,63.8,65.98,65.25,63.43,224672928.0,2001682176.0
2013-08-26,61.61,64.02,63.72,61.24,161720144.0,1399048064.0
2013-08-23,62.27,62.92,61.39,60.15,117530032.0,995509248.0
2013-08-22,61.32,62.85,61.54,61.24,60326480.0,513025408.0
2013-08-21,62.19,62.56,61.61,61.03,65732224.0,554833024.0
2013-08-20,61.39,64.02,62.05,61.17,153605680.0,1314061952.0
2013-08-19,60.08,61.97,61.61,60.01,124704776.0,1044624768.0
2013-08-16,59.57,65.91,60.59,59.42,264712592.0,2254296064.0
2013-08-15,60.59,61.03,59.93,59.79,67134768.0,556547136.0
2013-08-14,61.54,62.19,60.59,60.52,121903672.0,1025898624.0
2013-08-13,60.52,61.46,61.39,60.3,118672576.0,991814144.0
2013-08-12,58.62,60.66,60.59,58.4,142760848.0,1171789184.0
2013-08-09,58.69,58.91,58.4,58.04,55483572.0,444645248.0
2013-08-08,58.4,58.84,58.26,57.96,54611352.0,436833728.0
2013-08-07,58.55,59.35,58.4,58.33,68679920.0,553785280.0
2013-08-06,58.55,58.91,58.55,58.18,82798496.0,664260288.0
2013-08-05,58.18,58.84,58.77,57.96,53056120.0,425459712.0
2013-08-02,58.77,59.2,58.18,58.11,57767152.0,463891776.0
2013-08-01,57.74,58.48,58.26,57.38,58959380.0,469433184.0
2013-07-31,57.67,58.47,57.31,57.02,50335416.0,397874848.0
2013-07-30,56.73,58.04,57.16,56.43,68907632.0,540970752.0
2013-07-29,57.6,57.6,56.43,56.21,84518512.0,655293184.0
2013-07-26,58.18,58.4,58.11,57.89,42800504.0,341110304.0
2013-07-25,58.48,59.13,58.48,58.04,62010840.0,497968416.0
2013-07-24,58.62,58.98,58.33,57.6,87410552.0,697536448.0
2013-07-23,58.26,60.01,59.35,57.89,115906520.0,942643008.0
2013-07-22,57.6,58.26,57.96,57.02,95552056.0,754153152.0
2013-07-19,59.93,60.08,58.55,58.47,76242272.0,619426688.0
2013-07-18,61.32,61.61,59.79,59.49,99044376.0,818192320.0
2013-07-17,62.12,62.34,61.61,61.1,79489712.0,673336896.0
2013-07-16,62.12,62.34,62.27,61.32,78430472.0,664317056.0
2013-07-15,62.34,63.51,62.41,61.32,103850928.0,891216128.0
2013-07-12,63.87,64.53,61.9,61.46,162211376.0,1400965632.0
2013-07-11,59.57,65.04,64.6,59.57,274152448.0,2369027072.0
2013-07-10,57.96,59.28,59.13,57.6,60829120.0,488041472.0
2013-07-09,57.75,58.04,57.75,57.45,40964528.0,324418304.0
2013-07-08,58.33,58.69,57.67,57.6,63977580.0,508688896.0
2013-07-05,59.13,59.93,59.13,58.91,58764344.0,477728576.0
2013-07-04,58.77,60.37,59.2,58.48,85794488.0,697456128.0
2013-07-03,59.06,59.13,58.62,58.11,69690312.0,560255104.0
2013-07-02,59.64,59.93,59.42,57.96,84019576.0,677872960.0
2013-07-01,59.93,60.3,59.57,58.84,86027064.0,702497408.0
2013-06-28,57.02,60.52,60.37,56.58,157753952.0,1276035968.0
2013-06-27,57.23,57.75,57.45,56.14,125823280.0,982597056.0
2013-06-26,57.6,57.96,56.65,55.63,130788936.0,1016856704.0
2013-06-25,54.32,57.16,56.87,52.35,246601200.0,1856925568.0
2013-06-24,60.44,60.44,54.83,54.68,249977360.0,1942163840.0
2013-06-21,60.59,61.76,60.37,59.93,147442608.0,1229287040.0
2013-06-20,64.6,64.6,61.39,61.24,137571504.0,1178952704.0
2013-06-19,65.98,65.98,64.82,64.31,53104792.0,473179680.0
2013-06-18,65.98,66.5,66.13,65.69,40358844.0,365844128.0
2013-06-17,65.98,66.35,65.69,65.33,52039164.0,469144448.0
2013-06-14,66.13,66.13,65.77,65.47,77530688.0,699500736.0
2013-06-13,67.44,67.44,65.77,64.96,127820272.0,1152185088.0
2013-06-07,69.34,69.78,68.17,67.95,72344080.0,682011584.0
2013-06-06,70.07,70.5,68.9,68.68,72417600.0,688813184.0
2013-06-05,71.02,71.23,70.36,70.0,56405768.0,545296064.0
2013-06-04,72.11,72.11,71.02,70.72,60164556.0,587136128.0
2013-06-03,72.69,72.98,71.74,71.53,83186088.0,823621312.0
2013-05-31,72.92,73.33,72.3,72.23,101875600.0,1074952832.0
2013-05-30,72.37,73.33,72.78,72.3,89454800.0,942531008.0
2013-05-29,73.06,73.33,72.64,72.57,91459016.0,966132032.0
2013-05-28,71.12,72.92,72.85,70.78,111377096.0,1160468736.0
2013-05-27,70.5,71.33,71.05,70.29,69546992.0,714504512.0
2013-05-24,70.43,70.98,70.43,69.74,63230984.0,644944832.0
2013-05-23,71.05,71.33,70.09,70.09,82484744.0,845485632.0
2013-05-22,71.33,71.67,71.54,70.98,71207688.0,734819200.0
2013-05-21,71.67,71.95,71.4,70.71,91775248.0,946356992.0
2013-05-20,70.85,72.78,71.88,70.43,156851184.0,1632285440.0
2013-05-17,70.09,70.98,70.71,69.4,122955152.0,1250713216.0
2013-05-16,68.98,70.16,70.09,67.95,111647304.0,1120193792.0
2013-05-15,68.91,69.19,68.98,68.57,47275904.0,471747488.0
2013-05-14,69.26,69.4,68.84,68.57,67348056.0,671548096.0
2013-05-13,69.19,69.81,69.19,68.57,66994304.0,670319744.0
2013-05-10,68.57,69.47,69.26,68.29,63127004.0,630968320.0
2013-05-09,69.47,69.6,68.84,68.29,64667336.0,644949056.0
2013-05-08,69.88,70.43,69.4,69.12,72153520.0,728615168.0
2013-05-07,69.67,69.74,69.47,68.91,60095952.0,603143616.0
2013-05-06,69.26,70.5,69.95,68.84,87865272.0,888293824.0
2013-05-03,68.15,70.22,69.12,67.88,109373480.0,1097528960.0
2013-05-02,67.46,68.08,67.81,66.7,80667824.0,786928384.0
2013-04-26,68.78,69.12,68.22,68.02,52806428.0,524919904.0
2013-04-25,69.05,69.53,68.43,67.81,74320336.0,737540032.0
2013-04-24,68.08,70.09,69.26,67.46,105005040.0,1045917568.0
2013-04-23,70.98,71.05,67.95,67.67,108826816.0,1083711360.0
2013-04-22,69.81,70.57,70.57,69.74,123343744.0,1254891776.0
2013-04-19,66.63,70.36,70.02,66.43,178675024.0,1778831232.0
2013-04-18,65.32,66.7,66.5,65.05,103421936.0,985199552.0
2013-04-17,67.26,67.26,66.22,65.74,86278544.0,829038272.0
2013-04-16,67.33,67.88,67.26,66.29,126274720.0,1224441856.0
2013-04-15,68.64,68.98,67.88,67.6,75763624.0,747795136.0
2013-04-12,69.26,69.47,68.64,68.36,41832296.0,417375296.0
2013-04-11,69.6,69.88,69.19,69.05,43303752.0,435013696.0
2013-04-10,69.26,69.33,69.05,68.5,54586848.0,544630528.0
2013-04-09,68.78,69.88,69.33,68.78,65806596.0,660726016.0
2013-04-08,68.15,68.98,68.5,66.98,89499064.0,883268160.0
2013-04-03,69.4,70.09,69.47,68.71,88765776.0,892637760.0
2013-04-02,69.53,70.22,69.26,68.64,83681536.0,840890496.0
2013-04-01,69.47,70.43,69.4,69.26,76052112.0,767292288.0
2013-03-29,69.26,70.5,69.95,68.43,131028760.0,1315731584.0
2013-03-28,70.43,70.78,69.19,66.84,298069472.0,2992135424.0
2013-03-27,73.95,75.61,74.3,73.4,113814688.0,1225592704.0
2013-03-26,75.82,75.89,73.89,73.54,126327264.0,1358261888.0
2013-03-25,76.85,77.61,76.23,75.96,89020576.0,986945856.0
2013-03-22,76.03,76.72,76.37,75.61,122824528.0,1356165888.0
2013-03-21,77.34,77.89,76.65,75.54,193267920.0,2143848576.0
2013-03-20,73.75,77.34,77.27,73.54,253698288.0,2793678336.0
2013-03-19,72.3,73.61,73.54,72.02,114470224.0,1207222528.0
2013-03-18,72.09,73.47,72.37,71.74,142604464.0,1499673088.0
2013-03-15,72.3,75.47,72.57,71.67,214299264.0,2283442432.0
2013-03-14,71.81,72.92,72.16,70.92,163419360.0,1707645824.0
2013-03-13,71.05,71.95,70.78,69.81,105764432.0,1083876608.0
2013-03-12,72.23,73.54,71.05,70.29,132298616.0,1371021568.0
2013-03-11,73.68,73.68,72.3,71.88,94081224.0,990803392.0
2013-03-08,74.64,75.13,73.95,73.19,103046488.0,1106726784.0
2013-03-07,76.09,76.65,74.3,72.57,191555152.0,2072717440.0
2013-03-06,77.06,78.1,76.72,75.68,205631616.0,2289024768.0
2013-03-05,71.54,77.47,76.44,71.54,233607728.0,2525017088.0
2013-03-04,74.99,75.27,71.74,70.92,261002016.0,2758781184.0
2013-03-01,76.44,78.1,77.13,74.58,223208912.0,2475460608.0
2013-02-28,72.85,76.44,76.37,71.74,224658464.0,2416913152.0
2013-02-27,71.54,73.89,71.74,71.19,158815728.0,1662077312.0
2013-02-26,70.43,74.3,71.33,70.09,238592672.0,2515148288.0
2013-02-25,70.5,71.81,71.26,70.43,116274544.0,1198145536.0
2013-02-22,70.36,71.4,70.02,69.6,143226432.0,1463429376.0
2013-02-21,73.54,73.75,70.57,69.05,290791328.0,2996527616.0
2013-02-20,76.65,76.78,74.64,73.06,264523040.0,2849978368.0
2013-02-19,77.55,78.1,76.65,76.44,114565264.0,1279590656.0
2013-02-18,78.86,79.41,77.75,77.27,119051848.0,1348960768.0
2013-02-08,78.72,79.06,78.3,76.37,195904896.0,2214211072.0
2013-02-07,82.86,83.0,78.93,77.13,315193600.0,3634915072.0
2013-02-06,81.83,83.21,82.86,80.93,133748184.0,1595335936.0
2013-02-05,82.24,82.86,81.96,80.44,176944688.0,2098278656.0
2013-02-04,82.72,84.73,83.34,81.69,271540512.0,3269293056.0
2013-02-01,78.79,82.65,82.52,78.1,223157200.0,2595572224.0
2013-01-31,77.61,79.41,79.27,76.78,181147184.0,2051351296.0
2013-01-30,77.96,78.44,77.61,76.58,172171456.0,1933405056.0
2013-01-29,77.41,79.2,78.03,76.72,191067344.0,2155684352.0
2013-01-28,73.61,77.41,77.2,73.54,263089200.0,2903989248.0
2013-01-25,73.19,73.75,73.61,72.71,89716808.0,951423104.0
2013-01-24,73.19,76.23,73.26,72.71,320210496.0,3446063872.0
2013-01-23,72.09,73.33,73.19,71.61,155968496.0,1637582720.0
2013-01-22,71.67,74.3,72.37,70.78,242222064.0,2546398208.0
2013-01-21,70.43,72.09,71.81,69.4,178154880.0,1826584576.0
2013-01-18,69.6,70.78,70.16,68.84,129872648.0,1315677056.0
2013-01-17,69.4,70.22,69.26,68.22,116672024.0,1163327232.0
2013-01-16,70.98,71.26,69.88,68.91,156691872.0,1588121344.0
2013-01-15,71.47,71.88,71.33,70.57,134039000.0,1383536256.0
2013-01-14,67.33,71.54,71.47,67.33,228634880.0,2326609920.0
2013-01-11,69.53,69.88,67.81,67.46,171547456.0,1709899008.0
2013-01-10,69.81,70.5,69.33,68.98,121226792.0,1224888960.0
2013-01-09,69.67,70.29,70.02,68.91,175906176.0,1774560384.0
2013-01-08,71.4,71.47,69.88,69.47,154851184.0,1573240192.0
2013-01-07,69.4,71.4,71.26,69.12,248200912.0,2534161920.0
2013-01-04,69.74,70.85,69.19,68.57,261436816.0,2633796608.0
2012-12-31,66.57,68.78,68.5,66.5,198451648.0,1956467584.0
2012-12-28,64.7,66.57,66.22,64.7,119599840.0,1140200576.0
2012-12-27,65.32,66.57,64.84,64.36,127847944.0,1211244288.0
2012-12-26,65.32,65.53,65.32,64.7,96013024.0,904988224.0
2012-12-25,62.63,66.01,65.25,62.42,234226688.0,2200438272.0
2012-12-24,61.73,63.94,62.77,61.73,134642720.0,1224943488.0
2012-12-21,62.56,62.91,61.94,61.32,130820096.0,1174200064.0
2012-12-20,62.08,62.63,62.56,61.32,149750880.0,1346132224.0
2012-12-19,62.91,63.25,62.49,62.01,176670640.0,1601205248.0
2012-12-18,62.22,64.15,63.11,61.94,234880208.0,2144833792.0
2012-12-17,62.15,62.91,62.63,61.73,254783072.0,2298528768.0
2012-12-14,57.45,62.08,61.46,57.45,344394464.0,3002867456.0
2012-12-13,57.66,58.35,57.24,57.17,124094528.0,1038553792.0
2012-12-12,57.24,58.62,58.0,57.24,174126976.0,1463953024.0
2012-12-11,57.45,57.8,57.17,56.97,114930760.0,955761536.0
2012-12-10,57.66,58.14,57.52,57.04,215254800.0,1796312704.0
2012-12-07,54.76,57.17,57.04,54.69,229249200.0,1863056896.0
2012-12-06,54.34,55.03,54.48,54.07,115134976.0,910874048.0
2012-12-05,51.3,54.69,54.41,51.17,227002016.0,1764021504.0
2012-12-04,50.62,51.51,51.3,50.62,34974820.0,258840208.0
2012-12-03,51.51,51.58,50.75,50.68,53769232.0,396827584.0
2012-11-30,51.17,51.65,51.51,50.89,38822288.0,288486304.0
2012-11-29,51.51,51.58,51.17,51.1,39279396.0,291914528.0
2012-11-28,51.37,51.79,51.37,51.24,41978768.0,312815520.0
2012-11-27,51.37,51.93,51.51,51.24,40827532.0,304729088.0
2012-11-26,51.79,52.06,51.58,51.3,28167480.0,210337440.0
2012-11-23,51.51,52.2,51.86,51.3,35819824.0,268999520.0
2012-11-22,51.44,51.65,51.37,51.1,22784842.0,169442912.0
2012-11-21,50.75,51.65,51.58,50.68,28957628.0,214374144.0
2012-11-20,51.1,51.17,50.75,50.62,20252986.0,149215104.0
2012-11-19,50.82,51.1,50.89,50.62,24785310.0,182453728.0
2012-11-16,51.17,51.17,50.82,50.68,33266320.0,245149920.0
2012-11-15,51.72,51.79,51.24,51.17,29220008.0,217739712.0
2012-11-14,51.72,52.0,51.79,51.58,21823216.0,163644368.0
2012-11-13,52.62,52.62,51.72,51.65,37691616.0,283805504.0
2012-11-12,52.06,52.76,52.69,52.0,43645488.0,331521952.0
2012-11-09,52.0,52.41,52.0,51.79,26921256.0,202868992.0
2012-11-08,52.69,52.89,52.06,52.0,38667164.0,293900672.0
2012-11-07,52.96,53.38,53.1,52.76,26193792.0,201366784.0
2012-11-06,53.45,53.45,53.03,52.41,42177128.0,323024800.0
2012-11-05,53.17,53.72,53.38,52.89,56974000.0,439602336.0
2012-11-02,52.82,53.17,53.03,52.55,47587496.0,364830176.0
2012-11-01,51.93,53.17,52.76,51.86,57205112.0,436219680.0
2012-10-31,51.72,52.0,51.86,51.3,36411100.0,273109824.0
2012-10-30,51.58,52.0,51.65,51.1,37082864.0,276344864.0
2012-10-29,51.37,51.72,51.58,51.24,28176828.0,210091712.0
2012-10-26,52.06,52.27,51.51,51.24,49611208.0,370899616.0
2012-10-25,52.34,52.62,52.0,51.79,29807496.0,225449552.0
2012-10-24,52.13,52.69,52.41,52.06,28328508.0,215116944.0
2012-10-23,52.89,53.03,52.27,52.13,32189190.0,245356336.0
2012-10-22,52.06,53.03,52.82,52.0,36799860.0,280112256.0
2012-10-19,52.62,52.69,52.34,52.13,40185552.0,305185408.0
2012-10-18,52.13,52.82,52.62,52.06,51397332.0,390882240.0
2012-10-17,51.65,52.34,52.13,51.37,52658488.0,395714432.0
2012-10-16,51.17,51.93,51.51,51.03,43952520.0,328313920.0
2012-10-15,51.51,51.58,51.17,50.89,22249340.0,164793072.0
2012-10-12,51.3,51.79,51.44,51.17,37953796.0,283061216.0
2012-10-11,51.17,51.3,51.17,50.89,29564294.0,218797760.0
2012-10-10,51.3,51.51,51.37,51.1,27147360.0,201761968.0
2012-10-09,50.75,51.65,51.44,50.68,48620080.0,361695648.0
2012-10-08,50.96,51.24,50.55,50.27,32324564.0,237702592.0
2012-09-28,50.27,51.03,50.96,49.99,62930104.0,460162688.0
2012-09-27,49.09,50.82,50.55,49.03,74565208.0,540842752.0
2012-09-26,49.37,49.58,49.1,49.03,28344266.0,202126624.0
2012-09-25,49.44,49.58,49.44,49.23,23528436.0,168346304.0
2012-09-24,49.58,49.79,49.51,49.09,44280628.0,316830848.0
2012-09-21,49.85,50.13,49.79,49.58,37540672.0,271098080.0
2012-09-20,50.55,50.68,49.92,49.85,48072064.0,349808064.0
2012-09-19,50.75,50.96,50.68,50.62,35316264.0,259404096.0
2012-09-18,51.03,51.1,50.75,50.68,29556474.0,217783072.0
2012-09-17,51.93,51.93,51.17,51.1,39495792.0,294478240.0
2012-09-14,51.79,52.2,51.93,51.37,60554000.0,454887776.0
2012-09-13,51.58,51.79,51.44,51.37,28598526.0,213621168.0
2012-09-12,52.0,52.2,51.65,51.24,41199392.0,308089952.0
2012-09-11,52.06,52.06,51.72,51.3,50981388.0,381041952.0
2012-09-10,52.41,52.55,52.2,52.0,63799020.0,482615584.0
2012-09-07,51.24,53.72,52.48,51.1,145971936.0,1108956800.0
2012-09-06,50.68,51.03,50.96,50.41,38370244.0,281996032.0
2012-09-05,51.37,51.44,50.55,50.27,73135904.0,536590336.0
2012-09-04,52.2,52.41,51.51,51.3,44361376.0,332534240.0
2012-09-03,52.69,52.69,52.34,52.0,55393324.0,419440928.0
2012-08-31,52.34,53.03,52.55,52.27,37255104.0,284745600.0
2012-08-30,51.79,52.62,52.55,51.79,44804212.0,339823936.0
2012-08-29,52.2,52.27,52.13,51.93,38419444.0,289895904.0
2012-08-28,51.3,52.62,52.48,51.1,54763744.0,411991616.0
2012-08-27,51.44,51.72,51.1,51.03,40334512.0,300069728.0
2012-08-24,51.93,52.0,51.72,51.44,36963616.0,277056704.0
2012-08-23,51.86,52.13,51.93,51.58,36366408.0,273444032.0
2012-08-22,51.93,52.0,51.93,51.58,35326456.0,264640480.0
2012-08-21,51.86,52.2,51.86,51.72,36268940.0,272732512.0
2012-08-20,51.93,52.2,51.93,51.51,27038216.0,202877232.0
2012-08-17,51.93,52.34,52.13,51.86,33322664.0,251555248.0
2012-08-16,52.41,52.41,52.0,51.79,40630296.0,306256960.0
2012-08-15,53.86,53.86,52.34,52.13,89555248.0,683068992.0
2012-08-14,53.58,53.86,53.86,53.38,39743688.0,308683296.0
2012-08-13,53.86,54.07,53.52,53.45,47282080.0,368478432.0
2012-08-10,53.79,54.2,53.86,53.72,46782980.0,365500896.0
2012-08-09,53.52,53.58,53.52,53.1,32490296.0,251340992.0
2012-08-08,53.17,53.65,53.38,53.1,53821168.0,416624096.0
2012-08-07,53.31,53.38,53.1,52.82,34912528.0,268267936.0
2012-08-06,53.38,53.45,53.31,53.1,46411104.0,358235328.0
2012-08-03,53.45,53.52,53.45,53.03,44045380.0,339338688.0
2012-08-02,53.03,53.65,53.52,52.82,75444192.0,581966464.0
2012-08-01,52.96,53.24,52.82,52.41,62270864.0,476495456.0
2012-07-31,52.27,53.1,52.89,52.2,70118952.0,535947136.0
2012-07-30,51.93,52.82,52.2,51.72,62142488.0,470732256.0
2012-07-27,51.24,52.2,51.72,51.1,58500796.0,438293376.0
2012-07-26,51.1,51.44,51.1,50.89,30350496.0,224778992.0
2012-07-25,51.3,51.79,51.17,51.03,47580448.0,353247488.0
2012-07-24,51.3,51.79,51.51,51.17,48389404.0,360293120.0
2012-07-23,52.27,52.27,51.44,51.24,64501900.0,480841536.0
2012-07-20,52.96,53.03,52.55,52.48,55545512.0,423521024.0
2012-07-19,52.82,53.38,53.1,52.55,77344592.0,594527744.0
2012-07-18,53.1,53.1,52.96,52.48,47630984.0,363638272.0
2012-07-17,52.82,53.38,53.1,52.62,30224256.0,232272368.0
2012-07-16,53.52,53.52,52.69,52.62,46584900.0,358037216.0
2012-07-13,52.89,53.79,53.38,52.76,45202380.0,349346432.0
2012-07-12,53.24,53.31,52.96,52.34,100909328.0,770420608.0
2012-07-11,53.1,53.45,53.24,52.96,32425638.0,249889712.0
2012-07-10,52.96,53.58,53.17,52.89,45089772.0,347540672.0
2012-07-09,54.76,54.83,52.96,52.82,106535416.0,829804096.0
2012-07-06,54.69,55.03,55.03,54.41,115797072.0,917011456.0
2012-07-05,56.0,56.07,55.72,55.59,33635896.0,271555072.0
2012-07-04,55.93,56.48,56.07,55.79,39552476.0,321375936.0
2012-07-03,55.86,56.28,55.86,55.72,40080964.0,324895968.0
2012-07-02,56.28,56.28,55.86,55.59,43691988.0,353033248.0
2012-06-29,55.52,56.35,56.14,55.38,50974236.0,412653792.0
2012-06-28,55.59,55.72,55.31,55.31,28876448.0,232014032.0
2012-06-27,55.66,55.86,55.59,55.45,26966056.0,217422016.0
2012-06-26,55.72,56.07,55.66,55.45,39982536.0,323089664.0
2012-06-25,56.05,56.45,55.59,55.52,52706596.0,443526592.0
2012-06-21,56.65,56.65,56.19,55.92,39423884.0,332932096.0
2012-06-20,56.85,57.32,56.59,56.45,50000108.0,427039904.0
2012-06-19,56.39,56.85,56.52,56.12,47008304.0,398791968.0
2012-06-18,56.39,56.45,56.32,56.05,50212960.0,424346816.0
2012-06-15,55.32,56.79,56.39,55.19,134216056.0,1129580288.0
2012-06-14,55.26,55.52,55.06,54.92,80017464.0,664166656.0
2012-06-12,55.32,55.59,55.19,54.52,82431224.0,680814848.0
2012-06-11,55.66,55.79,55.52,55.32,71644864.0,597652544.0
2012-06-08,56.65,56.79,55.52,55.32,140389728.0,1176530432.0
2012-06-07,57.79,57.92,56.99,56.79,48026408.0,413324672.0
2012-06-06,57.19,57.79,57.39,56.92,49918848.0,429065888.0
2012-06-05,57.39,57.52,56.99,56.92,69666904.0,598110592.0
2012-06-04,57.98,57.98,57.19,57.12,69367976.0,599453504.0
2012-06-01,58.45,58.85,58.45,58.25,42401676.0,372673952.0
2012-05-31,58.52,58.58,58.38,58.25,67011196.0,587833152.0
2012-05-30,59.38,59.45,58.72,58.52,88036488.0,779244032.0
2012-05-29,58.98,59.78,59.58,58.72,93478648.0,831085312.0
2012-05-28,58.58,59.12,59.05,58.38,52347656.0,461949312.0
2012-05-25,58.92,58.98,58.52,58.38,45887776.0,404197696.0
2012-05-24,59.12,59.52,58.92,58.65,49757216.0,441704160.0
2012-05-23,59.58,59.65,59.18,58.92,61979792.0,552097472.0
2012-05-22,59.25,59.72,59.65,59.12,67549648.0,602839680.0
2012-05-21,58.98,59.32,59.05,58.78,46679612.0,413635872.0
2012-05-18,59.38,59.38,58.98,58.72,61950168.0,549225600.0
2012-05-17,59.45,60.05,59.72,59.25,43092664.0,386025728.0
2012-05-16,60.12,60.12,59.32,59.18,75535744.0,676147520.0
2012-05-15,59.92,60.25,60.18,59.78,60429992.0,544604544.0
2012-05-14,61.31,61.45,60.45,60.31,70896632.0,648414464.0
2012-05-11,60.98,61.45,60.98,60.72,35532728.0,325856896.0
2012-05-10,61.31,61.51,60.98,60.65,67576256.0,619397952.0
2012-05-09,61.91,61.98,61.25,61.11,65066892.0,600930048.0
2012-05-08,62.65,62.71,62.31,61.78,86721344.0,810233984.0
2012-05-07,62.78,63.11,62.71,62.18,82225736.0,773477056.0
2012-05-04,63.05,63.24,63.18,62.51,71659888.0,677231232.0
2012-05-03,63.31,63.58,62.98,62.71,60560076.0,574341312.0
2012-05-02,63.11,63.84,63.64,62.65,107696976.0,1023491904.0
2012-04-27,62.51,62.91,62.65,62.25,47114992.0,443152192.0
2012-04-26,62.71,62.98,62.38,61.91,53826936.0,503917248.0
2012-04-25,62.18,62.84,62.25,62.11,66489024.0,623235392.0
2012-04-24,61.45,63.58,62.45,61.38,113165456.0,1065629952.0
2012-04-23,61.71,62.11,61.51,61.31,41839068.0,387763904.0
2012-04-20,60.58,62.05,61.98,60.52,77240832.0,714085568.0
2012-04-19,60.58,60.98,60.72,60.31,48488000.0,441712576.0
2012-04-18,59.45,60.85,60.72,59.38,67117992.0,607091648.0
2012-04-17,60.31,60.52,59.45,59.45,49466012.0,444391616.0
2012-04-16,60.45,60.72,60.31,60.18,38614800.0,350463008.0
2012-04-13,60.65,60.91,60.85,60.05,61175664.0,556243008.0
2012-04-12,59.18,60.85,60.72,59.05,64571632.0,581979200.0
2012-04-11,59.05,59.58,59.18,58.92,39397072.0,350489728.0
2012-04-10,58.98,59.45,59.38,58.45,45147000.0,399088192.0
2012-04-09,59.18,59.52,58.85,58.78,34889828.0,309720480.0
2012-04-06,59.45,59.65,59.52,58.85,56682480.0,504458944.0
2012-04-05,59.25,59.58,59.45,58.65,76352000.0,677374528.0
2012-03-30,59.38,59.72,59.45,59.12,50587012.0,451335936.0
2012-03-29,59.52,59.92,59.05,58.92,48391416.0,432068896.0
2012-03-28,60.72,60.85,59.72,59.45,43565308.0,394701408.0
2012-03-27,60.91,61.05,60.72,60.45,27294640.0,249025232.0
2012-03-26,60.25,61.05,60.78,60.25,33692848.0,306941856.0
2012-03-23,60.58,60.72,60.31,60.05,35268448.0,319927040.0
2012-03-22,60.52,61.31,60.72,60.12,38651196.0,352251200.0
2012-03-21,61.11,61.18,60.45,60.05,51867060.0,471579968.0
2012-03-20,61.58,61.65,60.72,60.72,62725576.0,575220544.0
2012-03-19,61.65,62.05,61.78,61.51,50228036.0,466395776.0
2012-03-16,61.58,62.18,61.58,61.25,72584560.0,672304000.0
2012-03-15,62.31,62.91,61.18,60.98,70673896.0,661561280.0
2012-03-14,63.44,63.98,62.31,62.05,99280320.0,940852480.0
2012-03-13,62.51,63.44,63.05,62.25,61430152.0,582028864.0
2012-03-12,62.84,62.91,62.45,62.11,52784384.0,494779968.0
2012-03-09,63.05,63.31,63.05,62.71,47510500.0,449318752.0
2012-03-08,62.51,63.24,62.98,62.38,54828552.0,517039328.0
2012-03-07,62.51,62.84,62.18,62.11,51077236.0,479615296.0
2012-03-06,63.44,63.98,62.84,62.65,68450352.0,650629568.0
2012-03-05,64.84,64.91,63.78,63.78,66098036.0,638459392.0
2012-03-02,63.58,64.58,64.51,63.51,74013184.0,711842944.0
2012-03-01,63.24,63.84,63.58,63.18,46237868.0,441399328.0
2012-02-29,64.38,64.38,63.51,63.31,77757840.0,745267136.0
2012-02-28,63.11,64.58,64.31,62.98,136121120.0,1308533888.0
2012-02-27,63.71,64.04,63.11,62.91,126664016.0,1206459776.0
2012-02-24,62.25,63.44,63.31,61.98,128341832.0,1207795584.0
2012-02-23,62.05,62.58,62.11,61.78,87754888.0,818404864.0
2012-02-22,61.78,62.31,62.05,61.25,81447792.0,755732416.0
2012-02-21,61.71,61.98,61.78,61.25,42757384.0,395923936.0
2012-02-20,62.65,62.65,61.65,61.58,57740008.0,539245888.0
2012-02-17,61.58,61.98,61.65,61.25,41743292.0,386595872.0
2012-02-16,61.58,61.78,61.18,60.85,47501800.0,437494048.0
2012-02-15,60.98,61.85,61.45,60.85,55064760.0,507511360.0
2012-02-14,61.51,61.78,61.18,60.78,53024868.0,487049248.0
2012-02-13,61.58,62.38,61.71,61.11,49204968.0,456411680.0
2012-02-10,62.31,63.11,62.38,62.05,51836488.0,487049472.0
2012-02-09,62.91,63.11,62.58,62.31,50273856.0,473358240.0
2012-02-08,61.45,63.11,62.91,61.45,64270716.0,602796544.0
2012-02-07,62.05,62.31,61.51,61.11,51391400.0,475945760.0
2012-02-06,62.98,63.31,62.51,61.85,63691280.0,599080960.0
2012-02-03,62.25,63.24,62.84,62.05,97135312.0,914988416.0
2012-02-02,60.72,62.71,62.58,60.45,87973328.0,816297536.0
2012-02-01,61.25,61.65,60.45,60.25,39647888.0,362716576.0
2012-01-31,61.51,61.78,61.38,60.98,35464104.0,326763264.0
2012-01-30,62.58,62.65,61.38,61.25,71883152.0,668276672.0
2012-01-20,61.58,62.78,62.71,61.05,95052704.0,883450368.0
2012-01-19,60.25,61.38,61.25,60.05,68645568.0,628781824.0
2012-01-18,60.98,61.45,60.18,59.92,58089288.0,529288096.0
2012-01-17,59.92,61.65,61.25,58.52,97357264.0,876457408.0
2012-01-16,59.92,60.72,59.72,59.65,33100160.0,299225056.0
2012-01-13,60.65,61.11,60.18,59.72,56725332.0,514638080.0
2012-01-12,59.92,61.31,60.52,59.85,60486980.0,551261440.0
2012-01-11,60.25,60.58,59.92,59.78,49261156.0,444366560.0
2012-01-10,59.58,60.58,60.38,59.12,72004632.0,647206656.0
2012-01-09,58.05,59.85,59.58,57.79,80136248.0,711429632.0
2012-01-06,57.45,58.45,57.98,57.39,61778688.0,537043776.0
2012-01-05,56.39,58.72,57.59,56.39,132116200.0,1144753024.0
2012-01-04,56.85,56.99,55.99,55.85,34201380.0,290229536.0
2011-12-30,55.85,56.65,56.52,55.79,52982528.0,448339744.0
2011-12-29,55.59,55.79,55.59,55.19,40055044.0,333839360.0
2011-12-28,56.12,56.32,55.79,54.92,42011048.0,351109632.0
2011-12-27,56.39,56.79,56.19,55.92,31075676.0,262876944.0
2011-12-26,56.72,56.99,56.39,56.05,31788768.0,269877056.0
2011-12-23,56.85,57.32,56.85,56.52,23263186.0,198890336.0
2011-12-22,56.52,57.19,56.79,56.25,42682704.0,363453856.0
2011-12-21,57.65,58.05,56.79,56.59,41637648.0,359681312.0
2011-12-20,57.12,58.25,57.19,56.99,38376972.0,331731072.0
2011-12-19,57.05,57.52,57.32,55.72,45264960.0,384672672.0
2011-12-16,56.65,57.59,57.39,56.52,37730296.0,322463296.0
2011-12-15,56.99,57.39,56.52,56.45,41518788.0,354799712.0
2011-12-14,57.05,57.59,57.25,56.85,27334982.0,235202160.0
2011-12-13,57.52,58.05,57.12,56.99,47600712.0,412160768.0
2011-12-12,57.79,58.19,57.65,57.52,23035328.0,200109776.0
2011-12-09,58.12,58.45,57.92,57.52,29514000.0,257109792.0
2011-12-08,58.45,58.78,58.45,57.79,21909676.0,191759968.0
2011-12-07,58.19,58.78,58.45,57.92,23350900.0,204935328.0
2011-12-06,58.32,58.85,58.12,57.92,26440304.0,232129312.0
2011-12-05,58.85,59.32,58.59,57.45,40188320.0,354439392.0
2011-12-02,58.45,58.92,58.59,57.98,38638132.0,339557376.0
2011-12-01,58.19,59.58,58.65,58.12,89049080.0,787219136.0
2011-11-30,57.85,58.12,56.59,56.39,44971840.0,384658400.0
2011-11-29,57.65,58.19,58.12,57.39,25960610.0,225388352.0
2011-11-28,57.45,57.79,57.25,57.05,23967740.0,206431568.0
2011-11-25,57.92,58.05,57.39,57.25,21366538.0,184856608.0
2011-11-24,57.39,58.32,57.92,57.25,24460076.0,212634672.0
2011-11-23,58.32,58.38,57.85,57.39,26370232.0,228822400.0
2011-11-22,57.92,58.65,58.25,57.79,30669912.0,268099632.0
2011-11-21,58.85,58.92,58.19,57.72,32355328.0,281903840.0
2011-11-18,58.59,59.18,58.59,58.32,36819928.0,324198784.0
2011-11-17,59.52,59.72,58.98,58.85,32007464.0,284590464.0
2011-11-16,61.11,61.11,59.38,59.05,64028632.0,576115136.0
2011-11-15,61.25,61.38,61.11,60.78,30013432.0,275179264.0
2011-11-14,61.11,61.71,61.31,60.78,42296964.0,389371104.0
2011-11-11,60.31,61.05,60.45,60.25,25261828.0,230005504.0
2011-11-10,61.25,61.58,60.25,60.18,46636156.0,426657152.0
2011-11-09,61.51,61.85,61.71,61.11,27951632.0,257975136.0
2011-11-08,61.51,61.91,61.31,60.85,31693300.0,291603584.0
2011-11-07,61.58,61.78,61.11,60.98,32870036.0,302777632.0
2011-11-04,62.25,62.31,61.98,61.45,42565040.0,395922336.0
2011-11-03,62.45,62.51,61.51,61.38,84349600.0,785658944.0
2011-11-02,60.45,62.38,62.31,60.18,59397848.0,546059776.0
2011-11-01,60.91,62.18,61.11,60.65,57198904.0,527513056.0
2011-10-31,62.25,62.25,61.31,60.98,50778832.0,468747744.0
2011-10-28,62.58,63.58,62.45,61.65,82502752.0,775731712.0
2011-10-27,61.65,62.25,61.65,61.31,45585828.0,422360448.0
2011-10-26,60.78,61.91,61.11,60.25,68454848.0,631301568.0
2011-10-25,61.11,61.58,60.98,60.45,66314936.0,608223040.0
2011-10-24,59.32,61.31,60.98,59.05,94932080.0,864185472.0
2011-10-21,58.25,59.72,59.18,57.92,59306968.0,526976704.0
2011-10-20,58.38,58.98,58.12,57.52,50658456.0,443175232.0
2011-10-19,58.45,59.38,58.85,58.25,36188376.0,319545728.0
2011-10-18,58.92,59.25,58.45,58.25,41115344.0,362177728.0
2011-10-17,58.85,60.25,59.38,58.72,46009760.0,410848352.0
2011-10-14,58.85,59.12,58.78,58.12,40504200.0,356399904.0
2011-10-13,58.72,59.52,59.05,58.32,51298776.0,453963296.0
2011-10-12,56.85,59.38,58.92,56.52,89412224.0,787072832.0
2011-10-11,58.45,58.45,57.05,56.45,59130344.0,511050464.0
2011-10-10,56.72,56.99,56.05,55.99,32428434.0,274365568.0
2011-09-30,56.45,57.52,56.85,56.19,60468788.0,515663936.0
2011-09-29,55.85,56.72,56.25,55.45,43757788.0,369392512.0
2011-09-28,57.19,57.25,56.12,55.92,42407400.0,360008928.0
2011-09-27,56.72,57.12,56.72,56.45,40252612.0,343008384.0
2011-09-26,57.59,58.05,56.19,55.92,81748384.0,697436160.0
2011-09-23,57.98,58.65,58.12,57.32,54164832.0,470756864.0
2011-09-22,59.98,60.05,58.72,58.58,53791988.0,479557632.0
2011-09-21,58.98,61.38,60.52,58.32,70353056.0,635069888.0
2011-09-20,58.58,59.38,58.98,58.12,34551616.0,305251360.0
2011-09-19,59.32,59.38,58.65,58.52,41510240.0,366080576.0
2011-09-16,60.05,60.38,59.78,59.58,42224048.0,380213984.0
2011-09-15,60.58,61.05,59.58,59.52,56765028.0,512651840.0
2011-09-14,61.25,61.31,60.58,59.52,50592100.0,457967168.0
2011-09-13,61.11,61.38,60.91,60.72,27627216.0,252939808.0
2011-09-09,61.91,62.65,61.91,61.38,38055812.0,354331616.0
2011-09-08,61.91,62.11,61.65,61.25,28413650.0,263397216.0
2011-09-07,60.78,62.45,61.85,60.45,40598520.0,374413888.0
2011-09-06,60.52,61.38,60.65,60.12,42139540.0,384694368.0
2011-09-05,61.25,61.38,60.91,60.65,30840688.0,282591744.0
2011-09-02,62.25,62.58,61.85,61.25,32039820.0,297248800.0
2011-09-01,61.98,62.78,62.38,61.78,58506016.0,548068864.0
2011-08-31,61.11,62.25,61.85,60.98,34349428.0,318100896.0
2011-08-30,61.58,62.58,61.18,60.91,49166776.0,456223296.0
2011-08-29,61.85,61.85,61.11,60.78,75330944.0,693917120.0
2011-08-26,62.71,63.31,62.98,62.05,61998168.0,584450240.0
2011-08-25,60.91,63.44,63.11,60.65,121038880.0,1135191040.0
2011-08-24,61.31,62.18,60.58,60.45,53322200.0,490717792.0
2011-08-23,60.12,61.18,61.11,59.45,48210876.0,438712160.0
2011-08-22,60.18,60.91,59.78,59.58,42762552.0,385779136.0
2011-08-19,59.85,60.45,60.05,59.52,55545008.0,500195840.0
2011-08-18,62.05,62.11,60.72,60.52,40832236.0,375402144.0
2011-08-17,62.18,62.65,61.78,61.78,44535592.0,415370560.0
2011-08-16,62.25,63.31,62.25,61.71,92194080.0,866602368.0
2011-08-15,60.38,62.51,62.38,59.85,89493440.0,825023424.0
2011-08-12,60.72,60.91,60.12,59.78,51162640.0,463907936.0
2011-08-11,58.12,60.91,60.58,57.98,74782512.0,673428864.0
2011-08-10,60.05,60.45,59.32,59.05,67295856.0,605242176.0
2011-08-09,56.72,59.58,59.05,56.39,110925176.0,968666688.0
2011-08-08,59.58,60.52,58.12,57.39,98624720.0,871891968.0
2011-08-05,60.52,60.91,60.12,59.92,71952168.0,651685184.0
2011-08-04,61.98,62.58,61.78,61.71,30410552.0,283911232.0
2011-08-03,61.18,61.98,61.65,61.05,31523822.0,291253824.0
2011-08-02,61.58,61.98,61.65,60.78,41364988.0,380816096.0
2011-08-01,62.11,62.98,62.05,61.71,44930056.0,420409952.0
2011-07-29,61.58,63.98,62.58,60.78,95487760.0,894864384.0
2011-07-28,62.11,62.18,61.38,60.91,65663812.0,605993984.0
2011-07-27,62.45,62.71,62.51,62.25,48213160.0,452508640.0
2011-07-26,62.78,63.58,62.71,62.45,45125008.0,426214464.0
2011-07-25,64.24,64.38,62.78,62.38,88189088.0,838678400.0
2011-07-22,64.91,65.11,64.58,64.38,52488396.0,509417152.0
2011-07-21,65.44,65.58,64.78,64.18,73648904.0,716204416.0
2011-07-20,65.91,66.17,65.51,65.04,63761032.0,626819392.0
2011-07-19,66.17,66.31,65.58,65.38,77790440.0,768616576.0
2011-07-18,67.24,67.24,66.57,66.11,88296136.0,883661184.0
2011-07-15,66.91,67.5,67.17,66.51,66656004.0,672068544.0
2011-07-14,66.57,67.24,67.24,66.37,72244584.0,725394112.0
2011-07-13,66.11,67.11,66.64,65.71,60517248.0,605053184.0
2011-07-12,66.37,66.71,65.77,65.51,73779696.0,730710144.0
2011-07-11,66.91,67.44,66.91,66.31,77297568.0,774789760.0
2011-07-08,66.24,68.24,67.5,66.11,96178656.0,973144640.0
2011-07-07,67.17,67.57,66.11,65.91,110306184.0,1107281024.0
2011-07-06,66.64,66.64,66.04,65.24,78083392.0,771582208.0
2011-07-05,67.24,67.77,66.91,66.51,79844240.0,803065792.0
2011-07-04,65.17,67.37,67.24,65.11,137704160.0,1372265472.0
2011-07-01,65.58,65.64,64.84,64.24,84950360.0,829257856.0
2011-06-30,65.11,66.37,65.51,64.84,89477912.0,880212544.0
2011-06-29,66.57,66.84,64.98,64.84,92115792.0,906629888.0
2011-06-28,67.04,67.11,66.57,65.84,48625916.0,485148832.0
2011-06-27,67.24,67.97,67.04,66.57,61879840.0,624566464.0
2011-06-24,64.51,67.77,67.24,64.38,108608288.0,1083590784.0
2011-06-23,64.04,65.17,64.84,63.24,51462992.0,496177920.0
2011-06-22,64.78,64.78,64.11,63.71,44402680.0,428768704.0
2011-06-21,64.31,64.71,64.44,64.11,44032372.0,426182656.0
2011-06-20,63.58,64.38,64.24,63.31,49155844.0,471826240.0
2011-06-17,63.98,64.51,63.64,63.58,38151776.0,367427552.0
2011-06-16,64.38,64.64,63.98,63.84,43684112.0,420806048.0
2011-06-15,65.91,65.91,64.71,64.51,50642540.0,494521280.0
2011-06-14,65.11,66.84,66.04,64.78,59763716.0,594459904.0
2011-06-13,64.58,65.44,65.17,64.04,33499528.0,325257120.0
2011-06-10,64.64,65.24,64.84,64.44,41514188.0,403650880.0
2011-06-09,65.91,65.91,64.51,64.38,50650152.0,494816800.0
2011-06-08,67.31,67.37,66.04,65.11,71399600.0,705901440.0
2011-06-07,66.84,67.44,67.24,66.44,32112692.0,322851680.0
2011-06-03,66.71,67.5,67.17,66.57,38481952.0,387260352.0
2011-06-02,68.81,69.06,66.83,66.12,78054224.0,1039092736.0
2011-06-01,69.82,70.22,69.52,69.26,43373104.0,597661120.0
2011-05-31,69.87,70.17,70.12,69.01,54862272.0,754258688.0
2011-05-30,69.06,70.12,69.82,68.66,32773528.0,450312960.0
2011-05-27,69.21,70.27,69.26,68.66,42690708.0,586884288.0
2011-05-26,69.36,69.56,69.06,68.6,32165476.0,439304192.0
2011-05-25,69.92,70.12,68.81,68.7,30456436.0,417290080.0
2011-05-24,69.92,70.53,70.07,69.77,33302192.0,462259456.0
2011-05-23,71.69,71.99,70.12,69.82,49529764.0,690545344.0
2011-05-20,71.49,72.6,72.04,71.34,51652212.0,736778816.0
2011-05-19,71.74,72.45,71.54,71.34,44471116.0,632129344.0
2011-05-18,70.27,71.94,71.59,70.02,54624468.0,770723072.0
2011-05-17,69.31,70.83,70.38,68.91,48282260.0,669260992.0
2011-05-16,69.56,70.38,69.26,69.21,37488832.0,517163712.0
2011-05-13,69.21,69.97,69.97,68.25,52149616.0,712045056.0
2011-05-12,69.87,70.53,69.06,69.01,37059484.0,511077952.0
2011-05-11,70.68,71.08,70.22,69.87,27344004.0,380898272.0
2011-05-10,69.82,70.78,70.68,69.36,36795360.0,511163680.0
2011-05-09,69.82,70.68,69.62,69.31,30554676.0,422490272.0
2011-05-06,69.41,70.68,69.92,69.11,36757392.0,508740032.0
2011-05-05,69.56,70.78,70.22,68.96,46974560.0,650093888.0
2011-05-04,71.84,72.7,69.97,69.52,81001232.0,1132838528.0
2011-05-03,72.05,72.91,72.3,71.44,47035504.0,673472576.0
2011-04-29,74.37,74.57,72.25,70.83,101688584.0,1452649728.0
2011-04-27,75.03,75.84,73.97,73.11,97470768.0,1439938944.0
2011-04-26,73.77,74.67,74.62,73.36,84160008.0,1234241152.0
2011-04-25,73.71,74.52,73.56,72.85,75979224.0,1108066432.0
2011-04-22,73.61,74.12,73.11,72.75,47599632.0,690125824.0
2011-04-21,74.02,74.88,73.61,73.31,56955896.0,832686400.0
2011-04-20,73.87,74.88,73.41,72.91,60869160.0,887371136.0
2011-04-19,75.13,75.89,73.71,73.66,85498256.0,1261580032.0
2011-04-18,75.94,76.9,75.89,75.38,79681032.0,1200582144.0
2011-04-15,75.38,76.65,76.29,74.88,72972840.0,1095421312.0
2011-04-14,76.29,77.2,75.69,75.48,126396920.0,1907393152.0
2011-04-13,72.55,76.14,75.84,72.5,114475528.0,1677223680.0
2011-04-12,73.31,74.22,73.01,72.3,87681112.0,1271603456.0
2011-04-11,73.66,75.38,73.51,73.31,120906816.0,1775882496.0
2011-04-08,73.51,74.37,73.46,72.8,68431752.0,995248768.0
2011-04-07,73.77,74.37,73.61,73.21,98951024.0,1443643904.0
2011-04-06,71.59,73.87,73.81,71.59,191242688.0,2768155392.0
2011-04-01,68.81,71.69,71.54,68.81,139484640.0,1947168640.0
2011-03-31,70.07,70.32,68.91,68.35,78290832.0,1072999168.0
2011-03-30,69.46,70.83,70.07,69.06,171723152.0,2380731136.0
2011-03-29,68.15,70.07,68.91,68.1,116597368.0,1593941120.0
2011-03-28,68.55,69.36,68.0,67.84,89692560.0,1219766912.0
2011-03-25,66.83,68.66,67.8,66.83,83143552.0,1116145920.0
2011-03-24,67.29,67.69,66.68,66.38,39629180.0,523824416.0
2011-03-23,66.53,67.69,67.19,66.33,56238252.0,746472064.0
2011-03-22,65.67,67.34,66.68,64.91,70018768.0,919016000.0
2011-03-21,65.27,66.02,65.47,65.06,46708140.0,604983296.0
2011-03-18,65.52,65.92,65.27,65.01,43770808.0,566212736.0
2011-03-17,65.16,65.62,65.06,64.81,46829496.0,602924288.0
2011-03-16,65.21,66.18,65.82,64.86,62901816.0,814120000.0
2011-03-15,66.18,66.18,65.32,64.46,92725768.0,1193536384.0
2011-03-14,66.23,66.83,66.38,66.12,44064900.0,578145216.0
2011-03-11,66.88,67.24,66.28,65.87,64682920.0,851985600.0
2011-03-10,68.66,68.66,66.98,66.83,94145608.0,1256350976.0
2011-03-09,69.21,69.77,68.86,68.7,75569416.0,1034222208.0
2011-03-08,68.76,69.92,68.96,68.5,95174192.0,1301033088.0
2011-03-07,68.7,69.92,68.86,68.15,121331696.0,1655652992.0
2011-03-04,67.74,68.76,68.6,67.44,120797968.0,1626377344.0
2011-03-03,66.68,69.77,68.05,66.68,263696320.0,3550340352.0
2011-03-02,65.16,67.49,66.68,64.91,198210464.0,2605382400.0
2011-03-01,64.41,65.82,65.52,64.41,128630208.0,1658382848.0
2011-02-28,64.0,64.45,64.3,63.49,50718952.0,642186240.0
2011-02-25,63.7,64.56,64.0,63.34,61226468.0,773953728.0
2011-02-24,63.75,63.8,63.75,63.14,97281920.0,1219329408.0
2011-02-23,63.85,64.41,63.8,63.29,66811756.0,842434368.0
2011-02-22,65.72,65.72,64.0,63.75,93354992.0,1190287232.0
2011-02-21,65.42,65.87,65.82,65.06,76184520.0,985182784.0
2011-02-18,65.97,66.68,65.97,65.32,68116200.0,887867072.0
2011-02-17,65.97,66.83,66.18,65.67,107896344.0,1410869120.0
2011-02-16,65.67,65.87,65.57,65.16,108130992.0,1399038848.0
2011-02-15,66.53,66.78,65.92,65.77,111743064.0,1462480128.0
2011-02-14,64.41,66.78,66.48,64.35,155522880.0,2025335168.0
2011-02-11,64.51,64.66,64.51,63.9,86524656.0,1097943936.0
2011-02-10,63.8,64.71,64.61,63.59,47401672.0,601093824.0
2011-02-09,64.3,64.91,63.9,63.7,50344812.0,640373696.0
2011-02-01,64.41,64.61,64.56,64.0,41824772.0,532086944.0
2011-01-31,64.25,64.66,64.35,63.75,52767632.0,669997056.0
2011-01-28,64.61,64.96,64.2,63.7,53000400.0,672289536.0
2011-01-27,64.51,65.11,64.91,63.29,69649480.0,885350208.0
2011-01-26,65.27,65.42,65.16,64.86,32488432.0,418118016.0
2011-01-25,64.51,65.52,65.11,64.1,49402536.0,634358528.0
2011-01-24,64.35,65.01,64.46,63.8,40025944.0,509605600.0
2011-01-21,63.19,66.68,64.51,63.14,69001296.0,884042048.0
2011-01-20,64.61,64.81,63.14,63.09,45362808.0,571579136.0
2011-01-19,64.25,64.91,64.86,63.65,39145000.0,497010144.0
2011-01-18,63.59,64.66,64.2,63.34,39880972.0,505302336.0
2011-01-17,65.62,66.28,63.8,62.79,85126256.0,1090523008.0
2011-01-14,67.24,67.24,66.48,66.12,58900524.0,775149760.0
2011-01-13,68.25,68.55,67.49,67.44,55412160.0,743119680.0
2011-01-12,68.0,68.3,68.25,66.83,103066728.0,1380549760.0
2011-01-11,65.77,67.9,67.8,65.77,114502560.0,1518387968.0
2011-01-10,66.33,67.49,66.12,65.42,128007504.0,1679801984.0
2011-01-07,64.2,68.35,66.94,63.65,278797600.0,3673752832.0
2011-01-06,64.41,65.21,64.1,63.75,63954084.0,814451712.0
2011-01-05,64.25,65.32,64.3,63.9,107014160.0,1367751424.0
2011-01-04,62.84,64.15,63.8,62.23,104301456.0,1307174912.0
