date,open,high,close,low,volume,amount
2015-12-31,31.8,32.02,31.41,31.34,17606564.0,314092085.0
2015-12-30,32.16,32.19,31.75,31.45,24260730.0,434081034.0
2015-12-29,31.93,32.23,32.21,31.38,23289025.0,417732301.0
2015-12-28,33.65,33.65,31.98,31.87,51381853.0,941431940.0
2015-12-25,33.7,34.15,33.67,33.22,33380646.0,634969666.0
2015-12-24,33.15,34.06,33.68,32.92,42705400.0,807044672.0
2015-12-23,33.17,33.98,33.1,32.62,52049588.0,979709504.0
2015-12-22,32.67,33.56,32.96,32.6,42595584.0,792842805.0
2015-12-21,31.66,33.49,32.71,31.43,67062232.0,1231725824.0
2015-12-18,31.11,32.9,31.77,30.97,53073416.0,956091584.0
2015-12-17,31.09,31.71,31.23,30.95,30301640.0,534129696.0
2015-12-16,30.9,31.18,30.83,30.72,19227944.0,335291488.0
2015-12-15,31.41,31.5,30.74,30.58,24368396.0,424927296.0
2015-12-14,30.2,31.91,31.55,30.17,27181528.0,475674112.0
2015-12-11,31.06,31.07,30.49,30.29,24079160.0,416118880.0
2015-12-10,31.48,32.32,31.25,31.23,23657368.0,423273088.0
2015-12-09,31.38,31.86,31.55,31.15,25814171.0,458361907.0
2015-12-08,31.39,31.93,31.32,30.77,27487876.0,485530592.0
2015-12-07,31.75,31.89,31.52,31.2,21807994.0,387330196.0
2015-12-04,32.3,32.74,31.59,31.48,40574172.0,731659712.0
2015-12-03,32.65,34.2,32.94,32.0,88530060.0,1659553104.0
2015-12-02,29.92,32.99,32.76,29.71,84029568.0,1507110400.0
2015-12-01,30.13,30.33,30.01,29.28,30676741.0,513348839.0
2015-11-30,30.13,30.24,30.08,29.11,35950552.0,604082112.0
2015-11-27,31.57,31.68,29.71,29.28,44968152.0,778609856.0
2015-11-26,32.35,32.8,31.84,31.73,51017536.0,932091264.0
2015-11-25,31.71,32.21,31.94,31.52,26355316.0,473100000.0
2015-11-24,31.8,31.91,31.66,31.39,23937740.0,425659488.0
2015-11-23,32.39,32.56,31.84,31.77,30199988.0,544704960.0
2015-11-20,32.74,33.26,32.46,32.35,31956180.0,588895168.0
2015-11-19,32.56,33.01,32.71,32.17,32393124.0,592956800.0
2015-11-18,32.17,33.9,32.85,31.61,63671212.0,1174467456.0
2015-11-17,31.84,33.35,32.16,31.84,59975460.0,1101560576.0
2015-11-16,31.07,31.59,31.52,30.7,32538616.0,572901312.0
2015-11-13,31.89,32.48,31.41,31.32,42834004.0,769359040.0
2015-11-12,32.48,32.78,32.14,31.86,38027960.0,690869952.0
2015-11-11,32.56,32.56,32.17,31.89,52339972.0,948516160.0
2015-11-10,32.94,33.7,32.83,32.09,67288200.0,1242214272.0
2015-11-09,33.05,36.03,33.49,33.05,123283352.0,2395263488.0
2015-11-06,31.98,33.51,32.8,31.71,74621848.0,1369628416.0
2015-11-05,30.56,33.93,32.73,30.36,88805200.0,1637847168.0
2015-11-04,28.89,30.88,30.84,28.84,50853320.0,863742720.0
2015-11-03,29.39,29.66,28.79,28.71,21557836.0,353065536.0
2015-11-02,29.82,30.52,29.53,29.5,18731996.0,315581888.0
2015-10-30,29.85,30.28,30.03,29.55,23491868.0,396525728.0
2015-10-29,29.3,29.96,29.74,29.3,27137396.0,454813728.0
2015-10-28,29.89,29.99,29.26,29.11,22420646.0,374174432.0
2015-10-27,30.17,30.17,29.97,29.3,30567370.0,511946368.0
2015-10-26,30.61,31.32,30.36,30.19,44128404.0,763714624.0
2015-10-23,29.19,30.65,30.19,29.19,44083540.0,748235840.0
2015-10-22,28.39,29.9,29.55,28.09,48889448.0,801937728.0
2015-10-21,27.81,30.05,28.71,27.61,89982640.0,1468295040.0
2015-10-20,27.83,28.15,27.95,27.51,23428012.0,366756768.0
2015-10-19,27.92,28.38,27.84,27.54,44783684.0,706428480.0
2015-10-16,27.47,28.06,27.84,27.44,36829764.0,576962560.0
2015-10-15,27.06,27.51,27.47,26.98,26215332.0,403548672.0
2015-10-14,27.15,27.45,27.01,26.99,17438602.0,267191824.0
2015-10-13,27.42,28.02,27.76,26.96,33626860.0,514653760.0
2015-10-12,27.01,27.88,27.65,26.9,40565216.0,627649792.0
2015-10-09,26.27,27.01,26.89,26.18,21069796.0,318108576.0
2015-10-08,26.5,26.62,26.19,25.98,20054840.0,297184544.0
2015-09-30,25.5,26.0,25.75,25.34,12023510.0,174381568.0
2015-09-29,25.71,25.86,25.32,25.16,12072964.0,173382592.0
2015-09-28,25.57,26.02,25.95,25.5,12157776.0,176644272.0
2015-09-25,25.86,26.0,25.59,25.5,13296686.0,192335648.0
2015-09-24,25.71,26.07,25.8,25.68,11083403.0,161377984.0
2015-09-23,26.62,26.62,25.77,25.73,17891624.0,263373424.0
2015-09-22,26.37,27.19,26.85,26.13,29414548.0,458502400.0
2015-09-21,25.85,26.4,26.28,25.79,17715336.0,270308832.0
2015-09-18,26.11,26.23,25.91,25.82,10696044.0,162109024.0
2015-09-17,26.09,26.56,26.11,25.94,28540248.0,437055552.0
2015-09-16,25.56,26.97,26.37,25.24,23756440.0,360016704.0
2015-09-15,25.65,25.84,25.49,25.18,21005646.0,313263744.0
2015-09-14,26.08,26.15,26.08,24.65,48536112.0,725948928.0
2015-09-11,25.85,26.16,25.89,25.82,16093035.0,243554576.0
2015-09-10,25.73,26.21,25.96,25.58,22466210.0,340099456.0
2015-09-09,25.79,26.33,26.11,25.48,46248228.0,697536384.0
2015-09-08,25.22,26.18,25.91,25.05,39690732.0,595288512.0
2015-09-07,26.16,26.56,25.36,25.27,45481856.0,688259904.0
2015-09-02,26.4,27.07,26.35,25.94,102467904.0,1587065856.0
2015-09-01,26.18,27.54,27.31,25.73,108215312.0,1688080000.0
2015-08-31,25.49,26.93,26.88,25.05,85260768.0,1290970368.0
2015-08-28,25.03,25.37,25.32,24.46,74608696.0,1083699840.0
2015-08-27,22.3,24.4,24.4,22.3,79870328.0,1083946368.0
2015-08-26,21.79,22.97,22.18,21.12,85918912.0,1104348032.0
2015-08-25,21.79,23.45,20.95,20.81,90248392.0,1150680064.0
2015-08-24,24.93,25.01,23.13,23.13,72338208.0,996941760.0
2015-08-21,26.73,27.07,25.7,25.51,44923104.0,692392256.0
2015-08-20,27.66,27.71,26.87,26.68,29012654.0,462180544.0
2015-08-19,27.31,28.1,27.76,26.63,46148512.0,735414208.0
2015-08-18,29.34,29.99,27.66,27.24,50059572.0,849025600.0
2015-08-17,29.65,29.8,29.39,28.99,35543592.0,607384640.0
2015-08-14,29.94,30.21,29.92,29.73,30570850.0,534081856.0
2015-08-13,29.78,30.23,30.01,29.3,30746640.0,533648544.0
2015-08-12,30.13,30.3,29.85,29.59,38591776.0,673767296.0
2015-08-11,30.88,31.14,30.5,30.18,45812032.0,819082880.0
2015-08-10,30.04,31.24,31.1,29.82,51502496.0,919300992.0
2015-08-07,29.82,30.42,30.21,29.77,27156492.0,478048096.0
2015-08-06,29.71,30.47,29.82,29.37,28046298.0,491906016.0
2015-08-05,30.42,30.49,29.94,29.85,29775904.0,523126048.0
2015-08-04,30.21,30.66,30.57,29.64,48220624.0,850210240.0
2015-08-03,28.79,30.28,30.25,28.67,69446088.0,1195427072.0
2015-07-31,28.14,29.64,29.11,27.96,60619844.0,1018763968.0
2015-07-30,29.51,29.51,28.55,28.24,63985460.0,1088141312.0
2015-07-29,29.16,29.85,29.73,28.62,83628992.0,1426618752.0
2015-07-28,27.45,29.39,29.06,26.93,99220480.0,1641960192.0
2015-07-27,31.39,32.12,28.46,28.46,101507912.0,1799611136.0
2015-07-24,31.29,32.58,31.62,31.1,109654760.0,2043692160.0
2015-07-23,30.69,31.33,31.26,30.4,78965720.0,1428703104.0
2015-07-22,30.85,31.14,30.66,30.28,50703936.0,907396096.0
2015-07-21,30.54,31.22,30.74,30.19,51850944.0,930645440.0
2015-07-20,31.33,31.33,30.64,30.43,71329408.0,1282949376.0
2015-07-17,30.71,31.74,31.5,30.52,100611544.0,1829908608.0
2015-07-16,30.45,31.16,30.68,30.04,67040960.0,1192479872.0
2015-07-15,30.88,31.46,30.37,29.8,112873856.0,2029197440.0
2015-07-14,31.16,31.46,31.04,30.02,130581840.0,2347026432.0
2015-07-13,30.88,32.49,31.72,30.37,156597264.0,2873405952.0
2015-07-10,28.99,32.55,31.7,28.74,181061552.0,3317097472.0
2015-07-09,27.0,29.7,29.68,24.58,190308000.0,3115797248.0
2015-07-08,27.11,28.72,27.0,27.0,133818936.0,2132520704.0
2015-07-07,29.52,30.95,30.01,27.43,173953184.0,3011527168.0
2015-07-06,31.74,31.74,30.4,28.86,152082560.0,2682679552.0
2015-07-03,30.97,31.91,28.86,28.86,139570144.0,2442832896.0
2015-07-02,34.43,35.19,32.06,31.69,176302160.0,3418882048.0
2015-07-01,37.8,38.6,35.2,35.2,188187840.0,4084152832.0
2015-06-30,37.23,40.69,39.12,36.11,236711120.0,5292116992.0
2015-06-29,35.86,37.91,37.19,33.73,240820624.0,5077355008.0
2015-06-26,33.66,36.59,34.53,31.91,166695648.0,3376502016.0
2015-06-25,36.03,37.19,34.86,34.36,157525776.0,3313193472.0
2015-06-24,34.31,34.86,34.81,33.42,100502112.0,2001780864.0
2015-06-23,32.36,33.51,33.42,30.95,63728048.0,1211872128.0
2015-06-19,33.63,34.83,32.42,32.08,68987552.0,1362451712.0
2015-06-18,34.14,35.17,34.05,33.56,80764832.0,1611496064.0
2015-06-17,35.29,35.63,34.74,33.78,88699776.0,1790916608.0
2015-06-16,34.77,35.68,34.72,34.19,91937440.0,1878304512.0
2015-06-15,36.47,36.54,35.03,34.52,115354288.0,2372263168.0
2015-06-12,38.43,40.32,36.51,36.15,167292624.0,3622740480.0
2015-06-04,36.39,40.71,38.02,36.39,127149112.0,2879475712.0
2015-06-03,34.33,38.17,37.02,34.05,167981904.0,3567693824.0
2015-06-02,34.31,35.08,34.71,33.63,109619928.0,2192172800.0
2015-06-01,32.6,35.0,34.52,31.57,155898400.0,3031166464.0
2015-05-29,32.2,33.37,32.56,30.73,151565216.0,2861154816.0
2015-05-28,31.27,34.12,31.46,31.22,166436928.0,3149600000.0
2015-05-27,32.08,32.3,31.57,31.43,76931304.0,1428096000.0
2015-05-26,32.08,32.22,32.06,31.17,92591096.0,1709644672.0
2015-05-25,31.53,32.56,32.0,31.39,110001528.0,2050114944.0
2015-05-22,30.19,31.16,30.93,29.77,109095184.0,1947836544.0
2015-05-21,29.39,29.77,29.73,29.16,55313344.0,951011712.0
2015-05-20,29.58,30.25,29.52,29.01,95757920.0,1655600512.0
2015-05-19,28.08,29.9,29.47,27.96,93370816.0,1585635456.0
2015-05-18,28.31,28.68,27.96,27.86,58911680.0,969463744.0
2015-05-15,29.58,29.95,28.68,28.43,63177712.0,1072096768.0
2015-05-14,30.13,30.57,29.63,29.39,76865352.0,1337308928.0
2015-05-13,30.83,31.16,29.9,29.44,102947416.0,1822809856.0
2015-05-12,29.68,30.25,30.07,29.3,106006896.0,1844146944.0
2015-05-11,28.31,29.75,29.66,28.1,94029536.0,1585155584.0
2015-05-08,28.98,29.1,28.51,27.54,68126592.0,1129222784.0
2015-05-07,28.32,28.93,28.51,28.17,57539712.0,959031808.0
2015-05-06,28.55,29.68,28.51,28.15,103401704.0,1750100480.0
2015-05-05,29.82,30.33,28.41,28.14,103872048.0,1771134848.0
2015-05-04,30.02,30.13,30.02,29.35,76640144.0,1330064640.0
2015-04-30,30.88,31.17,30.11,30.07,109898936.0,1960877312.0
2015-04-29,30.54,30.98,30.81,30.04,178687040.0,3179830272.0
2015-04-28,29.52,31.84,31.48,29.16,347587648.0,6276422656.0
2015-04-27,28.32,28.96,28.94,28.07,114822936.0,1912973440.0
2015-04-24,28.45,28.68,28.02,27.64,86798640.0,1422605184.0
2015-04-23,28.86,29.3,28.94,28.58,117637864.0,1984748800.0
2015-04-22,27.95,28.94,28.82,27.76,96796824.0,1596621440.0
2015-04-21,27.45,27.93,27.86,27.07,80358896.0,1289967616.0
2015-04-20,29.25,29.39,27.47,27.36,138912880.0,2307918848.0
2015-04-17,29.08,29.39,28.91,28.39,119040728.0,2009536896.0
2015-04-16,28.14,28.8,28.79,27.79,104759856.0,1722425600.0
2015-04-15,27.62,28.84,28.39,27.36,154085984.0,2540695552.0
2015-04-14,28.0,28.03,27.6,27.28,83478272.0,1342549120.0
2015-04-13,28.34,28.6,28.02,27.72,118773296.0,1941482112.0
2015-04-10,26.76,27.95,27.74,26.7,115619472.0,1844025984.0
2015-04-09,27.45,28.45,27.05,27.0,145407232.0,2337018880.0
2015-04-08,26.87,27.54,27.5,26.13,146575376.0,2292332544.0
2015-04-07,26.16,27.02,26.76,25.85,158520992.0,2434395136.0
2015-04-03,25.37,25.77,25.73,25.27,88684000.0,1319369600.0
2015-04-02,25.63,25.82,25.55,25.18,75523608.0,1118793344.0
2015-04-01,25.39,25.87,25.61,25.29,72474848.0,1079932160.0
2015-03-31,26.16,26.52,25.48,25.32,121409104.0,1835278080.0
2015-03-30,25.07,26.01,25.7,25.07,120140664.0,1794271488.0
2015-03-27,25.03,25.36,24.98,24.76,68047776.0,992134272.0
2015-03-26,24.58,25.92,25.22,24.41,124965728.0,1846092416.0
2015-03-25,25.18,25.2,24.64,24.52,99408776.0,1436542336.0
2015-03-24,25.72,25.84,25.34,25.18,108783296.0,1611300480.0
2015-03-23,25.46,25.89,25.7,25.37,99482856.0,1484903936.0
2015-03-20,25.07,26.03,25.51,24.79,118491816.0,1755542272.0
2015-03-19,25.49,25.49,25.07,24.95,88751416.0,1300943872.0
2015-03-18,25.34,25.92,25.61,25.22,100903704.0,1501113600.0
2015-03-17,25.22,25.58,25.41,25.01,116318600.0,1712625536.0
2015-03-16,25.2,25.44,25.2,24.62,117145256.0,1710665344.0
2015-03-13,25.2,26.45,24.89,24.55,215267520.0,3189845504.0
2015-03-12,24.33,26.03,25.18,24.07,293358560.0,4343643136.0
2015-03-11,23.45,24.33,23.66,23.33,101333824.0,1404253696.0
2015-03-10,23.42,24.58,23.55,23.02,191315344.0,2638217216.0
2015-03-09,21.72,23.54,23.54,21.41,159224864.0,2122100992.0
2015-03-06,21.31,21.62,21.39,21.27,28915594.0,361585792.0
2015-03-05,21.62,21.62,21.31,21.2,37366108.0,464959808.0
2015-03-04,21.86,21.93,21.63,21.45,37136412.0,467901920.0
2015-03-03,22.3,22.32,21.77,21.75,47557788.0,609381184.0
2015-03-02,22.47,22.53,22.44,22.18,43152680.0,561542336.0
2015-02-27,22.56,22.66,22.37,22.3,48901128.0,641824320.0
2015-02-26,21.74,22.56,22.54,21.63,52082016.0,673055488.0
2015-02-25,22.16,22.22,21.7,21.62,28885424.0,368980032.0
2015-02-17,22.25,22.49,22.23,22.16,34323884.0,446147744.0
2015-02-16,22.03,22.29,22.16,21.84,32226156.0,414324832.0
2015-02-13,21.82,22.44,21.98,21.74,47005472.0,604309504.0
2015-02-12,21.79,21.84,21.74,21.5,28712658.0,362657856.0
2015-02-11,21.68,21.84,21.72,21.53,26428690.0,333969056.0
2015-02-10,21.26,21.77,21.68,21.17,37918248.0,475815488.0
2015-02-09,20.93,21.55,21.31,20.83,38981876.0,481035712.0
2015-02-06,21.31,21.63,21.09,20.95,51919860.0,644160128.0
2015-02-05,22.56,23.16,21.72,21.65,132539136.0,1740601856.0
2015-02-04,21.93,22.05,21.45,21.41,36860608.0,467655744.0
2015-02-03,21.75,21.99,21.93,21.48,33764200.0,427599360.0
2015-02-02,21.45,21.82,21.53,21.31,34301304.0,431285376.0
2015-01-30,22.22,22.32,21.99,21.82,37504200.0,482880800.0
2015-01-29,22.11,22.2,21.94,21.86,35805116.0,459434272.0
2015-01-28,22.37,22.71,22.34,22.06,46104688.0,600859008.0
2015-01-27,22.8,22.84,22.53,22.01,52058292.0,679542720.0
2015-01-26,22.68,22.85,22.8,22.27,46532176.0,610510208.0
2015-01-23,22.7,23.25,22.68,22.61,64520832.0,859161920.0
2015-01-22,22.65,22.89,22.61,22.34,59575828.0,783892672.0
2015-01-21,21.87,22.95,22.78,21.7,87337392.0,1134966528.0
2015-01-20,21.63,21.94,21.77,21.27,60775984.0,767341248.0
2015-01-19,22.29,22.77,21.41,21.39,118397248.0,1511317888.0
2015-01-16,23.85,24.21,23.78,23.54,74075592.0,1032103680.0
2015-01-15,23.16,23.86,23.85,22.84,64885964.0,882796224.0
2015-01-14,23.01,23.55,23.09,22.92,43488396.0,588139328.0
2015-01-13,22.99,23.37,22.9,22.82,38872344.0,521897536.0
2015-01-12,23.42,23.78,23.13,22.71,70561760.0,956246720.0
2015-01-09,23.33,25.01,23.76,23.16,114092944.0,1608370816.0
2015-01-08,24.45,24.53,23.5,23.4,73387024.0,1016018176.0
2015-01-07,24.38,24.82,24.4,24.07,77040544.0,1095777920.0
2015-01-06,24.86,25.68,24.72,24.22,113368192.0,1642483456.0
2015-01-05,25.36,25.56,25.24,24.53,129920784.0,1903103104.0
2014-12-31,24.67,25.32,25.13,24.38,121871888.0,1771247104.0
2014-12-30,24.14,25.01,24.69,24.1,119875560.0,1722484096.0
2014-12-29,25.15,25.87,24.31,23.74,142383712.0,2064564480.0
2014-12-26,23.61,24.52,24.46,23.52,132850128.0,1875140352.0
2014-12-25,23.16,24.1,23.74,22.82,99703304.0,1366863488.0
2014-12-24,23.88,24.05,22.7,22.1,103925144.0,1387007232.0
2014-12-23,24.34,25.05,23.85,23.66,94442800.0,1334277376.0
2014-12-22,24.5,26.59,25.07,24.34,186080800.0,2763836672.0
2014-12-19,24.38,25.18,24.67,23.85,111930736.0,1602830592.0
2014-12-18,25.56,25.8,24.55,24.19,169044464.0,2461112832.0
2014-12-17,23.66,25.97,25.87,22.99,286242816.0,4146123520.0
2014-12-16,21.65,23.64,23.61,21.58,142846864.0,1885251968.0
2014-12-15,21.67,21.79,21.68,21.2,62331760.0,779322432.0
2014-12-12,21.87,22.44,21.8,21.67,75559376.0,969377664.0
2014-12-11,21.2,22.77,22.03,21.12,126491488.0,1631932544.0
2014-12-10,20.93,21.87,21.58,20.19,141683072.0,1740606336.0
2014-12-09,22.82,23.78,21.17,21.07,185627200.0,2461860096.0
2014-12-08,22.95,23.91,23.4,22.35,186489440.0,2515693312.0
2014-12-05,23.33,24.69,23.4,22.44,210426800.0,2875142656.0
2014-12-04,21.89,23.33,23.23,21.75,196851296.0,2595667200.0
2014-12-03,22.95,23.49,22.2,21.58,192981408.0,2549209856.0
2014-12-02,21.77,23.8,22.97,21.48,162962656.0,2147749888.0
2014-12-01,22.87,23.97,21.94,21.82,187658528.0,2474537728.0
2014-11-28,20.84,22.95,22.87,20.67,195305680.0,2478601984.0
2014-11-27,21.0,21.39,20.9,20.47,154048896.0,1881239296.0
2014-11-26,19.61,20.96,20.59,19.32,161549872.0,1900924928.0
2014-11-25,19.42,19.83,19.63,18.96,100643824.0,1134815744.0
2014-11-24,18.67,20.04,19.4,18.53,175404160.0,1975788288.0
2014-11-21,18.34,19.34,19.2,18.01,120672992.0,1310250752.0
2014-11-20,18.0,18.55,18.37,17.89,80879920.0,860502976.0
2014-11-19,18.03,18.17,18.08,17.82,61070456.0,640538496.0
2014-11-18,18.36,18.44,18.0,17.91,59525392.0,628258304.0
2014-11-17,18.49,18.8,18.48,18.15,59884192.0,643540544.0
2014-11-14,18.91,18.91,18.46,18.15,80081976.0,859679744.0
2014-11-13,19.37,19.85,18.97,18.87,91549480.0,1030775616.0
2014-11-12,19.25,19.35,19.32,18.72,66832256.0,741856640.0
2014-11-11,19.78,20.96,19.35,18.85,180509376.0,2103707136.0
2014-11-10,19.13,19.83,19.78,18.53,100499536.0,1117364224.0
2014-11-07,17.93,19.75,18.8,17.93,131616880.0,1444875392.0
2014-11-06,18.07,18.25,18.05,17.86,46868212.0,493775008.0
2014-11-05,18.41,18.44,18.05,17.81,72235328.0,762034432.0
2014-11-04,18.18,18.75,18.39,17.91,118114456.0,1265084288.0
2014-11-03,18.36,18.58,18.32,18.08,132320624.0,1411631744.0
2014-10-31,16.83,18.49,18.41,16.78,221695200.0,2328499712.0
2014-10-30,16.06,16.97,16.81,15.99,105272680.0,1010566080.0
2014-10-29,15.78,16.21,16.01,15.65,51316300.0,477002816.0
2014-10-28,15.36,15.7,15.68,15.34,20892372.0,188849216.0
2014-10-27,15.71,15.71,15.29,15.22,29620738.0,266184672.0
2014-10-24,15.71,15.95,15.78,15.65,39813152.0,368020416.0
2014-10-23,15.39,15.85,15.71,15.39,55135520.0,504666048.0
2014-10-22,15.34,15.56,15.34,15.3,19180398.0,172675632.0
2014-10-21,15.68,15.75,15.34,15.32,31721924.0,286867392.0
2014-10-20,15.82,16.01,15.73,15.54,25895758.0,238459184.0
2014-10-17,15.73,15.9,15.77,15.37,43139748.0,394026176.0
2014-10-16,15.35,16.23,15.73,15.35,65941620.0,610175168.0
2014-10-15,15.23,15.54,15.49,15.18,27585596.0,247748832.0
2014-10-14,15.3,15.42,15.25,15.17,18624344.0,166477584.0
2014-10-13,15.27,15.39,15.34,15.1,21933304.0,194752752.0
2014-10-10,15.36,15.44,15.36,15.1,34276504.0,306055296.0
2014-10-09,15.61,15.7,15.44,15.34,30777738.0,277891584.0
2014-10-08,15.54,15.68,15.59,15.35,44652744.0,404156000.0
2014-09-30,15.2,15.47,15.42,15.13,45758152.0,409413696.0
2014-09-29,14.94,15.3,15.17,14.91,45147592.0,399052960.0
2014-09-26,14.55,14.88,14.86,14.53,39754288.0,342479872.0
2014-09-25,14.72,14.76,14.58,14.53,26905376.0,230080880.0
2014-09-24,14.41,14.74,14.65,14.38,28268584.0,240407952.0
2014-09-23,14.39,14.53,14.45,14.34,25790380.0,217158400.0
2014-09-22,14.7,14.72,14.39,14.36,22187294.0,187415344.0
2014-09-19,14.63,14.79,14.7,14.58,23072108.0,197995696.0
2014-09-18,14.57,14.82,14.63,14.43,34163896.0,292284192.0
2014-09-17,14.74,14.84,14.58,14.46,32468960.0,276879712.0
2014-09-16,14.58,14.82,14.74,14.5,58479388.0,501081568.0
2014-09-15,14.5,14.6,14.57,14.43,19313640.0,163592560.0
2014-09-12,14.48,14.52,14.5,14.38,17631590.0,148578944.0
2014-09-11,14.43,14.7,14.48,14.38,31879048.0,270701600.0
2014-09-10,14.46,14.53,14.41,14.36,20216752.0,170425376.0
2014-09-09,14.52,14.69,14.53,14.48,29067722.0,247161056.0
2014-09-05,14.5,14.53,14.5,14.43,25589688.0,216287120.0
2014-09-04,14.45,14.48,14.46,14.31,21611956.0,181575552.0
2014-09-03,14.34,14.57,14.41,14.31,38259220.0,322480256.0
2014-09-02,14.1,14.34,14.33,14.07,37573832.0,311723648.0
2014-09-01,14.09,14.14,14.09,14.0,17256798.0,141746736.0
2014-08-29,13.93,14.09,14.05,13.93,13738946.0,112253112.0
2014-08-28,13.97,14.04,13.93,13.9,14614361.0,119092480.0
2014-08-27,13.97,14.04,13.97,13.95,11830179.0,96575648.0
2014-08-26,14.02,14.07,13.95,13.9,18008146.0,146904736.0
2014-08-25,14.12,14.12,14.02,13.98,14552780.0,119074224.0
2014-08-22,14.04,14.15,14.14,13.93,26608468.0,218111808.0
2014-08-21,14.14,14.15,14.04,13.95,17859306.0,146283760.0
2014-08-20,14.14,14.17,14.14,14.09,17255596.0,142201648.0
2014-08-19,14.17,14.19,14.15,14.07,19767440.0,163029696.0
2014-08-18,14.1,14.19,14.15,14.09,23987084.0,197813936.0
2014-08-15,14.02,14.14,14.1,13.97,26618276.0,218311744.0
2014-08-14,14.09,14.12,14.0,13.98,25912500.0,212283296.0
2014-08-13,14.19,14.28,14.09,13.95,26313436.0,216535648.0
2014-08-12,14.22,14.26,14.19,14.12,19757356.0,163328928.0
2014-08-11,14.12,14.33,14.28,14.12,28316064.0,235665616.0
2014-08-08,14.1,14.24,14.12,14.09,24668004.0,203828768.0
2014-08-07,14.26,14.31,14.1,14.05,30697116.0,253787872.0
2014-08-06,14.43,14.43,14.29,14.19,31272370.0,260311664.0
2014-08-05,14.58,14.6,14.45,14.33,28230292.0,238001200.0
2014-08-04,14.46,14.7,14.65,14.34,30239108.0,256110384.0
2014-08-01,14.57,14.76,14.43,14.41,42406768.0,361445920.0
2014-07-31,14.41,14.63,14.62,14.33,24317680.0,205296128.0
2014-07-30,14.41,14.72,14.43,14.31,45263172.0,383229888.0
2014-07-29,14.19,14.96,14.43,14.19,105530664.0,896057472.0
2014-07-28,13.62,14.22,14.12,13.59,80737824.0,661619648.0
2014-07-25,13.54,13.64,13.54,13.42,32023772.0,252779104.0
2014-07-24,13.1,13.54,13.44,13.1,46979300.0,387502208.0
2014-07-23,13.09,13.15,13.1,13.04,17876808.0,144691552.0
2014-07-22,12.99,13.12,13.1,12.97,21201120.0,170994368.0
2014-07-21,12.97,13.04,13.02,12.96,14772886.0,118578176.0
2014-07-18,12.91,13.0,12.97,12.87,16207411.0,129655800.0
2014-07-17,12.87,12.94,12.91,12.79,18287920.0,145314096.0
2014-07-15,12.89,12.94,12.92,12.84,11329889.0,90195240.0
2014-07-14,12.82,12.91,12.89,12.78,10700963.0,84875336.0
2014-07-11,12.83,12.91,12.83,12.73,18108986.0,143223504.0
2014-07-10,12.81,12.84,12.83,12.79,7251833.0,57380712.0
2014-07-09,12.97,12.97,12.81,12.81,8963114.0,71303832.0
2014-07-08,12.92,12.97,12.97,12.89,6017116.0,48061244.0
2014-07-07,12.96,12.99,12.94,12.89,7746814.0,61877980.0
2014-07-04,12.99,13.0,12.96,12.94,7960090.0,63741508.0
2014-07-03,12.96,13.02,12.99,12.92,10967797.0,87830824.0
2014-07-02,12.91,12.96,12.92,12.87,9609300.0,76628856.0
2014-07-01,13.0,13.0,12.91,12.87,7810661.0,62306036.0
2014-06-30,12.89,13.0,12.96,12.87,9906164.0,79228768.0
2014-06-27,12.87,12.92,12.87,12.82,7791355.0,61937360.0
2014-06-26,12.86,12.92,12.91,12.82,6816786.0,54266252.0
2014-06-25,12.83,12.86,12.84,12.76,3794157.0,30035556.0
2014-06-24,12.79,12.89,12.84,12.76,5047768.0,40005296.0
2014-06-23,12.78,12.82,12.78,12.74,5488960.0,43319232.0
2014-06-20,12.73,12.79,12.76,12.7,5805044.0,45682104.0
2014-06-19,12.82,12.86,12.71,12.66,7688394.0,60657692.0
2014-06-18,12.92,12.94,12.83,12.62,8948400.0,71144320.0
2014-06-17,12.99,12.99,12.94,12.91,8515733.0,68092560.0
2014-06-16,12.89,13.04,13.0,12.87,15111108.0,121058968.0
2014-06-13,12.78,13.0,12.87,12.76,16714995.0,133119920.0
2014-06-12,12.84,12.89,12.74,12.71,9166667.0,72613488.0
2014-06-11,12.84,12.91,12.87,12.81,7713448.0,61225640.0
2014-06-10,12.78,12.86,12.86,12.73,10613502.0,83943608.0
2014-06-09,12.74,12.89,12.76,12.71,7674804.0,60748924.0
2014-06-06,12.82,12.87,12.78,12.66,8147076.0,64290976.0
2014-06-05,12.7,12.84,12.84,12.68,5498260.0,43349028.0
2014-06-04,12.81,12.81,12.71,12.66,7170969.0,56304652.0
2014-06-03,12.84,12.91,12.81,12.81,5030020.0,39952096.0
2014-05-30,12.81,12.86,12.83,12.78,7091566.0,56139348.0
2014-05-29,12.89,12.94,12.81,12.79,7408650.0,58894496.0
2014-05-28,12.87,12.92,12.91,12.81,7164982.0,56925940.0
2014-05-27,12.86,12.92,12.87,12.82,4938346.0,39291288.0
2014-05-26,12.92,12.94,12.89,12.84,6340815.0,50465700.0
2014-05-23,12.78,12.87,12.87,12.76,5005070.0,39675512.0
2014-05-22,12.79,12.94,12.78,12.74,9287154.0,73700384.0
2014-05-21,12.6,12.86,12.81,12.6,7183709.0,56517040.0
2014-05-20,12.65,12.7,12.65,12.62,4899491.0,38264684.0
2014-05-19,12.76,12.76,12.6,12.55,5778739.0,45044324.0
2014-05-16,12.76,12.81,12.74,12.66,6910147.0,54383968.0
2014-05-15,12.82,12.87,12.71,12.71,7929226.0,62689100.0
2014-05-14,12.84,12.91,12.83,12.79,5814695.0,46135944.0
2014-05-13,12.87,12.89,12.83,12.79,6091581.0,48290576.0
2014-05-12,12.81,12.92,12.89,12.73,12570143.0,99774056.0
2014-05-09,12.7,12.78,12.71,12.66,8111448.0,63693152.0
2014-05-08,12.62,12.82,12.7,12.62,12035935.0,94588008.0
2014-05-07,12.65,12.73,12.62,12.6,7698354.0,60248568.0
2014-05-06,12.63,12.71,12.66,12.6,8303521.0,64922232.0
2014-05-05,12.63,12.66,12.66,12.5,10062560.0,78125952.0
2014-04-30,12.71,12.76,12.63,12.6,10389027.0,81246144.0
2014-04-29,12.47,12.62,12.6,12.45,7197795.0,55759064.0
2014-04-28,12.57,12.6,12.48,12.45,9865752.0,76274320.0
2014-04-25,12.52,12.7,12.5,12.47,9491497.0,73716504.0
2014-04-24,12.55,12.63,12.5,12.45,5731885.0,44365640.0
2014-04-23,12.53,12.66,12.55,12.5,6647485.0,51578632.0
2014-04-22,12.44,12.62,12.58,12.39,8010219.0,61803484.0
2014-04-21,12.63,12.71,12.44,12.4,10734125.0,83258208.0
2014-04-18,12.66,12.7,12.66,12.55,6305203.0,49115516.0
2014-04-17,12.74,12.78,12.7,12.68,5313805.0,41757756.0
2014-04-16,12.63,12.79,12.71,12.62,5975590.0,46942668.0
2014-04-15,12.92,12.96,12.66,12.65,10469576.0,82469016.0
2014-04-14,13.0,13.09,12.96,12.86,10577735.0,84585896.0
2014-04-11,12.91,13.1,13.05,12.87,17537528.0,141076064.0
2014-04-10,12.87,13.07,12.91,12.81,16312284.0,130435016.0
2014-04-09,12.91,13.02,12.84,12.79,13298741.0,105659200.0
2014-04-08,12.66,13.17,12.92,12.62,29112064.0,232654320.0
2014-04-04,12.57,12.71,12.66,12.55,6982374.0,54500200.0
2014-04-03,12.73,12.79,12.62,12.57,6883296.0,53867860.0
2014-04-02,12.58,12.76,12.71,12.57,8987932.0,70365600.0
2014-04-01,12.53,12.63,12.6,12.47,6044890.0,46961912.0
2014-03-31,12.6,12.62,12.55,12.45,7603764.0,58849356.0
2014-03-28,12.42,12.63,12.57,12.42,10601757.0,82087080.0
2014-03-27,12.39,12.65,12.47,12.29,13958375.0,107556968.0
2014-03-26,12.48,12.57,12.44,12.42,5799340.0,44735952.0
2014-03-25,12.48,12.6,12.48,12.45,8711995.0,67377632.0
2014-03-24,12.44,12.65,12.55,12.39,17163672.0,132721240.0
2014-03-21,12.02,12.55,12.45,12.0,20742830.0,158124912.0
2014-03-20,12.14,12.32,12.05,12.03,7811477.0,58831232.0
2014-03-19,12.14,12.16,12.14,12.03,4842641.0,36188560.0
2014-03-18,12.21,12.23,12.16,12.11,5396706.0,40575228.0
2014-03-17,12.21,12.29,12.19,12.1,4867293.0,36568296.0
2014-03-14,12.16,12.24,12.11,12.05,8004006.0,59950256.0
2014-03-13,12.23,12.48,12.26,12.14,16031110.0,122053408.0
2014-03-12,11.94,12.31,12.11,11.9,12718310.0,95187312.0
2014-03-11,12.05,12.1,12.02,11.82,14766594.0,108863936.0
2014-03-10,12.62,12.62,11.98,11.95,28213064.0,212487824.0
2014-03-07,12.74,12.87,12.68,12.65,7051065.0,55539616.0
2014-03-06,12.78,12.84,12.79,12.62,9427100.0,74004048.0
2014-03-05,12.91,12.91,12.78,12.73,4859494.0,38376272.0
2014-03-04,12.84,12.92,12.89,12.71,6644674.0,52522080.0
2014-03-03,12.79,12.97,12.87,12.7,13895664.0,110544304.0
2014-02-28,12.78,12.82,12.79,12.63,8101508.0,63669072.0
2014-02-27,12.73,12.99,12.79,12.65,14978936.0,118612784.0
2014-02-26,12.63,12.78,12.71,12.6,7881178.0,61748680.0
2014-02-25,12.76,12.91,12.65,12.62,11438710.0,90063160.0
2014-02-24,12.96,12.96,12.76,12.66,11597950.0,91604616.0
2014-02-21,13.2,13.21,13.04,12.96,14191665.0,114530472.0
2014-02-20,13.44,13.6,13.2,13.18,25304032.0,209164128.0
2014-02-19,12.94,13.83,13.52,12.92,46165988.0,383755264.0
2014-02-18,13.12,13.12,12.92,12.89,12463817.0,99946864.0
2014-02-17,13.2,13.23,13.13,13.07,10682963.0,86488048.0
2014-02-14,13.16,13.18,13.15,13.05,11154006.0,90273736.0
2014-02-13,13.05,13.36,13.18,12.97,29461696.0,239824976.0
2014-02-12,13.12,13.25,13.12,13.02,11853841.0,95978752.0
2014-02-11,12.96,13.28,13.1,12.89,20396616.0,165259424.0
2014-02-10,12.78,12.96,12.92,12.78,11337466.0,90342896.0
2014-02-07,12.74,12.79,12.79,12.66,5316697.0,41731832.0
2014-01-30,12.86,12.86,12.76,12.74,5302279.0,41874736.0
2014-01-29,12.94,12.99,12.89,12.81,8313403.0,66269032.0
2014-01-28,12.81,12.94,12.91,12.79,5139757.0,40898024.0
2014-01-27,12.81,12.84,12.78,12.71,6070492.0,47887272.0
2014-01-24,12.76,12.96,12.84,12.74,6424610.0,51004612.0
2014-01-23,12.91,12.92,12.81,12.79,6226595.0,49367092.0
2014-01-22,12.74,12.96,12.94,12.73,8350963.0,66389996.0
2014-01-21,12.7,12.84,12.73,12.7,3745992.0,29521508.0
2014-01-20,12.66,12.78,12.7,12.63,4014789.0,31467126.0
2014-01-17,12.76,12.82,12.66,12.65,5480967.0,43065760.0
2014-01-16,12.87,12.92,12.83,12.7,6801167.0,53784808.0
2014-01-15,13.04,13.04,12.84,12.78,6284517.0,49909936.0
2014-01-14,12.89,13.1,13.02,12.81,7349937.0,58933592.0
2014-01-13,12.74,13.09,12.89,12.73,7613616.0,60608668.0
2014-01-10,12.68,12.79,12.71,12.65,4827829.0,37929592.0
2014-01-09,12.76,12.87,12.71,12.7,5238901.0,41363712.0
2014-01-08,12.76,12.84,12.81,12.62,5830214.0,45872632.0
2014-01-07,12.63,12.82,12.74,12.63,4124311.0,32464338.0
2014-01-06,12.91,12.92,12.71,12.68,8011760.0,63050272.0
2014-01-03,12.96,12.99,12.89,12.82,6464772.0,51459824.0
2014-01-02,13.04,13.12,13.02,12.96,5508409.0,44248920.0
2013-12-31,12.87,13.2,13.1,12.83,10099854.0,81482528.0
2013-12-30,13.02,13.07,12.94,12.91,6695779.0,53601544.0
2013-12-27,12.81,13.1,12.97,12.78,7502487.0,59909888.0
2013-12-26,13.05,13.05,12.78,12.66,12699489.0,100671168.0
2013-12-25,12.99,13.09,13.07,12.92,7375528.0,59129512.0
2013-12-24,13.13,13.15,12.99,12.87,5348335.0,43053576.0
2013-12-23,13.04,13.17,13.07,12.97,6428488.0,51849672.0
2013-12-20,13.36,13.36,13.0,12.96,11252484.0,91251616.0
2013-12-19,13.46,13.47,13.31,13.29,7389367.0,61015552.0
2013-12-18,13.38,13.49,13.41,13.36,5299727.0,43853580.0
2013-12-17,13.43,13.46,13.36,13.34,6566098.0,54235276.0
2013-12-16,13.44,13.54,13.36,13.36,9529119.0,79054320.0
2013-12-13,13.41,13.47,13.41,13.36,9260908.0,76694104.0
2013-12-12,13.44,13.52,13.43,13.38,12711710.0,105500304.0
2013-12-11,13.54,13.63,13.49,13.47,15657838.0,131135968.0
2013-12-10,13.59,13.67,13.57,13.55,8603862.0,72284664.0
2013-12-09,13.63,13.65,13.6,13.51,8632396.0,72397784.0
2013-12-06,13.68,13.68,13.6,13.57,9301810.0,78231512.0
2013-12-05,13.68,13.73,13.72,13.67,11714434.0,99055728.0
2013-12-04,13.63,13.89,13.75,13.62,20285604.0,172719088.0
2013-12-03,13.72,13.75,13.68,13.54,13172368.0,111079896.0
2013-12-02,13.54,13.83,13.72,13.52,28753016.0,243001216.0
2013-11-29,13.59,13.62,13.55,13.52,7472985.0,62581380.0
2013-11-28,13.44,13.63,13.55,13.43,12203420.0,102140496.0
2013-11-27,13.33,13.55,13.46,13.28,8986706.0,74447480.0
2013-11-26,13.31,13.41,13.31,13.29,4211505.0,34692120.0
2013-11-25,13.36,13.51,13.31,13.25,7647551.0,63067764.0
2013-11-22,13.52,13.52,13.43,13.39,6257185.0,51947240.0
2013-11-21,13.49,13.52,13.47,13.31,11253836.0,93128400.0
2013-11-20,13.59,13.62,13.57,13.49,8834854.0,73962872.0
2013-11-19,13.59,13.6,13.54,13.47,10583115.0,88398584.0
2013-11-18,13.26,13.67,13.65,13.2,19662974.0,163180816.0
2013-11-15,13.07,13.39,13.23,13.05,10978352.0,89954456.0
2013-11-14,13.1,13.15,13.07,12.99,6035848.0,48746452.0
2013-11-13,13.47,13.49,13.1,13.07,15858896.0,129809752.0
2013-11-12,13.49,13.59,13.49,13.43,11105502.0,92478080.0
2013-11-11,13.47,13.54,13.43,13.43,6856940.0,57063548.0
2013-11-08,13.46,13.65,13.47,13.43,7865484.0,65695580.0
2013-11-07,13.46,13.59,13.49,13.43,11252000.0,93799384.0
2013-11-06,13.51,13.52,13.39,13.38,12139930.0,100777968.0
2013-11-05,13.57,13.63,13.57,13.43,15165885.0,126396640.0
2013-11-04,13.81,13.91,13.63,13.62,8415388.0,71353000.0
2013-11-01,13.63,13.81,13.77,13.55,12046981.0,102000416.0
2013-10-31,13.88,13.88,13.59,13.55,15432581.0,130276632.0
2013-10-30,13.8,14.01,13.91,13.7,21709470.0,185393536.0
2013-10-29,13.54,14.04,13.86,13.54,42964696.0,366429792.0
2013-10-28,13.57,13.62,13.55,13.33,14572192.0,121247480.0
2013-10-25,13.49,13.72,13.54,13.47,21565544.0,180850976.0
2013-10-24,13.44,13.59,13.47,13.34,11132837.0,92387248.0
2013-10-23,13.41,13.7,13.46,13.39,15914226.0,133096144.0
2013-10-22,13.46,13.49,13.38,13.34,7434238.0,61510248.0
2013-10-21,13.36,13.51,13.51,13.28,13562347.0,112222936.0
2013-10-18,13.41,13.46,13.36,13.31,7785565.0,64335392.0
2013-10-17,13.39,13.44,13.33,13.29,7178553.0,59248072.0
2013-10-16,13.43,13.46,13.34,13.31,9422094.0,77803104.0
2013-10-15,13.59,13.59,13.46,13.41,7662270.0,63802796.0
2013-10-14,13.57,13.63,13.59,13.51,9991888.0,83669656.0
2013-10-11,13.43,13.62,13.59,13.39,12763092.0,106637920.0
2013-10-10,13.57,13.6,13.34,13.33,10619814.0,88144944.0
2013-10-09,13.46,13.68,13.6,13.41,10898375.0,91236376.0
2013-10-08,13.34,13.54,13.52,13.28,8727192.0,72251496.0
2013-09-30,13.44,13.51,13.38,13.31,7333515.0,60620792.0
2013-09-27,13.34,13.41,13.38,13.28,6979527.0,57517440.0
2013-09-26,13.46,13.46,13.28,13.25,13191964.0,108485096.0
2013-09-25,13.55,13.7,13.46,13.44,11149627.0,93323232.0
2013-09-24,13.78,13.83,13.55,13.49,15048222.0,126367912.0
2013-09-23,13.93,13.93,13.86,13.72,12742262.0,108645848.0
2013-09-18,13.77,13.89,13.86,13.7,9796901.0,83406592.0
2013-09-17,14.04,14.07,13.77,13.75,18472108.0,158507296.0
2013-09-16,14.33,14.33,13.97,13.89,21605750.0,187841328.0
2013-09-13,14.25,14.41,14.19,14.04,27436572.0,241340896.0
2013-09-12,14.01,14.59,14.38,13.85,51690464.0,457241600.0
2013-09-11,14.09,14.25,13.96,13.91,41158404.0,358274624.0
2013-09-10,14.01,14.02,13.96,13.75,38811600.0,332196128.0
2013-09-09,13.31,14.28,14.07,13.31,67580808.0,579828416.0
2013-09-06,13.12,13.38,13.26,13.12,18848808.0,154238896.0
2013-09-05,13.2,13.25,13.17,13.13,9241189.0,75170928.0
2013-09-04,13.21,13.33,13.21,13.2,15315638.0,125397168.0
2013-09-03,13.13,13.28,13.26,13.09,22154482.0,180901792.0
2013-09-02,13.13,13.2,13.1,13.04,11556473.0,93517656.0
2013-08-30,13.0,13.2,13.13,13.0,16320340.0,132160256.0
2013-08-29,13.15,13.18,13.1,13.05,10496893.0,84955216.0
2013-08-28,13.07,13.12,13.04,12.96,9943512.0,80056576.0
2013-08-27,13.13,13.21,13.13,13.09,7947062.0,64434156.0
2013-08-26,12.96,13.15,13.15,12.92,11628329.0,93847712.0
2013-08-23,13.17,13.17,12.92,12.81,13206292.0,105779136.0
2013-08-22,13.09,13.26,13.09,13.04,9247678.0,74961760.0
2013-08-21,13.31,13.31,13.1,13.04,7726189.0,62541588.0
2013-08-20,13.2,13.41,13.17,13.15,19937948.0,163305760.0
2013-08-19,12.96,13.39,13.26,12.96,17886558.0,145145744.0
2013-08-16,12.99,14.31,13.21,12.91,36289952.0,300414272.0
2013-08-15,13.18,13.23,13.02,13.0,9626126.0,77898328.0
2013-08-14,13.25,13.41,13.17,13.15,13215137.0,108245568.0
2013-08-13,13.25,13.28,13.25,13.15,12045344.0,98308184.0
2013-08-12,12.97,13.26,13.25,12.89,21639488.0,175753312.0
2013-08-09,12.99,13.04,12.94,12.76,10343618.0,82313288.0
2013-08-08,12.94,13.05,12.92,12.84,7137115.0,57020728.0
2013-08-07,12.92,13.12,12.92,12.91,11873879.0,95396088.0
2013-08-06,12.94,13.0,12.96,12.84,10768907.0,85911312.0
2013-08-05,12.89,13.0,12.97,12.81,7378825.0,58768440.0
2013-08-02,13.0,13.05,12.86,12.84,6984646.0,55713164.0
2013-08-01,12.71,12.94,12.89,12.7,8852539.0,70277056.0
2013-07-31,12.76,12.87,12.7,12.6,9068418.0,71253408.0
2013-07-30,12.73,12.92,12.7,12.65,15256333.0,120545696.0
2013-07-29,12.79,12.79,12.6,12.58,7897375.0,61648480.0
2013-07-26,12.86,12.94,12.86,12.76,6825922.0,54124160.0
2013-07-25,12.97,13.09,12.87,12.81,8670820.0,69206584.0
2013-07-24,13.12,13.12,12.94,12.78,14024487.0,111773856.0
2013-07-23,12.87,13.28,13.17,12.82,11169315.0,90627336.0
2013-07-22,12.68,12.91,12.87,12.63,8610792.0,67901696.0
2013-07-19,13.07,13.21,12.78,12.74,10724637.0,86219664.0
2013-07-18,13.33,13.33,13.07,13.05,11075883.0,89884824.0
2013-07-17,13.24,13.46,13.34,13.14,22443722.0,194052896.0
2013-07-16,13.11,13.28,13.28,12.95,15377011.0,130716336.0
2013-07-15,12.97,13.35,13.15,12.92,17400992.0,148023920.0
2013-07-12,13.29,13.35,12.95,12.94,21878348.0,186241504.0
2013-07-11,12.63,13.61,13.41,12.61,36122244.0,309971392.0
2013-07-10,12.49,12.73,12.57,12.38,11038261.0,89848448.0
2013-07-09,12.4,12.52,12.41,12.35,6561273.0,52852916.0
2013-07-08,12.63,12.63,12.34,12.34,6448501.0,52206432.0
2013-07-05,12.81,12.87,12.71,12.69,5221000.0,43284208.0
2013-07-04,12.61,12.9,12.75,12.52,9675574.0,79765576.0
2013-07-03,12.77,12.78,12.63,12.52,6566117.0,53746124.0
2013-07-02,12.84,12.87,12.78,12.71,6170649.0,51173664.0
2013-07-01,12.9,12.97,12.84,12.64,9099292.0,75483008.0
2013-06-28,12.57,13.15,13.0,12.54,13289254.0,111356088.0
2013-06-27,12.52,12.67,12.67,12.44,11980903.0,97446528.0
2013-06-26,12.69,12.73,12.44,12.27,14814084.0,119640816.0
2013-06-25,12.58,12.67,12.66,11.72,19983144.0,160155024.0
2013-06-24,13.32,13.32,12.66,12.61,22574808.0,188688944.0
2013-06-21,13.11,13.58,13.41,13.04,13373880.0,116253616.0
2013-06-20,13.41,13.55,13.18,13.15,8550838.0,74002888.0
2013-06-19,13.72,13.75,13.57,13.38,8488204.0,74525760.0
2013-06-18,13.78,13.86,13.8,13.72,5487148.0,49166384.0
2013-06-17,13.83,13.83,13.69,13.68,5784532.0,51549728.0
2013-06-14,13.75,13.83,13.78,13.66,8367934.0,74592432.0
2013-06-13,13.95,13.95,13.72,13.47,13775064.0,122733224.0
2013-06-07,14.25,14.32,14.11,14.03,10205904.0,93682216.0
2013-06-06,14.46,14.51,14.22,14.15,13199426.0,122391880.0
2013-06-05,14.57,14.65,14.54,14.43,8507012.0,80126512.0
2013-06-04,14.69,14.8,14.59,14.52,9328813.0,88575608.0
2013-06-03,14.83,14.88,14.74,14.69,6637519.0,63633840.0
2013-05-31,14.97,15.02,14.79,14.77,8193074.0,79159016.0
2013-05-30,14.91,15.03,14.93,14.82,12193859.0,117913384.0
2013-05-29,15.06,15.14,14.96,14.89,15238086.0,148481312.0
2013-05-28,14.65,15.03,15.02,14.57,16837760.0,162092064.0
2013-05-27,14.79,14.79,14.63,14.59,8260039.0,78714000.0
2013-05-24,14.68,14.77,14.69,14.54,8142012.0,77453216.0
2013-05-23,14.85,14.88,14.62,14.59,16070686.0,153105168.0
2013-05-22,14.86,14.97,14.93,14.77,11100393.0,107086112.0
2013-05-21,15.03,15.03,14.88,14.76,15749352.0,151802400.0
2013-05-20,14.94,15.31,15.05,14.83,18104088.0,176989104.0
2013-05-17,14.6,14.96,14.94,14.49,18404780.0,175684944.0
2013-05-16,14.26,14.62,14.6,14.23,14609701.0,136959248.0
2013-05-15,14.25,14.37,14.35,14.25,3907150.0,36287400.0
2013-05-14,14.42,14.45,14.25,14.2,7505241.0,69560608.0
2013-05-13,14.51,14.52,14.42,14.35,6602286.0,61745952.0
2013-05-10,14.26,14.51,14.48,14.26,6783898.0,63386696.0
2013-05-09,14.46,14.49,14.32,14.23,9609524.0,89356792.0
2013-05-08,14.55,14.69,14.46,14.42,10618609.0,100125872.0
2013-05-07,14.49,14.52,14.4,14.35,9524220.0,89102984.0
2013-05-06,14.42,14.68,14.52,14.35,15535769.0,146444960.0
2013-05-03,14.2,14.59,14.4,14.15,18939112.0,177224656.0
2013-05-02,13.98,14.17,14.17,13.91,10545671.0,96234512.0
2013-04-26,13.95,14.15,13.97,13.85,14376933.0,130447176.0
2013-04-25,13.95,14.0,13.83,13.74,10443626.0,93822400.0
2013-04-24,13.81,14.17,13.97,13.78,12606335.0,113790080.0
2013-04-23,14.45,14.45,13.81,13.78,17733914.0,160807184.0
2013-04-22,14.34,14.46,14.38,14.32,11751962.0,109493808.0
2013-04-19,13.89,14.52,14.46,13.89,23380632.0,216304656.0
2013-04-18,13.72,13.94,13.92,13.69,7853512.0,70440400.0
2013-04-17,13.94,13.95,13.83,13.75,11652461.0,104583248.0
2013-04-16,13.69,13.94,13.94,13.64,14546974.0,129828712.0
2013-04-15,13.74,13.83,13.75,13.71,7214489.0,64392524.0
2013-04-12,13.74,13.83,13.72,13.66,6911502.0,61579068.0
2013-04-11,13.83,13.89,13.75,13.74,7784630.0,69617272.0
2013-04-10,13.78,13.83,13.75,13.63,10138199.0,90300344.0
2013-04-09,13.88,14.09,13.8,13.72,19021838.0,171650096.0
2013-04-08,13.64,13.98,13.91,13.6,10465144.0,93628384.0
2013-04-03,13.98,14.06,13.94,13.91,10477255.0,94847184.0
2013-04-02,13.89,14.03,13.92,13.86,11871026.0,107296416.0
2013-04-01,13.8,13.98,13.92,13.75,12227679.0,110255376.0
2013-03-29,13.74,14.0,13.91,13.71,15442107.0,138906416.0
2013-03-28,14.34,14.34,13.74,13.18,54503928.0,485558528.0
2013-03-27,14.59,14.99,14.65,14.59,33396112.0,319340992.0
2013-03-26,14.82,14.91,14.51,14.49,31989304.0,303445632.0
2013-03-25,15.03,15.09,14.89,14.82,16034953.0,155489616.0
2013-03-22,14.71,15.08,14.91,14.69,19994760.0,193516992.0
2013-03-21,14.76,15.0,14.79,14.65,28140828.0,271076000.0
2013-03-20,14.11,14.77,14.74,14.11,38363760.0,362430688.0
2013-03-19,13.97,14.19,14.12,13.81,17517560.0,159230176.0
2013-03-18,14.2,14.37,13.92,13.86,24952928.0,227780816.0
2013-03-15,14.23,14.69,14.31,14.03,26551784.0,247732736.0
2013-03-14,14.19,14.34,14.22,14.08,13578029.0,125064600.0
2013-03-13,14.34,14.42,14.2,14.08,24231760.0,223480992.0
2013-03-12,14.86,15.06,14.35,14.23,26690076.0,251282304.0
2013-03-11,15.03,15.03,14.86,14.74,10593974.0,102238640.0
2013-03-08,14.93,15.17,14.97,14.8,20635812.0,199997104.0
2013-03-07,15.31,15.48,14.83,14.8,33895904.0,332163744.0
2013-03-06,15.42,15.59,15.37,15.23,29153172.0,291412224.0
2013-03-05,14.51,15.4,15.34,14.46,45327120.0,441186112.0
2013-03-04,15.26,15.26,14.59,14.34,38718572.0,369885024.0
2013-03-01,15.7,15.77,15.49,15.31,33209994.0,334357856.0
2013-02-28,15.37,15.73,15.73,15.14,40035104.0,402312640.0
2013-02-27,15.09,15.34,15.22,14.94,22899008.0,224611120.0
2013-02-26,14.8,15.51,14.93,14.72,45095956.0,445563104.0
2013-02-25,14.85,15.14,14.94,14.79,18227052.0,177026800.0
2013-02-22,14.88,15.19,14.85,14.69,21933752.0,212440896.0
2013-02-21,15.34,15.34,14.88,14.74,31867228.0,310412800.0
2013-02-20,15.73,15.76,15.54,15.17,39039504.0,389995552.0
2013-02-19,15.57,16.02,15.8,15.56,50404244.0,515326496.0
2013-02-18,15.73,15.79,15.49,15.36,29411206.0,296765280.0
2013-02-08,15.56,15.8,15.68,15.31,30528570.0,309400416.0
2013-02-07,15.93,15.97,15.54,15.25,39743104.0,400743424.0
2013-02-06,15.91,16.1,15.96,15.73,31298668.0,323070048.0
2013-02-05,16.16,16.22,16.0,15.76,33091850.0,343078592.0
2013-02-04,16.39,16.96,16.28,16.25,56707260.0,611094976.0
2013-02-01,15.59,16.31,16.28,15.56,50922976.0,527737088.0
2013-01-31,15.91,15.97,15.77,15.42,32887284.0,333823840.0
2013-01-30,16.04,16.14,15.79,15.59,36087808.0,369676928.0
2013-01-29,16.04,16.17,16.04,15.74,43948640.0,455623776.0
2013-01-28,15.34,16.07,16.02,15.32,51176900.0,525987744.0
2013-01-25,15.11,15.49,15.36,14.97,32951772.0,326212064.0
2013-01-24,15.34,15.97,15.17,14.94,66983472.0,672796800.0
2013-01-23,14.99,15.49,15.17,14.88,48476488.0,477112896.0
2013-01-22,14.59,15.54,15.08,14.42,86710952.0,850273472.0
2013-01-21,14.66,14.68,14.62,14.32,42256544.0,397993568.0
2013-01-18,14.2,14.68,14.55,14.19,60273792.0,565814976.0
2013-01-17,13.98,14.4,14.19,13.85,39011036.0,357393792.0
2013-01-16,14.21,14.21,13.98,13.88,38857864.0,353319040.0
2013-01-15,14.19,14.29,14.2,14.06,37267376.0,343081632.0
2013-01-14,13.57,14.38,14.25,13.54,48798236.0,445131904.0
2013-01-11,14.09,14.12,13.66,13.63,28617748.0,257058256.0
2013-01-10,14.06,14.2,14.05,13.95,26916584.0,245653632.0
2013-01-09,14.03,14.15,14.05,13.88,24181796.0,220135648.0
2013-01-08,14.38,14.57,14.09,13.97,37911828.0,348074592.0
2013-01-07,14.02,14.42,14.4,13.98,45987304.0,423883296.0
2013-01-04,14.49,14.57,14.02,13.95,46718172.0,429332160.0
2012-12-31,13.98,14.34,14.19,13.98,48662580.0,447864512.0
2012-12-28,13.81,14.11,13.95,13.81,29776604.0,269894528.0
2012-12-27,14.03,14.23,13.8,13.78,33139580.0,299571296.0
2012-12-26,14.2,14.28,14.11,13.97,41406512.0,378628224.0
2012-12-25,13.98,14.54,14.32,13.8,63243456.0,586456576.0
2012-12-24,13.91,14.25,14.02,13.88,41541952.0,379483552.0
2012-12-21,14.14,14.14,13.98,13.72,43780080.0,395374720.0
2012-12-20,14.08,14.19,14.14,13.8,47852364.0,433428064.0
2012-12-19,14.21,14.31,14.17,14.05,43428152.0,399113760.0
2012-12-18,14.2,14.6,14.28,14.15,59059164.0,550848384.0
2012-12-17,14.38,14.62,14.31,14.09,88798800.0,825547200.0
2012-12-14,12.8,14.08,14.08,12.8,95180480.0,847015104.0
2012-12-13,13.03,13.07,12.8,12.75,24140080.0,201725872.0
2012-12-12,12.9,13.21,13.11,12.8,36136132.0,306037632.0
2012-12-11,12.73,13.18,12.9,12.72,34501452.0,290889568.0
2012-12-10,12.87,13.0,12.73,12.67,42749004.0,355168512.0
2012-12-07,12.07,12.64,12.44,12.03,33245068.0,267750368.0
2012-12-06,11.87,12.13,12.09,11.87,19273954.0,150346560.0
2012-12-05,11.5,12.04,11.95,11.46,26696824.0,205650720.0
2012-12-04,11.43,11.52,11.49,11.39,10589505.0,78632640.0
2012-12-03,11.72,11.73,11.41,11.38,9582152.0,71595592.0
2012-11-30,11.67,11.76,11.72,11.66,5437278.0,41278284.0
2012-11-29,11.76,11.86,11.7,11.67,5419494.0,41311824.0
2012-11-28,11.86,11.93,11.73,11.72,7951922.0,60970724.0
2012-11-27,11.81,11.98,11.87,11.75,12306900.0,95072984.0
2012-11-26,11.81,11.9,11.89,11.79,5216835.0,40140876.0
2012-11-23,11.84,11.93,11.87,11.78,8933014.0,68748632.0
2012-11-22,11.79,11.86,11.79,11.73,5688261.0,43455356.0
2012-11-21,11.58,11.86,11.84,11.58,8227988.0,62670760.0
2012-11-20,11.76,11.79,11.58,11.56,6685920.0,50507096.0
2012-11-19,11.66,11.75,11.73,11.59,5444114.0,41264728.0
2012-11-16,11.58,11.79,11.66,11.53,7376077.0,55585076.0
2012-11-15,11.72,11.76,11.62,11.56,5440701.0,41211736.0
2012-11-14,11.7,11.78,11.73,11.66,4242616.0,32268434.0
2012-11-13,11.86,11.86,11.66,11.62,8333346.0,63273720.0
2012-11-12,11.67,11.86,11.86,11.66,9454496.0,72271392.0
2012-11-09,11.72,11.79,11.64,11.59,5827410.0,44227440.0
2012-11-08,11.89,11.95,11.72,11.7,10333739.0,79046224.0
2012-11-07,11.99,12.06,11.95,11.9,4494989.0,34887128.0
2012-11-06,12.06,12.16,11.99,11.84,10009762.0,77750872.0
2012-11-05,12.03,12.2,12.04,11.99,15283473.0,119932576.0
2012-11-02,11.92,12.09,12.09,11.87,9445011.0,73459344.0
2012-11-01,11.69,12.01,11.92,11.64,11993908.0,92466832.0
2012-10-31,11.67,11.7,11.69,11.59,6892864.0,52066352.0
2012-10-30,11.58,11.73,11.66,11.52,12624517.0,95137904.0
2012-10-29,11.61,11.66,11.62,11.49,18400092.0,137995152.0
2012-10-26,11.96,12.01,11.72,11.67,7384425.0,56416728.0
2012-10-25,11.98,12.06,11.95,11.93,4649378.0,36134620.0
2012-10-24,12.06,12.1,11.98,11.93,6076554.0,47246616.0
2012-10-23,12.18,12.21,12.06,12.04,5765006.0,45391336.0
2012-10-22,12.07,12.23,12.16,12.06,6084580.0,47974088.0
2012-10-19,12.16,12.18,12.13,12.1,4148699.0,32655460.0
2012-10-18,12.15,12.21,12.16,12.07,7489801.0,59021076.0
2012-10-17,12.09,12.24,12.1,12.04,19740432.0,155744720.0
2012-10-16,11.84,12.21,12.1,11.76,24741884.0,194023552.0
2012-10-15,11.93,11.93,11.84,11.73,5988877.0,45844684.0
2012-10-12,11.78,11.95,11.89,11.75,14581070.0,112382888.0
2012-10-11,11.76,11.79,11.73,11.69,9023117.0,68656808.0
2012-10-10,11.81,11.83,11.79,11.73,6943792.0,53073852.0
2012-10-09,11.64,11.87,11.81,11.58,12230215.0,93483392.0
2012-10-08,11.67,11.75,11.58,11.5,6742773.0,50886896.0
2012-09-28,11.49,11.69,11.66,11.43,11853722.0,88990280.0
2012-09-27,11.29,11.72,11.56,11.27,12275027.0,91481840.0
2012-09-26,11.46,11.49,11.29,11.24,6950597.0,51168432.0
2012-09-25,11.52,11.53,11.46,11.41,3869635.0,28756374.0
2012-09-24,11.52,11.62,11.56,11.38,7261046.0,54075712.0
2012-09-21,11.58,11.7,11.58,11.53,6429215.0,48375460.0
2012-09-20,11.86,11.86,11.58,11.58,8554181.0,64991064.0
2012-09-19,11.9,11.92,11.86,11.84,6737623.0,51868432.0
2012-09-18,11.92,11.96,11.89,11.86,6133485.0,47351120.0
2012-09-17,12.16,12.16,11.95,11.95,8386239.0,65617072.0
2012-09-14,12.16,12.27,12.18,12.09,11827530.0,93556912.0
2012-09-13,12.2,12.21,12.12,12.1,8888827.0,70128592.0
2012-09-12,12.24,12.26,12.21,12.06,10080926.0,79575576.0
2012-09-11,12.26,12.26,12.16,12.09,10024610.0,78925376.0
2012-09-10,12.26,12.3,12.27,12.2,15662649.0,124470472.0
2012-09-07,12.01,12.44,12.29,11.96,25046978.0,198716640.0
2012-09-06,11.89,11.98,11.95,11.81,7927703.0,61206184.0
2012-09-05,11.98,11.99,11.86,11.81,13277439.0,102141784.0
2012-09-04,12.12,12.16,11.99,11.96,6796766.0,53186888.0
2012-09-03,12.18,12.21,12.15,12.07,9399397.0,73983952.0
2012-08-31,12.15,12.24,12.21,12.12,7407921.0,58593200.0
2012-08-30,12.07,12.23,12.16,12.07,9576964.0,75535144.0
2012-08-29,12.1,12.16,12.1,12.03,6929290.0,54376624.0
2012-08-28,11.96,12.21,12.13,11.93,11393769.0,89403616.0
2012-08-27,12.03,12.04,11.99,11.87,13695785.0,106149880.0
2012-08-24,12.09,12.09,11.99,11.96,7855232.0,61285264.0
2012-08-23,12.04,12.15,12.1,12.04,6792128.0,53260512.0
2012-08-22,12.13,12.18,12.1,12.07,6593672.0,51867240.0
2012-08-21,12.13,12.2,12.16,12.09,11047508.0,87004112.0
2012-08-20,12.15,12.2,12.12,12.07,6485231.0,50972232.0
2012-08-17,12.21,12.27,12.23,12.13,5941440.0,47040072.0
2012-08-16,12.26,12.3,12.2,12.13,8692072.0,68768320.0
2012-08-15,12.49,12.5,12.26,12.24,13794067.0,110334016.0
2012-08-14,12.49,12.55,12.49,12.41,7688018.0,62149028.0
2012-08-13,12.61,12.64,12.44,12.41,10626306.0,86524624.0
2012-08-10,12.69,12.77,12.63,12.6,10616148.0,87410744.0
2012-08-09,12.64,12.66,12.66,12.54,11361091.0,92855352.0
2012-08-08,12.64,12.75,12.67,12.61,11341785.0,93253064.0
2012-08-07,12.7,12.73,12.63,12.57,13450629.0,110163384.0
2012-08-06,12.66,12.73,12.73,12.61,10261069.0,84417784.0
2012-08-03,12.63,12.67,12.67,12.58,6106113.0,50032568.0
2012-08-02,12.69,12.72,12.63,12.57,7101635.0,58181120.0
2012-08-01,12.71,12.8,12.69,12.6,10450340.0,85922024.0
2012-07-31,12.63,12.75,12.71,12.6,14201523.0,116842496.0
2012-07-30,12.55,12.73,12.61,12.54,15186831.0,124513592.0
2012-07-27,12.4,12.67,12.54,12.35,14202629.0,115384104.0
2012-07-26,12.37,12.46,12.33,12.32,5048459.0,40576352.0
2012-07-25,12.33,12.46,12.4,12.32,3607171.0,28989124.0
2012-07-24,12.33,12.49,12.37,12.29,8649428.0,69458664.0
2012-07-23,12.4,12.47,12.38,12.27,7910487.0,63477336.0
2012-07-20,12.73,12.77,12.47,12.44,7653696.0,62625384.0
2012-07-19,12.72,12.86,12.77,12.67,17375758.0,143987056.0
2012-07-18,12.58,12.84,12.78,12.35,15953481.0,130240784.0
2012-07-17,12.3,12.64,12.64,12.29,15582987.0,126580544.0
2012-07-16,12.64,12.66,12.33,12.27,14617385.0,117147128.0
2012-07-13,12.49,12.72,12.63,12.46,10488862.0,85882432.0
2012-07-12,12.58,12.63,12.52,12.27,21576010.0,173796272.0
2012-07-11,12.69,12.81,12.6,12.55,9880343.0,81194496.0
2012-07-10,12.69,12.89,12.71,12.66,7442415.0,61737356.0
2012-07-09,13.15,13.15,12.69,12.67,19798696.0,165857088.0
2012-07-06,13.12,13.28,13.23,12.97,14753072.0,125306304.0
2012-07-05,13.26,13.46,13.34,13.09,15391483.0,132489592.0
2012-07-04,13.18,13.63,13.34,13.14,18095702.0,157127888.0
2012-07-03,13.11,13.34,13.2,13.07,11498690.0,98656520.0
2012-07-02,13.17,13.2,13.12,13.01,9256827.0,78553440.0
2012-06-29,12.86,13.23,13.14,12.83,15884185.0,135001392.0
2012-06-28,12.92,12.98,12.86,12.81,6818853.0,56971620.0
2012-06-27,13.11,13.15,12.87,12.87,9464673.0,79838096.0
2012-06-26,12.98,13.18,13.07,12.92,10365485.0,88074232.0
2012-06-25,13.07,13.21,13.0,12.98,14215096.0,121085640.0
2012-06-21,13.2,13.2,13.12,13.0,8707314.0,74000256.0
2012-06-20,13.21,13.37,13.23,13.14,18551990.0,159694688.0
2012-06-19,13.12,13.34,13.17,13.04,13523784.0,115705400.0
2012-06-18,13.29,13.29,13.18,13.09,16643728.0,142178352.0
2012-06-15,12.68,13.32,13.29,12.65,43840424.0,383074592.0
2012-06-14,12.79,12.79,12.63,12.57,14079278.0,119661328.0
2012-06-13,12.63,12.84,12.79,12.53,11799104.0,100836424.0
2012-06-12,12.56,12.72,12.6,12.38,12539228.0,105440688.0
2012-06-11,12.6,12.66,12.63,12.45,12209461.0,102845456.0
2012-06-08,12.91,12.93,12.57,12.5,23561592.0,199370624.0
2012-06-07,13.08,13.15,12.88,12.88,8968694.0,78406432.0
2012-06-06,12.86,13.0,13.0,12.82,10096395.0,87550392.0
2012-06-05,12.78,12.94,12.84,12.75,8639380.0,74464584.0
2012-06-04,12.91,12.99,12.78,12.74,23435962.0,202599296.0
2012-06-01,13.27,13.32,13.17,13.06,24400944.0,215562688.0
2012-05-31,13.27,13.35,13.27,13.18,12131680.0,107800200.0
2012-05-30,13.44,13.46,13.33,13.26,16372125.0,146590704.0
2012-05-28,13.21,13.38,13.38,13.15,9009782.0,80397656.0
2012-05-25,13.21,13.29,13.23,13.17,6674664.0,59239948.0
2012-05-24,13.26,13.39,13.2,13.17,8250899.0,73418784.0
2012-05-23,13.38,13.49,13.32,13.2,10381873.0,93077704.0
2012-05-22,13.3,13.41,13.39,13.29,7528658.0,67507416.0
2012-05-21,13.29,13.35,13.24,12.81,8332198.0,74108080.0
2012-05-18,13.51,13.53,13.26,13.17,20071664.0,179690464.0
2012-05-17,13.44,13.66,13.6,13.42,8044544.0,73156568.0
2012-05-16,13.79,13.79,13.41,13.39,14916581.0,135819968.0
2012-05-15,13.81,13.84,13.82,13.66,9096964.0,83994688.0
2012-05-14,14.08,14.12,13.9,13.87,12136642.0,114354080.0
2012-05-11,13.94,14.09,13.94,13.85,11762073.0,110075072.0
2012-05-10,14.0,14.15,13.97,13.9,11418676.0,107432368.0
2012-05-09,14.17,14.21,13.96,13.93,16131524.0,152452336.0
2012-05-08,14.33,14.34,14.29,14.11,22137476.0,211416352.0
2012-05-07,14.22,14.37,14.3,14.14,20178352.0,193011744.0
2012-05-04,14.14,14.34,14.3,14.02,24800852.0,237118688.0
2012-05-03,14.15,14.29,14.11,14.03,20253448.0,192316144.0
2012-05-02,14.09,14.36,14.21,14.0,33338906.0,317905728.0
2012-04-27,14.03,14.06,13.9,13.85,16326530.0,152705968.0
2012-04-26,14.11,14.2,13.99,13.94,19202656.0,180958752.0
2012-04-25,13.99,14.24,14.09,13.93,35205996.0,332496608.0
2012-04-24,13.55,14.82,14.12,13.55,81056128.0,772147776.0
2012-04-23,13.63,13.79,13.63,13.57,19457136.0,178635200.0
2012-04-20,13.32,13.73,13.67,13.3,29862768.0,272350912.0
2012-04-19,13.29,13.36,13.3,13.23,11489758.0,102515528.0
2012-04-18,13.15,13.41,13.35,13.05,14157011.0,126188128.0
2012-04-17,13.23,13.26,13.06,13.03,10157625.0,89530016.0
2012-04-16,13.17,13.3,13.24,13.14,8953519.0,79528936.0
2012-04-13,13.32,13.32,13.23,13.15,20413326.0,181190912.0
2012-04-12,12.96,13.53,13.33,12.87,32202688.0,285152544.0
2012-04-11,12.93,13.09,12.93,12.84,12290275.0,106860080.0
2012-04-10,12.86,13.05,13.05,12.77,9114756.0,78817632.0
2012-04-09,13.0,13.02,12.86,12.84,6399225.0,55558660.0
2012-04-06,13.08,13.14,13.11,12.97,8665145.0,75931640.0
2012-04-05,13.09,13.14,13.12,12.81,17490118.0,152511008.0
2012-03-30,12.94,13.14,13.09,12.94,7240302.0,63405500.0
2012-03-29,13.03,13.15,12.99,12.96,8845746.0,77536856.0
2012-03-28,13.36,13.45,13.2,13.09,12779241.0,114029728.0
2012-03-27,13.48,13.49,13.42,13.32,9327650.0,83907344.0
2012-03-26,13.44,13.49,13.44,13.36,6918983.0,62301516.0
2012-03-23,13.49,13.57,13.44,13.38,8945426.0,80801608.0
2012-03-22,13.45,13.66,13.59,13.35,15589567.0,141872896.0
2012-03-21,13.46,13.51,13.44,13.26,11981246.0,107712872.0
2012-03-20,13.61,13.61,13.38,13.32,14154241.0,127640144.0
2012-03-19,13.55,13.64,13.63,13.44,11372154.0,103402024.0
2012-03-16,13.59,13.64,13.6,13.38,19103926.0,173455072.0
2012-03-15,13.78,13.85,13.55,13.53,26246340.0,241025248.0
2012-03-14,14.12,14.21,13.78,13.76,30842248.0,290081312.0
2012-03-13,13.91,14.11,14.06,13.88,16469239.0,155226912.0
2012-03-12,14.06,14.08,13.93,13.82,23114520.0,215797344.0
2012-03-09,14.14,14.15,14.09,14.0,16308219.0,153929360.0
2012-03-08,14.08,14.17,14.09,14.02,11410484.0,107965720.0
2012-03-07,14.05,14.15,14.0,13.97,13787726.0,130354208.0
2012-03-06,14.4,14.45,14.14,14.09,23210432.0,221209136.0
2012-03-05,14.61,14.64,14.43,14.4,18044400.0,176006976.0
2012-03-02,14.39,14.6,14.57,14.37,20534508.0,199456720.0
2012-03-01,14.36,14.52,14.37,14.33,14009095.0,135492592.0
2012-02-29,14.54,14.55,14.39,14.37,17522548.0,169704912.0
2012-02-28,14.42,14.69,14.52,14.42,40898624.0,399740992.0
2012-02-27,14.6,14.67,14.42,14.39,38801260.0,379009120.0
2012-02-24,14.43,14.57,14.55,14.33,34421156.0,333977152.0
2012-02-23,14.34,14.42,14.42,14.3,25374024.0,244730192.0
2012-02-22,14.33,14.37,14.37,14.17,34472812.0,330391744.0
2012-02-21,14.22,14.33,14.31,14.17,19007380.0,181685024.0
2012-02-20,14.43,14.49,14.21,14.2,23330712.0,224284912.0
2012-02-17,14.33,14.36,14.2,14.14,14112262.0,134930608.0
2012-02-16,14.2,14.33,14.27,14.15,21531992.0,205705696.0
2012-02-15,14.15,14.3,14.18,14.03,30642498.0,291450560.0
2012-02-14,14.29,14.3,14.15,14.08,18542704.0,176351104.0
2012-02-13,14.24,14.43,14.31,14.12,16904528.0,161978320.0
2012-02-10,14.39,14.54,14.33,14.3,15974000.0,154318048.0
2012-02-09,14.54,14.6,14.45,14.39,17792940.0,172706976.0
2012-02-08,14.31,14.7,14.6,14.26,17970828.0,174213104.0
2012-02-07,14.52,14.52,14.29,14.21,18061724.0,173955424.0
2012-02-06,14.79,14.81,14.57,14.45,24803516.0,243351856.0
2012-02-03,14.76,14.93,14.79,14.6,22486584.0,223273232.0
2012-02-02,14.27,14.89,14.79,14.22,21382746.0,208918848.0
2012-02-01,14.36,14.46,14.22,14.2,10305244.0,99161408.0
2012-01-31,14.42,14.51,14.4,14.27,11952802.0,115387760.0
2012-01-30,14.7,14.7,14.42,14.37,21363444.0,208288880.0
2012-01-20,14.18,14.88,14.78,14.14,43873980.0,427342464.0
2012-01-19,13.88,14.21,14.2,13.88,17676704.0,167226208.0
2012-01-18,14.15,14.21,13.85,13.82,17638048.0,166511376.0
2012-01-17,13.81,14.22,14.2,13.61,20353204.0,190688624.0
2012-01-16,13.73,13.97,13.79,13.61,9862123.0,91762328.0
2012-01-13,14.11,14.2,13.81,13.76,18518892.0,173257568.0
2012-01-12,13.99,14.26,14.11,13.94,26028020.0,247588544.0
2012-01-11,14.21,14.29,14.03,14.0,19422852.0,183913184.0
2012-01-10,14.02,14.3,14.29,13.87,39376228.0,371841344.0
2012-01-09,14.05,14.33,14.0,13.9,43004304.0,406047808.0
2012-01-06,14.0,14.27,14.09,13.91,12882960.0,121602048.0
2012-01-05,13.61,14.33,14.06,13.55,34389936.0,325623168.0
2012-01-04,13.88,13.93,13.6,13.57,8796825.0,81451680.0
2011-12-30,13.6,13.87,13.82,13.55,14595468.0,134437520.0
2011-12-29,13.33,13.63,13.55,13.27,11185540.0,101508216.0
2011-12-28,13.61,13.7,13.51,13.15,19410732.0,174967408.0
2011-12-27,13.7,13.9,13.61,13.59,9052095.0,83832600.0
2011-12-26,13.67,13.91,13.75,13.57,7456863.0,69037208.0
2011-12-23,14.08,14.27,13.78,13.69,16742220.0,156896992.0
2011-12-22,13.85,14.22,14.11,13.79,14115754.0,132779224.0
2011-12-21,14.14,14.24,13.88,13.87,10832355.0,102264992.0
2011-12-20,14.12,14.48,13.96,13.84,23547040.0,224750320.0
2011-12-19,13.88,14.16,14.15,13.69,21211444.0,198238240.0
2011-12-16,13.57,14.08,14.03,13.35,15235208.0,140012880.0
2011-12-15,13.53,13.66,13.53,13.48,9607862.0,87600984.0
2011-12-14,13.55,13.75,13.59,13.48,9996062.0,91407304.0
2011-12-13,13.66,13.84,13.57,13.55,12106249.0,111387016.0
2011-12-12,13.84,13.88,13.7,13.67,8333972.0,77010800.0
2011-12-09,14.08,14.08,13.85,13.84,13566196.0,126878728.0
2011-12-08,13.99,14.22,14.15,13.9,16014307.0,151457584.0
2011-12-07,13.84,14.09,14.0,13.67,17885640.0,167488480.0
2011-12-06,13.87,14.08,13.79,13.67,17727552.0,164802704.0
2011-12-05,13.82,14.08,13.91,13.6,22267168.0,208303008.0
2011-12-02,13.51,13.94,13.82,13.46,26968612.0,248959312.0
2011-12-01,13.55,13.9,13.53,13.39,42757152.0,392914624.0
2011-11-30,13.39,13.48,13.06,13.03,8209531.0,72534128.0
2011-11-29,13.41,13.53,13.48,13.27,10139450.0,91477576.0
2011-11-28,13.23,13.46,13.33,13.18,7688843.0,68879488.0
2011-11-25,13.11,13.35,13.26,13.03,10434599.0,92321376.0
2011-11-24,12.75,13.18,13.11,12.75,9696027.0,85050432.0
2011-11-23,13.11,13.23,12.94,12.87,5227892.0,45642608.0
2011-11-22,12.74,13.18,13.11,12.74,9070462.0,79335024.0
2011-11-21,12.97,13.11,12.96,12.77,8056792.0,69788304.0
2011-11-18,13.12,13.39,13.08,12.97,11589074.0,102513248.0
2011-11-17,13.21,13.38,13.2,13.09,7771860.0,69107888.0
2011-11-16,13.39,13.57,13.24,13.11,15477570.0,137536288.0
2011-11-15,13.48,13.49,13.36,13.29,9322343.0,83572984.0
2011-11-14,13.39,13.66,13.49,13.3,13230270.0,119766336.0
2011-11-11,13.26,13.39,13.27,13.23,8912740.0,79593992.0
2011-11-10,13.6,13.64,13.3,13.27,17576256.0,158580288.0
2011-11-09,13.69,13.82,13.72,13.61,12758625.0,117286736.0
2011-11-08,13.63,13.76,13.63,13.59,11180747.0,102462912.0
2011-11-07,13.69,13.82,13.63,13.63,7819096.0,71931936.0
2011-11-04,13.78,13.87,13.76,13.63,15499116.0,143337968.0
2011-11-03,13.84,13.9,13.66,13.64,16696888.0,154271648.0
2011-11-02,13.23,13.85,13.82,13.15,34071196.0,310397632.0
2011-11-01,13.2,13.59,13.39,13.15,22455810.0,202045440.0
2011-10-31,13.38,13.42,13.26,13.2,14490393.0,129197048.0
2011-10-28,13.44,13.59,13.38,13.27,24230144.0,218807264.0
2011-10-27,13.2,13.45,13.29,13.2,18080120.0,161726272.0
2011-10-26,13.24,13.44,13.23,13.2,25781476.0,230286672.0
2011-10-25,13.02,13.45,13.33,12.93,44314780.0,393660096.0
2011-10-24,12.51,13.18,13.0,12.44,37976040.0,327765952.0
2011-10-21,12.27,12.62,12.48,12.2,12929248.0,108378896.0
2011-10-20,12.39,12.41,12.26,12.15,8192750.0,67422928.0
2011-10-19,12.39,12.66,12.45,12.39,8717583.0,73167696.0
2011-10-18,12.6,12.62,12.41,12.38,7946027.0,66619268.0
2011-10-17,12.62,12.84,12.69,12.59,11343775.0,96851536.0
2011-10-14,12.63,12.72,12.65,12.42,9368701.0,78947616.0
2011-10-13,12.6,12.74,12.65,12.53,17523960.0,148319616.0
2011-10-12,11.92,12.68,12.63,11.9,28087718.0,235380240.0
2011-10-11,12.24,12.3,12.05,11.92,13719162.0,111503120.0
2011-10-10,12.08,12.14,11.8,11.77,8356630.0,66965296.0
2011-09-30,12.1,12.21,12.1,12.04,5099043.0,41499720.0
2011-09-29,11.99,12.17,12.06,11.93,6445214.0,52127708.0
2011-09-28,12.24,12.29,12.01,11.95,5864800.0,47688920.0
2011-09-27,12.24,12.27,12.14,12.12,6192343.0,50678648.0
2011-09-26,12.32,12.42,12.14,12.11,7229675.0,59362488.0
2011-09-23,12.27,12.51,12.36,12.23,10245191.0,84774256.0
2011-09-22,12.57,12.66,12.36,12.35,9403511.0,78706888.0
2011-09-21,12.36,12.72,12.65,12.27,12611409.0,106514600.0
2011-09-20,12.29,12.45,12.36,12.23,4687381.0,38796460.0
2011-09-19,12.44,12.44,12.29,12.24,6379346.0,52856804.0
2011-09-16,12.56,12.69,12.5,12.5,10645791.0,89997368.0
2011-09-15,12.44,12.6,12.5,12.39,16500211.0,138637936.0
2011-09-14,12.38,12.5,12.44,12.2,9722715.0,80730248.0
2011-09-13,12.21,12.42,12.35,12.15,6214063.0,51209920.0
2011-09-09,12.38,12.57,12.39,12.32,12704516.0,106187744.0
2011-09-08,12.41,12.5,12.27,12.24,14214280.0,118222392.0
2011-09-07,12.15,12.42,12.38,12.08,9154819.0,75394008.0
2011-09-06,11.95,12.21,12.1,11.95,7824891.0,63521420.0
2011-09-05,12.14,12.18,12.06,12.01,7848420.0,63669476.0
2011-09-02,12.3,12.42,12.23,12.15,13074517.0,107550848.0
2011-09-01,12.36,12.53,12.38,12.27,14119986.0,117792136.0
2011-08-31,12.36,12.44,12.32,12.17,13400259.0,110626872.0
2011-08-30,12.51,12.66,12.35,12.33,18641744.0,156335344.0
2011-08-29,12.53,12.56,12.39,12.3,20222724.0,168763616.0
2011-08-26,12.66,12.77,12.75,12.57,16754381.0,142572400.0
2011-08-25,12.26,12.81,12.78,12.23,40535912.0,343786496.0
2011-08-24,12.35,12.47,12.24,12.21,11457038.0,94935816.0
2011-08-23,12.04,12.3,12.29,12.01,11036076.0,90358232.0
2011-08-22,12.1,12.18,12.01,11.93,7736714.0,62596272.0
2011-08-19,11.96,12.14,12.08,11.92,12625109.0,101710232.0
2011-08-18,12.51,12.54,12.2,12.2,10305692.0,85661880.0
2011-08-17,12.42,12.57,12.44,12.41,8607663.0,72113504.0
2011-08-16,12.59,12.68,12.45,12.44,14715931.0,124024104.0
2011-08-15,12.27,12.66,12.63,12.18,22924180.0,191544656.0
2011-08-12,12.35,12.45,12.27,12.21,14220416.0,117686624.0
2011-08-11,11.9,12.39,12.35,11.86,19311640.0,158261392.0
2011-08-10,12.21,12.24,12.05,12.02,14322661.0,116777040.0
2011-08-09,11.84,12.1,12.04,11.59,17720734.0,141601680.0
2011-08-08,12.47,12.65,12.02,11.86,21557108.0,176453264.0
2011-08-05,12.53,12.65,12.59,12.48,15743588.0,132898760.0
2011-08-04,12.79,12.88,12.79,12.72,6571656.0,56454848.0
2011-08-03,12.63,12.88,12.78,12.59,8385518.0,71840400.0
2011-08-02,12.82,12.84,12.78,12.66,8698660.0,74360960.0
2011-08-01,12.96,13.03,12.93,12.88,9734099.0,84646776.0
2011-07-29,12.72,13.53,13.09,12.57,33930384.0,298340704.0
2011-07-28,12.73,12.75,12.71,12.6,6755514.0,57448040.0
2011-07-27,12.68,12.84,12.82,12.66,10824780.0,92895696.0
2011-07-26,12.75,12.78,12.74,12.65,7947196.0,67958560.0
2011-07-25,13.23,13.23,12.74,12.66,24434176.0,211003296.0
2011-07-22,13.29,13.35,13.27,13.23,9486563.0,84648832.0
2011-07-21,13.45,13.49,13.26,13.24,10184351.0,91173216.0
2011-07-20,13.55,13.61,13.45,13.38,11249792.0,101698008.0
2011-07-19,13.57,13.57,13.49,13.44,9424284.0,85313456.0
2011-07-18,13.73,13.76,13.63,13.59,11018966.0,101111976.0
2011-07-15,13.58,13.73,13.7,13.51,18298428.0,167623120.0
2011-07-14,13.49,13.61,13.61,13.48,14575592.0,132689744.0
2011-07-13,13.32,13.54,13.53,13.32,11879129.0,107362104.0
2011-07-12,13.48,13.48,13.32,13.3,14937046.0,134043168.0
2011-07-11,13.58,13.64,13.54,13.49,14341479.0,130705456.0
2011-07-08,13.48,13.73,13.64,13.45,21233700.0,194169104.0
2011-07-07,13.6,13.66,13.48,13.45,20233518.0,184122160.0
2011-07-06,13.6,13.6,13.48,13.41,19713976.0,178113008.0
2011-07-05,13.69,13.73,13.63,13.54,17842432.0,163146320.0
2011-07-04,13.54,13.72,13.7,13.42,33716184.0,308129280.0
2011-07-01,13.38,13.63,13.44,13.29,21609972.0,195204432.0
2011-06-30,13.23,13.49,13.36,13.21,17025220.0,152628736.0
2011-06-29,13.41,13.44,13.23,13.23,12984062.0,115972680.0
2011-06-28,13.46,13.49,13.41,13.32,12394587.0,111467440.0
2011-06-27,13.48,13.6,13.48,13.39,16705179.0,151246288.0
2011-06-24,13.12,13.63,13.54,13.12,27156796.0,244774896.0
2011-06-23,13.03,13.29,13.23,12.96,15138522.0,133364808.0
2011-06-22,13.09,13.12,13.05,12.91,12616060.0,110336824.0
2011-06-21,13.03,13.18,13.05,12.99,15372717.0,134669760.0
2011-06-20,12.94,13.02,13.0,12.88,7078595.0,61477880.0
2011-06-17,12.97,13.08,12.94,12.91,10121547.0,88372320.0
2011-06-16,13.14,13.15,12.97,12.96,11244737.0,98345232.0
2011-06-15,13.38,13.38,13.23,13.2,9164552.0,81533472.0
2011-06-14,13.14,13.4,13.34,13.11,18964656.0,173203200.0
2011-06-13,13.18,13.21,13.14,13.04,10941863.0,98479344.0
2011-06-10,13.17,13.27,13.24,13.08,15116118.0,136464192.0
2011-06-09,13.24,13.31,13.12,13.11,14082564.0,127668672.0
2011-06-08,13.3,13.31,13.26,13.12,15015742.0,136059424.0
2011-06-07,13.21,13.31,13.3,13.15,11164292.0,101528912.0
2011-06-03,13.24,13.31,13.29,13.11,17857950.0,162351872.0
2011-06-02,13.75,13.75,13.26,13.14,42636748.0,391398144.0
2011-06-01,13.98,13.98,13.9,13.81,20026464.0,190616608.0
2011-05-31,13.97,14.04,14.03,13.78,20062424.0,191642736.0
2011-05-30,13.97,14.1,13.91,13.85,13532382.0,129619032.0
2011-05-27,14.14,14.29,14.0,13.98,15733923.0,152585392.0
2011-05-25,14.35,14.41,14.13,14.12,13802331.0,134931648.0
2011-05-24,14.51,14.6,14.35,14.3,19358242.0,191447536.0
2011-05-23,14.86,14.87,14.54,14.49,15647162.0,157069520.0
2011-05-20,14.83,14.97,14.89,14.79,11015394.0,112651728.0
2011-05-19,14.93,14.95,14.8,14.77,9508452.0,96948424.0
2011-05-18,14.76,14.95,14.9,14.71,15190640.0,155205056.0
2011-05-17,14.64,14.99,14.8,14.58,21381660.0,217205408.0
2011-05-16,14.77,14.83,14.62,14.61,13580253.0,136988304.0
2011-05-13,14.65,14.86,14.83,14.55,16930152.0,170417888.0
2011-05-12,14.83,14.9,14.64,14.57,14333199.0,145546336.0
2011-05-11,15.02,15.02,14.9,14.86,11222865.0,114953456.0
2011-05-10,14.89,15.02,15.0,14.83,10787654.0,110686144.0
2011-05-09,14.92,14.99,14.89,14.83,11295635.0,115457176.0
2011-05-06,14.81,14.96,14.84,14.79,12154113.0,124143776.0
2011-05-05,14.92,15.08,14.92,14.83,18065728.0,185219696.0
2011-05-04,15.21,15.27,14.9,14.86,21094540.0,218044016.0
2011-05-03,15.41,15.41,15.29,15.13,35138872.0,367134176.0
2011-04-29,16.01,16.01,15.41,15.29,49371472.0,523713632.0
2011-04-28,16.2,16.68,16.11,16.08,33030930.0,371174624.0
2011-04-27,16.07,16.36,16.2,15.89,36533860.0,404749632.0
2011-04-26,15.86,16.2,16.07,15.83,29791836.0,328144288.0
2011-04-25,15.86,16.04,15.89,15.79,17713636.0,193280288.0
2011-04-22,16.21,16.21,15.98,15.8,25133392.0,275956896.0
2011-04-21,16.14,16.39,16.21,16.14,15657193.0,174565168.0
2011-04-20,16.3,16.37,16.1,16.04,21700874.0,240892112.0
2011-04-19,16.56,16.59,16.18,16.16,28938112.0,325015136.0
2011-04-18,16.65,16.9,16.66,16.53,18002586.0,206144016.0
2011-04-15,16.45,16.84,16.75,16.34,24029346.0,275039104.0
2011-04-14,16.75,16.82,16.49,16.46,31315684.0,357742208.0
2011-04-13,16.29,16.68,16.65,16.21,23245188.0,261687744.0
2011-04-12,16.43,16.68,16.34,16.21,26905544.0,302974464.0
2011-04-11,16.77,16.87,16.5,16.45,33188532.0,379556000.0
2011-04-08,16.8,16.91,16.81,16.65,24260820.0,279463776.0
2011-04-07,16.98,17.06,16.87,16.74,28612288.0,331117760.0
2011-04-06,16.5,17.12,16.93,16.49,56254364.0,654975872.0
2011-04-01,16.07,16.58,16.49,16.07,20575456.0,231675952.0
2011-03-31,16.59,16.68,16.13,16.02,27638004.0,308174144.0
2011-03-30,16.42,16.8,16.59,16.3,44965516.0,513008128.0
2011-03-29,16.29,16.75,16.5,16.11,49731868.0,563065088.0
2011-03-28,16.5,16.82,16.29,16.26,31290800.0,354438784.0
2011-03-25,16.17,16.46,16.36,16.13,28204236.0,316759808.0
2011-03-24,16.16,16.32,16.1,15.99,18020106.0,199386512.0
2011-03-23,15.95,16.4,16.16,15.92,29725220.0,329789152.0
2011-03-22,15.57,16.1,16.04,15.46,40898060.0,445395008.0
2011-03-21,15.44,15.6,15.5,15.4,17616988.0,187221008.0
2011-03-18,15.38,15.69,15.48,15.38,13891210.0,148407152.0
2011-03-17,15.44,15.53,15.35,15.13,19478596.0,205415728.0
2011-03-16,15.67,15.83,15.69,15.25,26044608.0,278319424.0
2011-03-15,15.88,15.94,15.66,15.41,21639532.0,231457088.0
2011-03-14,15.88,16.08,15.98,15.85,13694816.0,150119328.0
2011-03-11,15.94,16.27,15.99,15.89,18655554.0,205587904.0
2011-03-10,16.33,16.33,16.01,15.86,32815714.0,361914528.0
2011-03-09,16.55,16.74,16.43,16.32,25675692.0,291955744.0
2011-03-08,16.46,16.74,16.53,16.24,38576296.0,435716608.0
2011-03-07,16.39,16.97,16.43,16.32,63468792.0,724287296.0
2011-03-04,15.95,16.37,16.3,15.8,46106704.0,510091616.0
2011-03-03,15.59,16.42,15.99,15.41,85538632.0,939959552.0
2011-03-02,15.22,15.78,15.59,15.15,59398488.0,635692416.0
2011-03-01,15.21,15.48,15.34,15.13,24191276.0,254444288.0
2011-02-28,15.05,15.25,15.21,14.89,23544656.0,244024848.0
2011-02-25,15.0,15.21,15.05,14.8,17251688.0,177638464.0
2011-02-24,14.9,15.06,15.0,14.79,17052968.0,174741472.0
2011-02-23,14.89,15.08,14.95,14.83,15645380.0,160279072.0
2011-02-22,15.53,15.56,14.97,14.93,31586120.0,328376928.0
2011-02-21,15.31,15.53,15.5,15.15,28255468.0,297552576.0
2011-02-18,15.51,15.79,15.54,15.32,29104580.0,310707264.0
2011-02-17,15.29,16.04,15.57,15.29,51677136.0,554050624.0
2011-02-16,15.16,15.32,15.27,15.08,23886688.0,248615616.0
2011-02-15,15.29,15.46,15.18,15.16,42827456.0,450334336.0
2011-02-14,14.87,15.35,15.29,14.86,47332344.0,492426336.0
2011-02-11,14.79,14.87,14.83,14.67,18259746.0,184872784.0
2011-02-10,14.58,14.86,14.84,14.58,10576715.0,106959376.0
2011-02-09,14.83,14.99,14.64,14.42,14426003.0,146187712.0
2011-02-01,14.9,14.97,14.92,14.79,10453573.0,106795200.0
2011-01-31,14.87,14.99,14.9,14.77,9167624.0,93653768.0
2011-01-28,15.06,15.11,14.87,14.77,12893492.0,131825120.0
2011-01-27,14.86,15.21,15.12,14.73,20016162.0,205881504.0
2011-01-26,14.95,15.02,14.99,14.84,10995877.0,112866352.0
2011-01-25,14.76,15.06,14.93,14.71,16851802.0,172633600.0
2011-01-24,14.76,14.9,14.73,14.58,12930644.0,131011168.0
2011-01-21,14.39,15.08,14.68,14.38,16885846.0,170844880.0
2011-01-20,14.79,14.79,14.38,14.35,13309855.0,132467872.0
2011-01-19,14.58,14.81,14.79,14.45,12566933.0,126457968.0
2011-01-18,14.49,14.7,14.58,14.42,12160376.0,121651664.0
2011-01-17,15.0,15.13,14.55,14.42,24046604.0,243848752.0
2011-01-14,15.32,15.38,15.16,15.0,18346932.0,191171504.0
2011-01-13,15.59,15.64,15.41,15.34,21076188.0,223912496.0
2011-01-12,15.37,15.59,15.56,15.18,28734682.0,304204416.0
2011-01-11,14.89,15.51,15.35,14.87,27158184.0,283728192.0
2011-01-10,15.29,15.47,15.02,15.0,31494826.0,329674080.0
2011-01-07,14.74,15.63,15.48,14.64,90443336.0,951617792.0
2011-01-06,14.61,14.79,14.74,14.57,16755004.0,168935504.0
2011-01-05,14.68,14.86,14.67,14.62,26212052.0,265394400.0
2011-01-04,14.57,14.81,14.79,14.39,46647996.0,469511072.0
