date,open,high,close,low,volume,amount
2015-12-31,21.71,22.0,21.57,21.53,58657615.0,622358413.0
2015-12-30,21.8,21.9,21.77,21.32,62181782.0,656103505.0
2015-12-29,21.37,21.92,21.9,21.18,75704363.0,797862967.0
2015-12-28,22.33,22.61,21.41,21.24,151841886.0,1615353535.0
2015-12-25,22.41,22.9,22.49,22.04,130515341.0,1434044810.0
2015-12-24,21.45,22.61,22.51,21.26,226433584.0,2431660800.0
2015-12-23,21.39,22.02,21.49,21.16,135710144.0,1428147200.0
2015-12-22,21.41,21.67,21.28,21.1,103812320.0,1081191270.0
2015-12-21,20.71,21.88,21.47,20.63,232995888.0,2426997760.0
2015-12-18,20.69,21.67,20.96,20.61,161335488.0,1667957504.0
2015-12-17,20.77,20.96,20.83,20.5,99422032.0,1006480000.0
2015-12-16,20.87,20.94,20.55,20.46,82157216.0,826626944.0
2015-12-15,21.22,21.26,20.81,20.71,107563000.0,1096337920.0
2015-12-14,20.65,21.47,21.26,20.42,122779856.0,1256466816.0
2015-12-11,20.61,21.06,20.79,20.34,88747632.0,897985984.0
2015-12-10,20.65,21.47,20.61,20.53,120737088.0,1239569536.0
2015-12-09,20.38,21.34,20.79,20.38,168451861.0,1720008705.0
2015-12-08,20.38,20.57,20.28,20.16,96319032.0,954642880.0
2015-12-07,20.38,21.0,20.55,20.3,96458473.0,972449776.0
2015-12-04,20.63,20.71,20.4,20.32,133952704.0,1339156480.0
2015-12-03,20.61,21.51,20.96,20.28,305777080.0,3123393822.0
2015-12-02,18.97,20.85,20.85,18.87,344488992.0,3423588096.0
2015-12-01,19.03,19.13,18.97,18.72,57683597.0,531430228.0
2015-11-30,18.79,19.19,18.99,18.6,90618984.0,833753856.0
2015-11-27,19.5,19.56,18.74,18.62,86690392.0,808490176.0
2015-11-26,19.77,19.89,19.5,19.46,93550912.0,898370368.0
2015-11-25,19.77,20.01,19.66,19.46,134498688.0,1296046208.0
2015-11-24,19.95,20.05,19.77,19.71,175961520.0,1704179968.0
2015-11-23,20.18,20.44,20.05,19.81,117012768.0,1150239360.0
2015-11-20,19.87,20.53,20.22,19.77,320967680.0,3178027776.0
2015-11-19,19.77,19.77,19.77,19.77,109440160.0,1056097536.0
2015-10-08,18.01,18.21,17.96,17.92,68815752.0,605971072.0
2015-09-30,17.58,17.76,17.64,17.49,45163552.0,389467616.0
2015-09-29,17.49,17.66,17.54,17.43,40552668.0,347665408.0
2015-09-28,17.62,17.68,17.62,17.45,26989916.0,231553200.0
2015-09-25,17.55,17.82,17.74,17.35,65309420.0,560346944.0
2015-09-24,17.54,17.78,17.62,17.51,46363440.0,398825408.0
2015-09-23,17.74,17.84,17.54,17.52,65667860.0,566091584.0
2015-09-22,17.62,18.19,17.88,17.58,98348944.0,862051456.0
2015-09-21,17.47,17.68,17.66,17.37,72454016.0,619689920.0
2015-09-18,17.92,18.15,17.62,17.47,133765064.0,1155616768.0
2015-09-17,18.05,18.33,17.82,17.82,104129888.0,920974912.0
2015-09-16,17.86,18.62,18.25,17.64,128126520.0,1126956160.0
2015-09-15,17.76,18.01,17.92,17.54,166619952.0,1450935808.0
2015-09-14,17.78,18.17,18.09,16.92,279026080.0,2414403840.0
2015-09-11,17.8,18.01,17.74,17.66,96700064.0,841309888.0
2015-09-10,17.72,18.05,17.9,17.64,169805536.0,1480416640.0
2015-09-09,17.72,18.11,17.88,17.62,221147312.0,1925539584.0
2015-09-08,17.31,18.03,17.76,17.27,164229184.0,1420407296.0
2015-09-07,17.82,18.11,17.41,17.21,196616128.0,1701699712.0
2015-09-02,17.68,18.6,18.19,17.45,424421984.0,3750899456.0
2015-09-01,18.5,19.01,18.25,18.15,331775488.0,3005528576.0
2015-08-31,17.31,19.34,19.26,17.31,426524448.0,3783258112.0
2015-08-28,17.92,18.13,17.86,17.29,426168928.0,3689559808.0
2015-08-27,16.06,17.54,17.54,15.73,368667712.0,2981051904.0
2015-08-26,14.97,16.08,15.94,14.93,368350592.0,2818469376.0
2015-08-25,14.34,15.36,14.63,14.34,348061664.0,2525970944.0
2015-08-24,16.04,16.06,14.83,14.79,353374240.0,2617627392.0
2015-08-21,16.72,16.98,16.43,16.41,133489128.0,1089257600.0
2015-08-20,17.08,17.23,16.9,16.82,101200760.0,841450112.0
2015-08-19,17.11,17.31,17.25,16.65,150408976.0,1248546176.0
2015-08-18,17.95,18.23,17.21,17.17,165512096.0,1439432832.0
2015-08-17,18.11,18.13,17.95,17.84,111820520.0,978947136.0
2015-08-14,18.25,18.31,18.19,18.15,89589936.0,797611136.0
2015-08-13,18.13,18.42,18.25,18.01,107191424.0,950976256.0
2015-08-12,18.39,18.46,18.21,18.21,123071672.0,1100992512.0
2015-08-11,18.85,18.93,18.6,18.42,156383264.0,1427265152.0
2015-08-10,18.58,19.03,18.99,18.39,171177184.0,1566323968.0
2015-08-07,18.42,18.74,18.52,18.31,111958928.0,1013141696.0
2015-08-06,18.13,18.48,18.29,18.05,83871024.0,749045056.0
2015-08-05,18.46,18.56,18.23,18.23,101668328.0,912534720.0
2015-08-04,18.23,18.58,18.54,18.17,115847360.0,1040099776.0
2015-08-03,17.88,18.39,18.35,17.74,195120384.0,1717091584.0
2015-07-31,17.96,18.19,17.99,17.7,146934512.0,1283190144.0
2015-07-30,18.52,18.6,18.07,18.05,123968952.0,1111394944.0
2015-07-29,18.44,18.56,18.52,18.09,147012368.0,1312486784.0
2015-07-28,17.96,18.95,18.33,17.96,237476928.0,2126477184.0
2015-07-27,20.28,20.28,18.33,18.33,272539264.0,2582692608.0
2015-07-24,20.77,20.87,20.36,20.32,157831056.0,1590103936.0
2015-07-23,20.42,20.87,20.75,20.38,165644048.0,1671531904.0
2015-07-22,20.48,20.75,20.42,20.38,143613968.0,1440456960.0
2015-07-21,20.81,20.83,20.55,20.48,174292528.0,1753569792.0
2015-07-20,21.37,21.39,20.98,20.91,196018624.0,2018328704.0
2015-07-17,21.61,21.8,21.51,21.16,155760672.0,1630560896.0
2015-07-16,21.64,21.74,21.29,21.04,179709376.0,2293727488.0
2015-07-15,21.11,21.71,21.64,20.94,296130592.0,3792858624.0
2015-07-14,21.48,21.71,21.21,20.81,262669632.0,3341047040.0
2015-07-13,21.59,22.35,21.81,21.14,330257344.0,4293472512.0
2015-07-10,20.42,22.58,21.98,20.25,486928704.0,6358262784.0
2015-07-09,19.1,20.94,20.74,17.99,444650848.0,5247822336.0
2015-07-08,19.75,21.24,19.1,18.98,653577728.0,7784416256.0
2015-07-07,20.39,21.43,21.09,19.67,557011904.0,6880110080.0
2015-07-06,21.24,21.24,20.74,19.92,503835456.0,6157409280.0
2015-07-03,20.24,21.01,19.35,18.93,303040448.0,3630659072.0
2015-07-02,21.19,21.58,20.49,19.55,301125888.0,3746199296.0
2015-07-01,21.78,22.11,21.11,21.01,252467840.0,3285141504.0
2015-06-30,20.87,22.46,22.3,20.67,415025312.0,5359220736.0
2015-06-29,21.68,21.94,21.07,19.43,375048416.0,4744542208.0
2015-06-26,22.25,22.9,21.29,20.55,388738464.0,5029382656.0
2015-06-25,24.19,24.2,22.83,22.46,376150432.0,5309383680.0
2015-06-24,23.2,23.4,23.35,22.43,301485152.0,4123939840.0
2015-06-23,22.6,23.23,23.2,21.88,214856576.0,2917830144.0
2015-06-19,23.3,23.7,22.63,22.43,251329952.0,3481946880.0
2015-06-18,23.97,24.02,23.43,23.35,219766656.0,3102078976.0
2015-06-17,24.42,24.5,24.19,23.85,258008224.0,3729144064.0
2015-06-16,24.1,24.61,23.89,23.53,244190784.0,3516201216.0
2015-06-15,24.81,25.12,24.29,24.24,304616928.0,4494376960.0
2015-06-12,24.76,24.87,24.71,24.2,270936416.0,3970377216.0
2015-06-11,25.24,25.41,24.76,24.3,280647488.0,4151106560.0
2015-06-10,24.82,25.44,25.02,24.64,324408384.0,4852172800.0
2015-06-09,25.69,26.4,25.29,24.74,522728160.0,7979666944.0
2015-06-08,23.8,25.78,25.76,23.52,723485888.0,10786102272.0
2015-06-05,24.12,24.36,23.43,22.78,517746912.0,7278493184.0
2015-06-04,22.51,23.72,23.47,22.03,653695104.0,8980154368.0
2015-06-03,22.09,22.61,22.41,21.69,390452800.0,5161725440.0
2015-06-02,22.01,22.35,22.14,21.73,264336752.0,3469659648.0
2015-06-01,21.22,22.35,22.25,20.96,395834272.0,5117702656.0
2015-05-29,21.63,21.78,21.31,20.89,350070656.0,4453407744.0
2015-05-28,22.71,22.85,21.73,21.44,413558784.0,5540343296.0
2015-05-27,22.96,23.22,22.71,22.55,342358528.0,4663077888.0
2015-05-26,23.02,23.1,22.91,22.55,266146912.0,3623040000.0
2015-05-25,22.6,23.17,22.96,22.6,336320992.0,4588777472.0
2015-05-22,21.93,22.51,22.41,21.78,334160672.0,4449126400.0
2015-05-21,21.76,21.84,21.71,21.51,161509408.0,2091181056.0
2015-05-20,21.79,22.09,21.79,21.49,255924896.0,3329479936.0
2015-05-19,21.02,22.03,21.79,20.96,232758768.0,3002384384.0
2015-05-18,21.59,21.89,21.09,20.92,256451296.0,3271629312.0
2015-05-15,22.09,22.36,21.91,21.68,221917472.0,2907561216.0
2015-05-14,22.35,22.73,22.38,21.94,289496928.0,3869889024.0
2015-05-13,22.82,22.83,22.28,21.84,371975968.0,4959936512.0
2015-05-12,22.68,22.73,22.68,22.2,447235680.0,5993576448.0
2015-05-11,22.43,22.91,22.83,21.71,419834016.0,5568751616.0
2015-05-08,23.07,23.23,22.55,21.88,276677056.0,3710739200.0
2015-05-07,21.76,22.76,22.55,21.59,336284768.0,4485528576.0
2015-05-06,21.51,23.12,22.06,21.43,414268544.0,5487329792.0
2015-05-05,22.3,22.51,21.41,21.01,304948320.0,3963932416.0
2015-05-04,21.89,22.75,22.71,21.43,396865472.0,5279684608.0
2015-04-30,21.76,23.4,21.74,21.43,572502272.0,7582526464.0
2015-04-27,20.17,21.66,21.59,20.12,658470784.0,8224653824.0
2015-04-24,20.09,20.29,19.97,19.75,211807136.0,2531930624.0
2015-04-23,20.82,20.84,20.49,20.29,256258720.0,3145527808.0
2015-04-22,20.71,20.86,20.81,20.47,265009376.0,3275148544.0
2015-04-21,20.22,20.71,20.55,20.1,212763632.0,2588618752.0
2015-04-20,21.26,21.32,20.2,20.17,375349824.0,4640885248.0
2015-04-17,21.63,21.71,21.19,20.96,324460064.0,4124917504.0
2015-04-16,20.74,21.26,21.22,20.4,351380800.0,4361890304.0
2015-04-15,20.1,21.59,21.07,20.0,451941088.0,5621636608.0
2015-04-14,20.4,20.45,20.17,20.07,230731456.0,2789156096.0
2015-04-13,20.57,20.71,20.61,19.99,334506752.0,4065002752.0
2015-04-10,19.42,20.1,20.04,19.23,358125696.0,4217856512.0
2015-04-09,19.65,20.2,19.45,19.22,370316768.0,4332267008.0
2015-04-08,18.88,19.68,19.67,18.81,466334048.0,5363244544.0
2015-04-07,18.9,19.05,18.86,18.66,365182624.0,4107752192.0
2015-04-03,18.11,18.73,18.53,18.06,218093040.0,2395983360.0
2015-04-02,18.46,18.51,18.23,18.09,151041568.0,1648997120.0
2015-04-01,18.26,18.46,18.31,18.14,203235584.0,2221289472.0
2015-03-31,18.8,19.03,18.26,18.2,262556240.0,2925659136.0
2015-03-30,18.23,18.7,18.58,18.08,255096960.0,2807423232.0
2015-03-27,18.08,18.33,18.06,17.84,153219008.0,1653480320.0
2015-03-26,18.04,18.53,18.21,17.79,175389872.0,1904389504.0
2015-03-25,18.6,18.61,18.18,18.09,144875216.0,1588018304.0
2015-03-24,18.75,18.85,18.71,18.53,175811008.0,1960096128.0
2015-03-23,18.71,18.85,18.75,18.6,181116720.0,2026819968.0
2015-03-20,18.46,18.95,18.65,18.3,202585760.0,2250289408.0
2015-03-19,18.73,18.73,18.46,18.41,141489280.0,1565585152.0
2015-03-18,18.53,18.86,18.75,18.48,215838768.0,2404743680.0
2015-03-17,18.58,18.7,18.56,18.28,247645280.0,2729321216.0
2015-03-16,18.73,18.83,18.53,18.25,305252544.0,3360371712.0
2015-03-13,18.58,19.3,18.51,18.2,221096880.0,2474203136.0
2015-03-12,17.98,19.25,18.55,17.74,311925696.0,3462622976.0
2015-03-11,17.41,18.03,17.52,17.39,117527768.0,1239885696.0
2015-03-10,17.74,17.94,17.38,17.34,179494288.0,1883588224.0
2015-03-09,16.57,18.21,18.08,16.55,269033792.0,2834546944.0
2015-03-06,16.49,16.75,16.55,16.49,48251480.0,479016960.0
2015-03-05,16.57,16.72,16.49,16.35,63235344.0,624080960.0
2015-03-04,16.94,16.97,16.77,16.64,58373520.0,585684096.0
2015-03-03,17.34,17.43,16.82,16.75,81603008.0,828796096.0
2015-03-02,17.56,17.59,17.49,17.32,77800400.0,811275584.0
2015-02-27,17.43,17.98,17.48,17.38,86835888.0,916059904.0
2015-02-26,16.77,17.56,17.52,16.77,114576280.0,1178577152.0
2015-02-25,16.94,17.12,16.91,16.72,84154760.0,852363200.0
2015-02-17,16.89,17.07,16.94,16.89,51282484.0,520061600.0
2015-02-16,16.86,16.91,16.86,16.67,48501020.0,486016096.0
2015-02-13,16.87,17.12,16.86,16.67,85994056.0,869115072.0
2015-02-12,16.91,16.99,16.74,16.61,72315312.0,724668608.0
2015-02-11,16.5,16.61,16.49,16.39,35762592.0,352248032.0
2015-02-10,16.2,16.54,16.5,16.14,58689944.0,574996928.0
2015-02-09,16.07,16.45,16.24,15.75,74636464.0,719188416.0
2015-02-06,16.66,16.86,16.17,15.9,101549664.0,1001271744.0
2015-02-05,17.74,17.84,16.74,16.7,187501824.0,1951201024.0
2015-02-04,17.16,17.24,16.8,16.77,64146952.0,652572224.0
2015-02-03,17.04,17.16,17.12,16.72,79443368.0,803764096.0
2015-02-02,16.91,17.14,16.81,16.75,74125648.0,749874752.0
2015-01-30,17.31,17.66,17.36,17.04,123843960.0,1286084096.0
2015-01-29,17.04,17.19,17.02,16.89,65416680.0,665161792.0
2015-01-28,17.29,17.64,17.26,17.12,83388696.0,863442560.0
2015-01-27,17.96,18.01,17.48,17.24,106830664.0,1118844928.0
2015-01-26,17.98,18.04,17.94,17.63,81321072.0,863590208.0
2015-01-23,17.99,18.41,17.99,17.88,133220792.0,1443678336.0
2015-01-22,18.16,18.18,17.91,17.63,133342776.0,1428434048.0
2015-01-21,17.27,18.4,18.21,17.11,172298576.0,1829369472.0
2015-01-20,17.24,17.83,17.22,16.74,196085296.0,2024205440.0
2015-01-19,17.99,18.58,17.38,17.38,182072160.0,1944265472.0
2015-01-16,19.02,19.85,19.3,18.93,229103456.0,2658890240.0
2015-01-15,18.2,19.17,19.1,17.88,186394000.0,2063766272.0
2015-01-14,18.26,18.68,18.26,17.96,135232048.0,1483940352.0
2015-01-13,18.21,18.38,18.09,17.86,113934520.0,1233658368.0
2015-01-12,17.74,18.63,18.31,17.39,258231424.0,2778414080.0
2015-01-09,17.16,18.9,17.94,17.07,322999840.0,3521086976.0
2015-01-08,17.76,17.99,17.17,17.07,116160512.0,1204975872.0
2015-01-07,17.89,18.04,17.74,17.49,148957984.0,1580696960.0
2015-01-06,18.16,18.76,18.11,17.91,184284064.0,2011730176.0
2015-01-05,18.46,18.71,18.46,17.84,211180736.0,2310126080.0
2014-12-31,18.25,18.58,18.3,17.86,228669744.0,2498162944.0
2014-12-30,17.14,17.88,17.83,17.04,179121952.0,1884819584.0
2014-12-29,17.88,18.18,17.17,16.91,190880592.0,2013541888.0
2014-12-26,16.84,17.41,17.32,16.69,164684976.0,1679009024.0
2014-12-25,16.45,17.01,16.82,16.12,135330096.0,1342940288.0
2014-12-24,16.72,16.87,16.04,15.73,123187744.0,1195355520.0
2014-12-23,17.17,17.52,16.69,16.62,134827216.0,1374305536.0
2014-12-22,17.07,18.18,17.46,16.86,233438912.0,2454071552.0
2014-12-19,16.81,17.11,16.89,16.44,133789072.0,1346030464.0
2014-12-18,17.29,17.38,16.77,16.49,151872640.0,1533006592.0
2014-12-17,16.24,17.76,17.24,16.02,291049888.0,2938160640.0
2014-12-16,15.48,16.17,16.15,15.4,124743744.0,1180757888.0
2014-12-15,15.67,15.67,15.48,15.23,79567536.0,732557312.0
2014-12-12,16.07,16.4,15.8,15.75,96904640.0,928966208.0
2014-12-11,15.9,16.55,16.02,15.73,138017376.0,1333569280.0
2014-12-10,15.23,16.24,16.07,14.9,168436512.0,1563950976.0
2014-12-09,16.57,17.04,15.25,15.06,226719072.0,2214322432.0
2014-12-08,16.2,17.11,16.74,16.02,221166672.0,2191624704.0
2014-12-05,16.39,17.31,16.61,15.88,296462176.0,2930012928.0
2014-12-04,15.53,16.34,16.32,15.3,242104768.0,2295260672.0
2014-12-03,15.65,16.07,15.48,15.23,218072992.0,2044704000.0
2014-12-02,14.76,15.9,15.65,14.68,239519152.0,2198870272.0
2014-12-01,15.33,15.92,14.93,14.9,220575600.0,2019294976.0
2014-11-28,14.19,15.57,15.37,14.13,282893152.0,2519523840.0
2014-11-27,14.18,14.45,14.26,14.01,116662880.0,991895104.0
2014-11-26,13.83,14.29,14.09,13.76,104078024.0,871155520.0
2014-11-25,13.74,13.93,13.79,13.49,61167096.0,501001536.0
2014-11-24,13.51,14.01,13.76,13.36,101360672.0,830578048.0
2014-11-21,13.39,13.76,13.73,13.37,48431808.0,393012224.0
2014-11-20,13.39,13.57,13.44,13.31,35827536.0,288144512.0
2014-11-19,13.57,13.62,13.49,13.32,39864336.0,320405248.0
2014-11-18,13.69,13.76,13.56,13.49,36826960.0,299636960.0
2014-11-17,13.83,14.06,13.69,13.66,36991900.0,305273216.0
2014-11-14,14.01,14.13,13.83,13.66,47576460.0,392364096.0
2014-11-13,14.21,14.46,14.04,14.01,59716496.0,507036384.0
2014-11-12,14.13,14.21,14.19,13.84,52183092.0,437132192.0
2014-11-11,14.03,14.58,14.14,13.94,149361040.0,1276068736.0
2014-11-10,13.89,14.09,13.96,13.68,75927488.0,628876160.0
2014-11-07,13.61,14.19,13.68,13.54,104900816.0,867421248.0
2014-11-06,13.62,13.66,13.61,13.53,38444736.0,312481152.0
2014-11-05,13.71,13.78,13.56,13.51,58153728.0,472334016.0
2014-11-04,13.74,13.84,13.73,13.62,57378192.0,470643744.0
2014-11-03,14.06,14.23,13.89,13.78,83788720.0,697732672.0
2014-10-31,13.39,14.65,14.11,13.34,180841664.0,1510772480.0
2014-10-30,13.14,13.46,13.36,13.07,40879440.0,323740224.0
2014-10-29,12.99,13.29,13.14,12.9,30530224.0,238617968.0
2014-10-28,12.76,12.97,12.96,12.74,19888984.0,152317808.0
2014-10-27,12.92,13.01,12.76,12.72,18004528.0,137977072.0
2014-10-24,13.02,13.14,12.97,12.92,15800758.0,122845328.0
2014-10-23,13.01,13.24,13.02,12.97,26195730.0,205299024.0
2014-10-22,12.9,13.12,12.99,12.89,21885128.0,170414624.0
2014-10-21,13.02,13.09,12.9,12.89,16939836.0,131284112.0
2014-10-20,13.07,13.19,13.04,12.99,15517357.0,121052040.0
2014-10-17,13.17,13.21,13.04,12.96,24823132.0,193703360.0
2014-10-16,13.06,13.47,13.16,13.01,42666172.0,337683968.0
2014-10-15,12.97,13.17,13.12,12.92,17362880.0,135378864.0
2014-10-14,13.04,13.16,12.99,12.9,21521484.0,167513472.0
2014-10-13,13.31,13.31,13.09,12.89,32696172.0,254999248.0
2014-10-10,13.42,13.53,13.42,13.34,31643484.0,253886304.0
2014-10-09,13.39,13.57,13.53,13.36,41558456.0,335174336.0
2014-10-08,13.41,13.44,13.41,13.29,29962802.0,239115392.0
2014-09-30,13.37,13.49,13.44,13.32,36334936.0,291584512.0
2014-09-29,13.31,13.44,13.42,13.26,34808712.0,278160928.0
2014-09-26,13.34,13.39,13.34,13.19,21817054.0,173308112.0
2014-09-25,13.71,13.76,13.37,13.31,53021968.0,426111552.0
2014-09-24,13.39,13.71,13.62,13.39,60496784.0,491849792.0
2014-09-23,13.12,13.59,13.54,13.11,54429604.0,437068128.0
2014-09-22,13.24,13.39,13.16,13.02,43337112.0,342860960.0
2014-09-19,13.22,13.44,13.36,13.11,53801744.0,426431520.0
2014-09-18,13.09,13.61,13.22,13.04,84203640.0,669435200.0
2014-09-17,13.09,13.22,13.17,12.97,58515888.0,458294400.0
2014-09-16,13.07,13.12,12.89,12.87,68814000.0,535168992.0
2014-09-15,12.72,13.11,13.06,12.69,49361016.0,381584960.0
2014-09-12,12.72,12.86,12.86,12.64,23977500.0,182593840.0
2014-09-11,12.76,12.99,12.74,12.62,42444776.0,324954432.0
2014-09-10,12.82,12.86,12.8,12.72,28341894.0,216529280.0
2014-09-09,13.24,13.29,12.9,12.8,57640160.0,446156672.0
2014-09-05,13.21,13.34,13.24,13.09,59788200.0,472710816.0
2014-09-04,12.92,13.27,13.21,12.84,68309224.0,532267104.0
2014-09-03,12.55,13.14,12.9,12.54,87798856.0,678683648.0
2014-09-02,12.3,12.57,12.52,12.22,65320792.0,483400960.0
2014-09-01,12.25,12.39,12.32,12.22,50958092.0,375583616.0
2014-08-29,12.1,12.37,12.27,12.05,50154660.0,367499104.0
2014-08-28,12.19,12.22,12.02,12.0,48314224.0,350191008.0
2014-08-27,12.02,12.3,12.27,11.98,66560972.0,484366976.0
2014-08-26,11.82,12.09,12.04,11.8,68729568.0,492493952.0
2014-08-25,11.94,11.94,11.83,11.82,28063244.0,199488176.0
2014-08-22,11.72,11.95,11.95,11.7,37970020.0,269253344.0
2014-08-21,11.8,11.82,11.72,11.63,26744114.0,187031040.0
2014-08-20,11.87,11.88,11.82,11.78,23538226.0,166213952.0
2014-08-19,11.9,11.94,11.87,11.8,24124428.0,170959184.0
2014-08-18,11.87,11.98,11.88,11.85,31019068.0,220555248.0
2014-08-15,11.82,11.9,11.85,11.77,28424944.0,201003808.0
2014-08-14,11.92,11.97,11.82,11.8,28870372.0,204689888.0
2014-08-13,11.97,12.02,11.92,11.83,25927416.0,184571872.0
2014-08-12,12.12,12.13,11.97,11.9,32420866.0,232027200.0
2014-08-11,12.1,12.17,12.13,12.05,21328564.0,154548816.0
2014-08-08,12.05,12.09,12.05,11.97,20018388.0,143759216.0
2014-08-07,12.22,12.24,12.02,12.0,35203960.0,253831216.0
2014-08-06,12.2,12.24,12.24,12.05,31171284.0,226189088.0
2014-08-05,12.39,12.39,12.27,12.19,32083284.0,235305440.0
2014-08-04,12.13,12.4,12.37,12.12,40371104.0,296062560.0
2014-08-01,12.29,12.44,12.19,12.17,64213272.0,473434240.0
2014-07-31,12.1,12.32,12.3,12.02,50534480.0,368033344.0
2014-07-30,12.2,12.32,12.09,12.0,50466752.0,365966432.0
2014-07-29,12.2,12.35,12.24,12.17,72444288.0,530688032.0
2014-07-28,11.83,12.42,12.15,11.83,116903032.0,856935552.0
2014-07-25,11.73,11.88,11.83,11.55,57560256.0,403814400.0
2014-07-24,11.28,11.94,11.67,11.27,88051496.0,613439104.0
2014-07-23,11.27,11.33,11.28,11.21,25671360.0,172924624.0
2014-07-22,11.2,11.38,11.27,11.15,22741558.0,153216640.0
2014-07-21,11.33,11.35,11.23,11.21,16687526.0,112170960.0
2014-07-18,11.37,11.38,11.33,11.27,26344024.0,178289312.0
2014-07-17,11.2,11.38,11.37,11.18,31487756.0,213299104.0
2014-07-16,11.18,11.31,11.2,11.16,34310780.0,283017024.0
2014-07-15,11.26,11.3,11.18,11.15,23305724.0,191306064.0
2014-07-14,11.23,11.33,11.27,11.2,15852703.0,130897480.0
2014-07-11,11.1,11.29,11.23,11.1,18221068.0,149852064.0
2014-07-10,11.03,11.12,11.1,11.01,19807004.0,160609936.0
2014-07-09,11.22,11.26,11.01,10.99,21707220.0,176931248.0
2014-07-08,11.19,11.27,11.24,11.16,16604676.0,136553088.0
2014-07-07,11.19,11.22,11.22,11.12,12790166.0,104711384.0
2014-07-04,11.15,11.22,11.19,11.1,19632224.0,160793536.0
2014-07-03,11.08,11.16,11.15,11.07,20192460.0,164681360.0
2014-07-02,11.05,11.08,11.05,11.01,14517992.0,117613336.0
2014-07-01,11.03,11.07,11.04,11.0,18112216.0,146541952.0
2014-06-30,10.92,11.0,11.0,10.9,20403868.0,164037568.0
2014-06-27,10.96,10.99,10.92,10.89,22096876.0,177313616.0
2014-06-26,10.99,11.05,10.96,10.93,22668114.0,182785472.0
2014-06-25,10.93,11.0,10.99,10.88,17750858.0,142188768.0
2014-06-24,10.86,10.96,10.92,10.84,17985916.0,143886176.0
2014-06-23,10.84,10.92,10.85,10.81,16101148.0,128143688.0
2014-06-20,10.78,10.88,10.85,10.67,24499628.0,193704192.0
2014-06-19,10.79,10.88,10.75,10.7,23308626.0,184626304.0
2014-06-18,10.92,10.95,10.79,10.77,14907509.0,118632160.0
2014-06-17,11.03,11.03,10.92,10.86,19456824.0,155792704.0
2014-06-16,11.0,11.08,11.05,10.95,26378464.0,212988944.0
2014-06-13,10.86,11.08,11.04,10.82,32759654.0,264044192.0
2014-06-12,10.9,10.97,10.89,10.84,12720638.0,101568848.0
2014-06-11,10.84,10.96,10.9,10.82,19421452.0,155174624.0
2014-06-10,10.79,10.9,10.86,10.73,20973404.0,166504608.0
2014-06-09,10.78,10.95,10.77,10.75,24568938.0,195472128.0
2014-06-06,10.85,10.89,10.81,10.7,23825522.0,188737680.0
2014-06-05,10.6,10.86,10.84,10.56,23653032.0,186248960.0
2014-06-04,10.7,10.73,10.6,10.54,18153440.0,140947264.0
2014-06-03,10.75,10.79,10.7,10.69,14351243.0,112957488.0
2014-05-30,10.75,10.78,10.71,10.62,27073374.0,212570848.0
2014-05-29,10.75,10.84,10.75,10.73,34876028.0,275831680.0
2014-05-28,10.64,10.77,10.75,10.6,25418796.0,199359616.0
2014-05-27,10.64,10.73,10.67,10.58,26332344.0,205809056.0
2014-05-26,10.62,10.67,10.64,10.58,27143500.0,211603584.0
2014-05-23,10.44,10.58,10.55,10.43,18892218.0,145656768.0
2014-05-22,10.43,10.56,10.45,10.39,31425800.0,241550608.0
2014-05-20,10.36,10.39,10.36,10.3,21018868.0,159332576.0
2014-05-19,10.4,10.4,10.35,10.26,33818464.0,256006272.0
2014-05-16,10.32,10.47,10.43,10.32,32229106.0,246065024.0
2014-05-15,10.37,10.45,10.32,10.3,23046580.0,175520272.0
2014-05-14,10.3,10.41,10.39,10.29,23659050.0,179771696.0
2014-05-13,10.35,10.37,10.32,10.26,19309172.0,145998784.0
2014-05-12,10.23,10.39,10.35,10.19,40897260.0,308756800.0
2014-05-09,10.18,10.21,10.17,10.09,22834252.0,169923520.0
2014-05-08,10.2,10.29,10.2,10.15,24832414.0,185903200.0
2014-05-07,10.25,10.25,10.18,10.15,20857616.0,155834608.0
2014-05-06,10.21,10.32,10.23,10.21,17922268.0,134747680.0
2014-05-05,10.35,10.36,10.25,10.21,24774544.0,186274112.0
2014-04-30,10.44,10.47,10.4,10.33,24560684.0,186919104.0
2014-04-29,10.29,10.43,10.4,10.23,37386168.0,283017792.0
2014-04-28,10.29,10.43,10.37,10.25,32922908.0,249288672.0
2014-04-25,10.32,10.48,10.29,10.23,31904060.0,242574272.0
2014-04-24,10.28,10.36,10.28,10.23,16211131.0,122390952.0
2014-04-23,10.29,10.39,10.28,10.23,26017692.0,196315104.0
2014-04-22,10.17,10.33,10.3,10.15,23458490.0,175933728.0
2014-04-21,10.3,10.39,10.18,10.17,31718042.0,239090656.0
2014-04-18,10.37,10.4,10.35,10.26,27013400.0,204130944.0
2014-04-17,10.55,10.55,10.4,10.4,17816684.0,136352960.0
2014-04-16,10.41,10.58,10.47,10.4,18435584.0,141684544.0
2014-04-15,10.69,10.69,10.45,10.43,29586496.0,228027808.0
2014-04-14,10.79,10.86,10.73,10.59,30016044.0,235440288.0
2014-04-11,10.74,10.93,10.85,10.7,45823216.0,363073504.0
2014-04-10,10.73,10.86,10.77,10.62,45203452.0,355236480.0
2014-04-09,10.7,10.78,10.69,10.63,31869648.0,249639616.0
2014-04-08,10.39,10.84,10.71,10.37,72732408.0,568415104.0
2014-04-04,10.3,10.43,10.4,10.26,17231016.0,130787936.0
2014-04-03,10.51,10.52,10.33,10.29,28328118.0,216335744.0
2014-04-02,10.37,10.54,10.48,10.33,34769624.0,265946016.0
2014-04-01,10.33,10.43,10.37,10.28,21155668.0,160592896.0
2014-03-31,10.38,10.41,10.36,10.25,27038620.0,204789488.0
2014-03-28,10.26,10.45,10.32,10.25,33896868.0,257067360.0
2014-03-27,10.28,10.51,10.29,10.19,50633808.0,384067872.0
2014-03-26,10.44,10.52,10.26,10.23,29137356.0,220725536.0
2014-03-25,10.3,10.37,10.28,10.21,39356864.0,296366336.0
2014-03-24,10.28,10.56,10.35,10.18,104152416.0,793827776.0
2014-03-21,9.68,10.25,10.15,9.66,75311728.0,551084224.0
2014-03-20,9.73,9.89,9.69,9.68,25515628.0,183039104.0
2014-03-19,9.8,9.8,9.76,9.65,26045130.0,185143824.0
2014-03-18,9.87,9.89,9.83,9.8,23170200.0,166910752.0
2014-03-17,9.89,9.91,9.88,9.77,19618568.0,141346864.0
2014-03-14,9.95,9.99,9.84,9.74,50479724.0,363932992.0
2014-03-13,10.03,10.3,10.06,9.89,62512084.0,462442240.0
2014-03-12,9.62,10.18,9.95,9.62,68486448.0,498262464.0
2014-03-11,9.63,9.77,9.65,9.58,36090888.0,255292416.0
2014-03-10,9.89,9.98,9.68,9.65,42645760.0,306774048.0
2014-03-07,9.96,10.19,10.0,9.92,35916276.0,265055296.0
2014-03-06,9.95,10.07,10.03,9.8,49611412.0,361684192.0
2014-03-05,10.25,10.25,9.98,9.95,60283140.0,444835040.0
2014-03-04,10.23,10.32,10.25,10.07,55876816.0,416556736.0
2014-03-03,10.37,10.45,10.33,10.23,61708904.0,467269376.0
2014-02-28,10.41,10.71,10.47,10.26,65547648.0,503032352.0
2014-02-27,10.33,10.82,10.54,10.14,113047064.0,869487232.0
2014-02-26,10.09,10.44,10.33,10.09,57201356.0,431021280.0
2014-02-25,10.32,10.6,10.18,10.07,96304152.0,731022208.0
2014-02-24,10.52,10.52,10.26,10.1,100494776.0,758509888.0
2014-02-21,11.03,11.14,10.71,10.59,125623304.0,998672768.0
2014-02-20,11.34,11.7,11.15,10.96,290820896.0,2414560256.0
2014-02-19,9.87,10.85,10.85,9.87,116558264.0,899787328.0
2014-02-18,10.06,10.07,9.87,9.84,25162492.0,183083360.0
2014-02-17,10.14,10.19,10.07,10.03,27573308.0,203492304.0
2014-02-14,10.09,10.15,10.1,10.03,23301122.0,172148736.0
2014-02-13,9.96,10.29,10.14,9.94,57211592.0,424537088.0
2014-02-12,9.95,10.11,10.02,9.91,30436348.0,223363424.0
2014-02-11,9.8,10.11,9.99,9.77,47789400.0,349214400.0
2014-02-10,9.76,9.85,9.83,9.7,26924884.0,193218176.0
2014-02-07,9.66,9.72,9.7,9.61,14042411.0,99345472.0
2014-01-30,9.8,9.81,9.73,9.72,11427225.0,81676600.0
2014-01-29,9.74,9.85,9.83,9.73,16724205.0,120260776.0
2014-01-28,9.66,9.76,9.74,9.65,20250062.0,144065232.0
2014-01-27,9.65,9.68,9.62,9.61,20866352.0,147324896.0
2014-01-24,9.62,9.76,9.68,9.59,17144810.0,121685664.0
2014-01-23,9.74,9.74,9.65,9.63,14706992.0,104207928.0
2014-01-22,9.59,9.76,9.74,9.58,24831912.0,176468592.0
2014-01-21,9.48,9.68,9.57,9.48,15991059.0,112381440.0
2014-01-20,9.46,9.55,9.48,9.44,12781896.0,88917048.0
2014-01-17,9.59,9.61,9.48,9.48,27280326.0,190557776.0
2014-01-16,9.66,9.66,9.61,9.57,30306292.0,213304496.0
2014-01-15,9.8,9.81,9.65,9.62,30185406.0,214236672.0
2014-01-14,9.79,9.83,9.8,9.73,20618764.0,147696944.0
2014-01-13,9.8,9.85,9.8,9.74,20620132.0,147829952.0
2014-01-10,9.8,9.85,9.79,9.73,25694094.0,183910048.0
2014-01-09,9.84,9.92,9.83,9.77,22108196.0,159398752.0
2014-01-08,9.83,9.89,9.84,9.76,19297204.0,138959296.0
2014-01-07,9.76,9.87,9.83,9.76,14666252.0,105400944.0
2014-01-06,9.96,9.96,9.84,9.81,24889168.0,179594272.0
2014-01-03,10.09,10.1,9.96,9.89,30269536.0,220681408.0
2014-01-02,10.18,10.19,10.13,10.09,21246788.0,157556560.0
2013-12-31,10.1,10.32,10.25,10.04,31726772.0,237324960.0
2013-12-30,10.17,10.22,10.1,10.07,20405300.0,151757792.0
2013-12-27,9.95,10.21,10.13,9.92,23439718.0,173163968.0
2013-12-26,10.04,10.04,9.92,9.87,17789858.0,129577848.0
2013-12-25,10.03,10.07,10.04,9.95,9973080.0,73221760.0
2013-12-24,10.13,10.13,10.04,9.95,13173301.0,96973600.0
2013-12-23,9.99,10.11,10.03,9.94,16894012.0,123945176.0
2013-12-20,10.29,10.3,9.91,9.73,29961328.0,222434544.0
2013-12-19,10.43,10.47,10.28,10.25,23383764.0,176930528.0
2013-12-18,10.4,10.48,10.4,10.36,15993237.0,121848744.0
2013-12-17,10.47,10.52,10.38,10.37,17928594.0,137106768.0
2013-12-16,10.54,10.62,10.47,10.47,19667024.0,151828016.0
2013-12-13,10.54,10.62,10.55,10.45,26546934.0,204603936.0
2013-12-12,10.63,10.69,10.62,10.6,10797686.0,84127704.0
2013-12-11,10.78,10.82,10.66,10.63,19998768.0,156853664.0
2013-12-10,10.82,10.89,10.84,10.79,19135376.0,152039408.0
2013-12-09,10.88,10.9,10.79,10.78,15011296.0,119189888.0
2013-12-06,10.89,10.92,10.86,10.82,19135246.0,152192448.0
2013-12-05,10.95,10.97,10.9,10.89,23222040.0,185742880.0
2013-12-04,10.81,11.0,10.95,10.81,49702844.0,398382080.0
2013-12-03,10.85,10.93,10.85,10.79,35267304.0,280835200.0
2013-12-02,10.71,10.97,10.86,10.71,57065220.0,453938400.0
2013-11-29,10.77,10.81,10.74,10.7,17750664.0,139595168.0
2013-11-28,10.66,10.81,10.73,10.62,26267984.0,206510256.0
2013-11-27,10.58,10.7,10.64,10.55,20672600.0,160928192.0
2013-11-26,10.58,10.63,10.58,10.55,10212282.0,79200456.0
2013-11-25,10.58,10.7,10.56,10.54,18812464.0,146208128.0
2013-11-22,10.69,10.71,10.62,10.58,15447785.0,120541600.0
2013-11-21,10.75,10.75,10.67,10.56,21343240.0,166305856.0
2013-11-20,10.78,10.84,10.75,10.7,21807394.0,171776272.0
2013-11-19,10.75,10.82,10.7,10.67,37821796.0,297178272.0
2013-11-18,10.51,10.9,10.85,10.47,53418816.0,418037568.0
2013-11-15,10.34,10.6,10.45,10.33,29805666.0,229074160.0
2013-11-14,10.38,10.38,10.33,10.25,16250133.0,122825992.0
2013-11-13,10.54,10.56,10.36,10.33,28199380.0,215228592.0
2013-11-12,10.56,10.66,10.59,10.52,27776676.0,215601264.0
2013-11-11,10.6,10.63,10.54,10.52,19182460.0,148562432.0
2013-11-08,10.67,10.73,10.63,10.59,16731353.0,130554096.0
2013-11-07,10.64,10.7,10.7,10.6,15355267.0,119968200.0
2013-11-06,10.67,10.71,10.64,10.62,22237012.0,173673024.0
2013-11-05,10.85,10.85,10.74,10.62,40141392.0,314718784.0
2013-11-04,11.01,11.03,10.86,10.81,31874216.0,254651088.0
2013-11-01,10.93,11.0,10.97,10.88,28591780.0,229214800.0
2013-10-31,11.16,11.16,10.93,10.84,86181696.0,692091712.0
2013-10-30,11.33,11.46,11.41,11.22,31166760.0,258931888.0
2013-10-29,11.08,11.52,11.35,11.08,63960864.0,529755776.0
2013-10-28,11.05,11.08,11.04,10.93,20254008.0,163438832.0
2013-10-25,10.96,11.16,11.03,10.95,35459304.0,287261856.0
2013-10-24,10.96,11.11,10.96,10.88,25018556.0,201446352.0
2013-10-23,10.95,11.26,10.99,10.89,38666520.0,314075232.0
2013-10-22,10.96,10.99,10.88,10.85,18027226.0,143990624.0
2013-10-21,10.95,11.03,11.03,10.77,32911744.0,262663952.0
2013-10-18,10.95,11.07,10.95,10.9,16332614.0,131330864.0
2013-10-17,11.0,11.03,10.92,10.86,14462944.0,116108128.0
2013-10-16,10.96,11.0,10.95,10.86,20609336.0,165126752.0
2013-10-15,11.16,11.18,10.97,10.95,26346376.0,212961424.0
2013-10-14,11.26,11.27,11.15,11.1,23250480.0,190274144.0
2013-10-11,11.16,11.34,11.29,11.15,31144686.0,256841056.0
2013-10-10,11.18,11.23,11.11,11.03,19647918.0,160034704.0
2013-10-09,11.05,11.31,11.16,11.05,21343954.0,174858688.0
2013-10-08,11.0,11.2,11.14,10.88,20409864.0,165019536.0
2013-09-30,11.22,11.24,11.01,10.96,24306288.0,196787792.0
2013-09-27,11.07,11.18,11.12,11.0,17631488.0,143180016.0
2013-09-26,11.27,11.29,11.07,10.97,26123338.0,212213584.0
2013-09-25,11.3,11.41,11.27,11.22,20979996.0,173777360.0
2013-09-24,11.59,11.59,11.31,11.23,33128400.0,275444224.0
2013-09-23,11.79,11.83,11.63,11.46,40283896.0,341882592.0
2013-09-18,11.61,11.74,11.71,11.46,26284000.0,223647264.0
2013-09-17,11.96,11.98,11.61,11.56,30842128.0,266071344.0
2013-09-16,12.15,12.23,11.89,11.8,33845132.0,296678496.0
2013-09-13,12.05,12.35,12.02,11.96,41773172.0,370883936.0
2013-09-12,11.75,12.4,12.15,11.67,81120200.0,720116928.0
2013-09-11,11.9,12.11,11.78,11.75,43592136.0,381037856.0
2013-09-10,11.79,11.86,11.78,11.59,52212860.0,447289472.0
2013-09-09,11.11,12.01,11.79,11.1,91950320.0,784383104.0
2013-09-06,10.85,11.16,11.01,10.84,23000556.0,185334528.0
2013-09-05,10.95,10.99,10.9,10.89,14720753.0,117799120.0
2013-09-04,10.96,11.04,10.96,10.93,20173330.0,162342560.0
2013-09-03,10.84,11.03,11.0,10.78,34447920.0,276165632.0
2013-09-02,10.89,10.93,10.77,10.64,33274992.0,263515904.0
2013-08-30,10.6,10.9,10.81,10.56,42235084.0,332611520.0
2013-08-29,10.63,10.73,10.62,10.56,34078304.0,265802640.0
2013-08-28,10.48,10.6,10.48,10.34,22177812.0,170388256.0
2013-08-27,10.52,10.6,10.54,10.44,21272322.0,163705440.0
2013-08-26,10.34,10.58,10.54,10.32,23564612.0,180897536.0
2013-08-23,10.56,10.59,10.35,10.17,26192174.0,198901472.0
2013-08-22,10.51,10.7,10.49,10.47,19033344.0,147548400.0
2013-08-21,10.74,10.74,10.55,10.48,21193088.0,163888720.0
2013-08-20,10.47,10.79,10.67,10.44,50387576.0,393399936.0
2013-08-19,10.22,10.59,10.52,10.19,28623948.0,218135328.0
2013-08-16,10.28,11.37,10.33,10.14,70703936.0,546755456.0
2013-08-15,10.45,10.54,10.33,10.3,19370976.0,148345824.0
2013-08-14,10.52,10.69,10.45,10.4,28153960.0,217900784.0
2013-08-13,10.44,10.55,10.49,10.38,27719080.0,212531584.0
2013-08-12,10.21,10.45,10.44,10.15,36328216.0,274850784.0
2013-08-09,10.18,10.22,10.15,10.02,15007465.0,111325984.0
2013-08-08,10.1,10.22,10.1,10.07,12735465.0,94566368.0
2013-08-07,10.17,10.29,10.14,10.11,20965244.0,156586912.0
2013-08-06,10.15,10.25,10.18,10.06,18666592.0,138818896.0
2013-08-05,10.21,10.23,10.22,10.1,14030600.0,104564872.0
2013-08-02,10.25,10.3,10.18,10.1,15014336.0,112025488.0
2013-08-01,10.02,10.23,10.17,10.0,19633776.0,145830240.0
2013-07-31,10.03,10.13,10.02,9.89,12822816.0,93832816.0
2013-07-30,9.84,10.11,9.92,9.8,16989968.0,123587656.0
2013-07-29,9.94,9.94,9.8,9.68,24434250.0,175050464.0
2013-07-26,10.1,10.17,10.1,10.04,12775369.0,94602360.0
2013-07-25,10.14,10.18,10.1,9.99,14883742.0,110087768.0
2013-07-24,10.19,10.19,10.06,9.95,23051436.0,170276384.0
2013-07-23,10.14,10.44,10.28,10.02,25730672.0,193662144.0
2013-07-22,10.15,10.15,10.09,9.85,24792940.0,182131168.0
2013-07-19,10.45,10.58,10.24,10.24,28933616.0,232484688.0
2013-07-18,10.53,10.63,10.4,10.36,29833414.0,240878448.0
2013-07-17,10.59,10.71,10.54,10.42,24831760.0,203011152.0
2013-07-16,10.54,10.68,10.63,10.36,29675740.0,240329424.0
2013-07-15,10.56,10.74,10.53,10.42,42160712.0,343875392.0
2013-07-12,10.86,10.94,10.46,10.36,50911464.0,418453376.0
2013-07-11,9.98,10.98,10.97,9.96,88375592.0,730263040.0
2013-07-10,9.68,9.99,9.98,9.64,17815536.0,135019952.0
2013-07-09,9.64,9.71,9.67,9.63,10698897.0,79897552.0
2013-07-08,9.71,9.8,9.61,9.58,17036844.0,127167152.0
2013-07-05,9.94,9.99,9.89,9.87,12719032.0,97435688.0
2013-07-04,9.77,10.06,9.89,9.74,17662732.0,135164288.0
2013-07-03,9.99,10.01,9.84,9.76,24512476.0,186584320.0
2013-07-02,10.21,10.27,10.07,9.96,21256614.0,164956592.0
2013-07-01,10.25,10.29,10.21,10.06,17413730.0,136896192.0
2013-06-28,9.88,10.36,10.32,9.83,33819404.0,265373904.0
2013-06-27,9.75,9.97,9.93,9.71,35430064.0,269311680.0
2013-06-26,10.05,10.1,9.71,9.54,40193424.0,303442016.0
2013-06-25,9.45,9.8,9.75,9.13,51730368.0,378082432.0
2013-06-24,10.41,10.41,9.57,9.52,55383076.0,420157088.0
2013-06-21,10.37,10.55,10.42,10.32,19509274.0,157402448.0
2013-06-20,10.8,10.88,10.46,10.42,23079776.0,189613584.0
2013-06-19,10.94,10.94,10.86,10.71,15553825.0,129801888.0
2013-06-18,10.97,11.03,10.98,10.89,16716561.0,141737392.0
2013-06-17,11.0,11.02,10.9,10.86,18772232.0,158348304.0
2013-06-14,11.0,11.0,10.93,10.88,22199460.0,187435824.0
2013-06-13,11.11,11.11,10.95,10.73,37376584.0,313435616.0
2013-06-07,11.37,11.42,11.21,11.13,20380020.0,177507216.0
2013-06-06,11.5,11.52,11.34,11.34,27156808.0,239480832.0
2013-06-05,11.64,11.66,11.48,11.45,24110888.0,214755264.0
2013-06-04,11.72,11.74,11.65,11.57,24980366.0,224937184.0
2013-06-03,11.78,11.83,11.74,11.7,25109604.0,227996320.0
2013-05-31,11.83,11.88,11.78,11.76,25180858.0,229927520.0
2013-05-30,11.81,11.9,11.79,11.76,21387976.0,195318048.0
2013-05-29,11.91,11.97,11.86,11.83,30683116.0,282183616.0
2013-05-28,11.68,11.91,11.91,11.57,36847960.0,334998176.0
2013-05-27,11.76,11.78,11.64,11.63,22130340.0,199873920.0
2013-05-24,11.65,11.76,11.69,11.6,20237740.0,182686688.0
2013-05-23,11.78,11.83,11.59,11.54,27255138.0,246324272.0
2013-05-22,11.82,11.88,11.85,11.77,23097752.0,210864032.0
2013-05-21,11.83,11.86,11.82,11.73,27539716.0,250872592.0
2013-05-20,11.74,11.99,11.87,11.69,53053908.0,485261504.0
2013-05-17,11.59,11.77,11.72,11.43,52944696.0,474697280.0
2013-05-16,11.42,11.64,11.64,11.17,61383956.0,539828800.0
2013-05-15,11.41,11.46,11.43,11.37,16363549.0,144201808.0
2013-05-14,11.51,11.57,11.39,11.33,23380830.0,206134240.0
2013-05-13,11.66,11.66,11.54,11.5,19243484.0,171820112.0
2013-05-10,11.48,11.68,11.61,11.43,17706428.0,158514928.0
2013-05-09,11.63,11.76,11.51,11.38,22694888.0,202109200.0
2013-05-08,11.63,11.77,11.66,11.59,30844060.0,278155872.0
2013-05-07,11.63,11.7,11.54,11.52,30368564.0,271996896.0
2013-05-06,11.65,11.88,11.72,11.6,29388766.0,266745712.0
2013-05-03,11.46,11.79,11.64,11.43,44574556.0,400065504.0
2013-05-02,11.38,11.45,11.43,11.26,27475396.0,241250688.0
2013-04-26,11.21,11.51,11.38,11.21,43843656.0,385676640.0
2013-04-25,10.94,11.26,11.15,10.94,20991640.0,180029408.0
2013-04-24,10.95,11.26,11.12,10.91,18404404.0,157423232.0
2013-04-23,11.39,11.43,10.94,10.89,25473620.0,217349456.0
2013-04-22,11.3,11.42,11.33,11.26,25237768.0,221101200.0
2013-04-19,10.88,11.39,11.35,10.85,50905724.0,439323680.0
2013-04-18,10.8,10.99,10.85,10.71,35201828.0,293682336.0
2013-04-17,11.11,11.13,10.86,10.85,37851312.0,319378112.0
2013-04-16,11.07,11.13,11.11,10.94,26483750.0,225849744.0
2013-04-15,11.2,11.28,11.11,11.03,19477716.0,167023840.0
2013-04-12,11.15,11.21,11.19,11.08,17161660.0,147967824.0
2013-04-11,11.21,11.26,11.13,11.13,12487401.0,108065352.0
2013-04-10,11.15,11.21,11.13,11.08,12906054.0,110982400.0
2013-04-09,11.2,11.33,11.17,11.12,27496888.0,238059760.0
2013-04-08,11.13,11.22,11.19,11.04,26940132.0,231703488.0
2013-04-03,11.38,11.46,11.37,11.3,12519265.0,110063272.0
2013-04-02,11.29,11.45,11.3,11.21,17960668.0,156829712.0
2013-04-01,11.34,11.48,11.26,11.25,23336488.0,204322272.0
2013-03-29,11.42,11.5,11.42,11.31,22265116.0,196222880.0
2013-03-28,11.65,11.65,11.34,10.91,84988816.0,747784192.0
2013-03-27,12.09,12.34,12.12,12.03,28713254.0,270076736.0
2013-03-26,12.35,12.38,12.05,12.01,33010034.0,308402560.0
2013-03-25,12.47,12.64,12.38,12.36,32214020.0,311384832.0
2013-03-22,12.29,12.47,12.39,12.23,25488384.0,243669520.0
2013-03-21,12.35,12.44,12.29,12.25,35090088.0,335258816.0
2013-03-20,11.86,12.36,12.36,11.85,61258092.0,578406464.0
2013-03-19,11.81,11.9,11.86,11.69,21357948.0,194544304.0
2013-03-18,11.81,11.99,11.73,11.65,40566488.0,370493536.0
2013-03-15,11.92,12.32,11.99,11.77,146806176.0,1374641920.0
2013-03-14,11.77,11.95,11.86,11.7,31289560.0,287016576.0
2013-03-13,11.78,11.87,11.82,11.59,43669152.0,395501408.0
2013-03-12,11.9,12.05,11.82,11.69,30596924.0,280037632.0
2013-03-11,11.86,12.0,11.95,11.66,33650308.0,308207392.0
2013-03-08,11.95,12.08,11.94,11.74,62191716.0,571415040.0
2013-03-07,12.31,12.31,11.88,11.77,80674040.0,747103808.0
2013-03-06,12.38,12.56,12.32,12.22,77977688.0,747428160.0
2013-03-05,11.6,12.36,12.29,11.54,83189264.0,767177152.0
2013-03-04,12.17,12.17,11.57,11.46,75919712.0,691910912.0
2013-03-01,12.51,12.58,12.35,12.17,42078072.0,401715296.0
2013-02-28,12.17,12.54,12.51,12.0,55206336.0,525286624.0
2013-02-27,11.99,12.26,12.04,11.9,50727544.0,472829536.0
2013-02-26,11.95,12.35,11.95,11.87,63218648.0,593990720.0
2013-02-25,12.12,12.27,12.04,11.96,34429008.0,321130592.0
2013-02-22,11.95,12.21,12.11,11.88,39210564.0,365465408.0
2013-02-21,12.27,12.3,12.03,11.81,68339784.0,634668096.0
2013-02-20,12.69,12.7,12.47,12.16,57921716.0,554341312.0
2013-02-19,12.71,12.79,12.68,12.53,44147460.0,430793216.0
2013-02-18,12.74,12.88,12.74,12.66,46470540.0,458178336.0
2013-02-08,12.69,12.79,12.68,12.47,68574024.0,670296640.0
2013-02-07,13.17,13.18,12.69,12.44,98313936.0,967844416.0
2013-02-06,13.14,13.26,13.17,13.0,62301516.0,630577344.0
2013-02-05,13.26,13.4,13.21,12.98,60916376.0,620310528.0
2013-02-04,13.57,13.85,13.46,13.36,92601088.0,973009216.0
2013-02-01,13.17,13.58,13.53,12.97,78504088.0,811084352.0
2013-01-31,13.17,13.23,13.15,12.89,54190008.0,545986176.0
2013-01-30,13.4,13.41,13.13,13.05,71154976.0,723536000.0
2013-01-29,13.31,13.62,13.35,13.17,88456480.0,914608832.0
2013-01-28,12.78,13.36,13.3,12.78,111695592.0,1135728768.0
2013-01-25,12.51,12.87,12.71,12.49,45302288.0,443127232.0
2013-01-24,12.73,13.21,12.48,12.3,123700424.0,1226510208.0
2013-01-23,12.16,12.92,12.68,12.12,126142832.0,1228997120.0
2013-01-22,11.91,12.45,12.23,11.74,132992928.0,1257602304.0
2013-01-21,11.88,11.99,11.96,11.64,61519900.0,562050048.0
2013-01-18,11.77,11.92,11.87,11.65,38591268.0,352798112.0
2013-01-17,11.66,11.79,11.69,11.52,28768894.0,258609152.0
2013-01-16,12.07,12.07,11.78,11.46,53166052.0,483821024.0
2013-01-15,12.04,12.27,12.12,11.94,54443224.0,507514560.0
2013-01-14,11.28,12.12,12.11,11.26,78983832.0,718544000.0
2013-01-11,11.78,11.85,11.39,11.3,44066236.0,392194784.0
2013-01-10,11.74,11.9,11.78,11.69,41135512.0,374404736.0
2013-01-09,11.88,11.92,11.74,11.64,43332156.0,394051712.0
2013-01-08,12.21,12.38,11.9,11.73,45001804.0,415878272.0
2013-01-07,12.0,12.32,12.23,11.94,48447348.0,456681664.0
2013-01-04,12.18,12.35,12.04,11.88,48503276.0,453646944.0
2012-12-31,11.7,12.09,12.04,11.68,79815040.0,739438656.0
2012-12-28,11.52,11.82,11.66,11.43,61856728.0,557197184.0
2012-12-27,11.88,11.94,11.52,11.37,93476472.0,833454912.0
2012-12-26,11.92,12.01,11.86,11.66,58464792.0,533752640.0
2012-12-25,11.64,12.12,12.03,11.6,85860680.0,792162752.0
2012-12-24,11.59,11.82,11.65,11.52,51042620.0,461866560.0
2012-12-21,11.72,11.72,11.61,11.39,51846032.0,462372800.0
2012-12-20,11.64,11.76,11.66,11.41,45016496.0,402376608.0
2012-12-19,11.74,11.9,11.73,11.6,57020344.0,518136192.0
2012-12-18,11.46,11.96,11.83,11.42,72791680.0,661561216.0
2012-12-17,11.66,11.78,11.52,11.41,80378528.0,722656320.0
2012-12-14,10.54,11.59,11.47,10.54,98866488.0,845999616.0
2012-12-13,10.54,10.69,10.54,10.47,31808944.0,260356528.0
2012-12-12,10.49,10.8,10.62,10.45,48005172.0,394453760.0
2012-12-11,10.38,10.6,10.54,10.34,46862640.0,380493376.0
2012-12-10,10.42,10.59,10.42,10.36,71087472.0,575048256.0
2012-12-07,10.1,10.5,10.34,10.07,91154752.0,726569856.0
2012-12-06,9.71,10.2,10.15,9.7,101646760.0,786648960.0
2012-12-05,9.32,9.79,9.71,9.28,64938240.0,486016256.0
2012-12-04,9.17,9.37,9.33,9.13,22280264.0,159043552.0
2012-12-03,9.3,9.35,9.18,9.1,35980716.0,257126864.0
2012-11-30,9.28,9.36,9.32,9.24,14231938.0,102204304.0
2012-11-29,9.28,9.37,9.3,9.24,13272778.0,95348480.0
2012-11-28,9.33,9.41,9.33,9.3,12761254.0,92227296.0
2012-11-27,9.35,9.45,9.4,9.33,23055694.0,167626704.0
2012-11-26,9.4,9.46,9.39,9.32,13628623.0,98805952.0
2012-11-23,9.33,9.46,9.43,9.3,20199232.0,146820880.0
2012-11-22,9.32,9.36,9.32,9.23,14303541.0,102693088.0
2012-11-21,9.09,9.4,9.37,9.09,31955998.0,228056688.0
2012-11-20,9.11,9.19,9.07,9.04,14970292.0,105568088.0
2012-11-19,9.09,9.11,9.1,9.02,12980502.0,90914448.0
2012-11-16,9.14,9.18,9.1,8.98,17816164.0,124821672.0
2012-11-15,9.24,9.31,9.14,9.14,11685577.0,83368168.0
2012-11-14,9.3,9.33,9.3,9.24,17844348.0,128038656.0
2012-11-13,9.37,9.4,9.28,9.23,25792280.0,185202336.0
2012-11-12,9.19,9.39,9.37,9.19,25515820.0,183690640.0
2012-11-09,9.17,9.28,9.18,9.14,13027492.0,92562072.0
2012-11-08,9.3,9.33,9.19,9.19,12822309.0,91679160.0
2012-11-07,9.39,9.48,9.36,9.32,15675118.0,113649408.0
2012-11-06,9.4,9.43,9.41,9.23,22603334.0,163011120.0
2012-11-05,9.27,9.49,9.41,9.26,36218656.0,263422880.0
2012-11-02,9.06,9.28,9.27,9.06,42691420.0,303171808.0
2012-11-01,8.89,9.09,9.05,8.88,16949916.0,118028432.0
2012-10-31,8.87,8.91,8.88,8.84,7834800.0,53725932.0
2012-10-30,8.78,8.86,8.83,8.74,9911071.0,67449872.0
2012-10-29,8.84,8.84,8.78,8.75,8937624.0,60692028.0
2012-10-26,8.98,9.0,8.82,8.74,11611536.0,79475208.0
2012-10-25,9.02,9.05,8.97,8.95,10303564.0,71551784.0
2012-10-24,9.01,9.05,9.02,8.97,9861125.0,68674456.0
2012-10-23,9.11,9.14,9.01,8.98,12508320.0,87532432.0
2012-10-22,9.0,9.13,9.11,8.97,9639791.0,67402432.0
2012-10-19,9.06,9.09,9.04,9.02,7790513.0,54493240.0
2012-10-18,9.01,9.09,9.07,8.97,16243538.0,113621976.0
2012-10-17,8.98,9.02,8.98,8.91,12332059.0,85504832.0
2012-10-16,8.89,9.02,8.98,8.88,16849388.0,116537392.0
2012-10-15,9.01,9.01,8.89,8.87,10320297.0,71051744.0
2012-10-12,9.02,9.07,9.0,8.96,11532108.0,80367600.0
2012-10-11,8.96,9.01,8.97,8.93,8294122.0,57484616.0
2012-10-10,8.98,9.07,9.01,8.97,12737453.0,88666352.0
2012-10-09,8.84,9.02,9.0,8.84,16173347.0,112139744.0
2012-10-08,8.91,8.93,8.82,8.78,10472402.0,71739544.0
2012-09-28,8.73,8.93,8.89,8.67,21771480.0,148295888.0
2012-09-27,8.61,8.93,8.79,8.58,21528986.0,146031440.0
2012-09-26,8.67,8.73,8.61,8.54,11061896.0,73839696.0
2012-09-25,8.75,8.75,8.69,8.66,10927439.0,73437648.0
2012-09-24,8.82,8.84,8.79,8.66,15709742.0,106115384.0
2012-09-21,8.93,8.96,8.88,8.83,15688919.0,107716072.0
2012-09-20,9.11,9.11,8.95,8.92,14455277.0,100766136.0
2012-09-19,9.17,9.18,9.14,9.1,10312351.0,72764624.0
2012-09-18,9.26,9.27,9.15,9.13,12115603.0,86053016.0
2012-09-17,9.33,9.36,9.26,9.26,12236146.0,87854312.0
2012-09-14,9.35,9.43,9.36,9.28,16989080.0,122915616.0
2012-09-13,9.31,9.37,9.31,9.3,12659934.0,91308608.0
2012-09-12,9.43,9.45,9.32,9.27,17849704.0,128715968.0
2012-09-11,9.45,9.45,9.37,9.31,17873510.0,129272320.0
2012-09-10,9.5,9.54,9.49,9.41,21292948.0,155464064.0
2012-09-07,9.33,9.71,9.46,9.31,31990912.0,235302272.0
2012-09-06,9.26,9.32,9.3,9.23,8261540.0,59222388.0
2012-09-05,9.29,9.33,9.26,9.22,8662581.0,62003244.0
2012-09-04,9.4,9.44,9.32,9.28,11580670.0,83834992.0
2012-09-03,9.48,9.5,9.44,9.4,11232590.0,81955744.0
2012-08-31,9.45,9.58,9.5,9.45,11053867.0,81206064.0
2012-08-30,9.45,9.52,9.48,9.43,9211127.0,67450416.0
2012-08-29,9.45,9.53,9.46,9.4,9749624.0,71151792.0
2012-08-28,9.36,9.55,9.53,9.32,13284806.0,97060864.0
2012-08-27,9.35,9.37,9.36,9.28,9385306.0,67644336.0
2012-08-24,9.41,9.43,9.35,9.33,8790920.0,63709744.0
2012-08-23,9.45,9.49,9.44,9.39,9013244.0,65633032.0
2012-08-22,9.46,9.49,9.45,9.4,8090980.0,59042780.0
2012-08-21,9.48,9.53,9.46,9.43,10297606.0,75312680.0
2012-08-20,9.5,9.54,9.49,9.4,6442074.0,46998388.0
2012-08-17,9.53,9.57,9.55,9.48,8119895.0,59771268.0
2012-08-16,9.62,9.66,9.53,9.49,8491367.0,62622836.0
2012-08-15,9.76,9.81,9.63,9.61,7487052.0,55977484.0
2012-08-14,9.78,9.81,9.8,9.75,7364464.0,55652432.0
2012-08-13,9.8,9.84,9.76,9.74,10661978.0,80704528.0
2012-08-10,9.8,9.89,9.8,9.79,10641661.0,80783488.0
2012-08-09,9.79,9.81,9.79,9.71,8135668.0,61342496.0
2012-08-08,9.75,9.84,9.79,9.75,7860856.0,59473888.0
2012-08-07,9.77,9.81,9.75,9.71,13666894.0,103118272.0
2012-08-06,9.79,9.83,9.79,9.72,11475643.0,86724768.0
2012-08-03,9.81,9.84,9.8,9.75,6885970.0,52072056.0
2012-08-02,9.74,9.87,9.83,9.7,13302197.0,100544400.0
2012-08-01,9.75,9.84,9.76,9.66,13757968.0,103526072.0
2012-07-31,9.68,9.8,9.78,9.66,13155427.0,98974136.0
2012-07-30,9.62,9.78,9.68,9.61,14233090.0,106786312.0
2012-07-27,9.49,9.68,9.59,9.45,13629652.0,101135992.0
2012-07-26,9.43,9.55,9.48,9.41,7469654.0,54723428.0
2012-07-25,9.39,9.5,9.45,9.37,6811162.0,49718160.0
2012-07-24,9.35,9.45,9.39,9.32,7950124.0,57678480.0
2012-07-23,9.5,9.54,9.37,9.36,16125838.0,117496528.0
2012-07-20,9.66,9.71,9.53,9.52,13905863.0,103134768.0
2012-07-19,9.75,9.8,9.7,9.68,11231017.0,84509696.0
2012-07-18,9.7,9.78,9.74,9.59,9089143.0,68022376.0
2012-07-17,9.58,9.72,9.7,9.57,11252622.0,83969848.0
2012-07-16,9.68,9.7,9.58,9.45,12238640.0,90632472.0
2012-07-13,9.64,9.8,9.67,9.62,10439766.0,78165672.0
2012-07-12,9.79,9.84,9.64,9.5,32615572.0,242404720.0
2012-07-11,9.85,9.93,9.84,9.8,9573268.0,72860376.0
2012-07-10,9.99,10.06,9.88,9.84,15944097.0,149612304.0
2012-07-09,10.3,10.34,9.92,9.9,24105128.0,230421216.0
2012-07-06,10.19,10.4,10.34,10.13,22028448.0,213985040.0
2012-07-05,10.31,10.4,10.34,10.28,21415364.0,209672848.0
2012-07-04,10.29,10.44,10.32,10.26,18381986.0,180321056.0
2012-07-03,10.26,10.4,10.3,10.23,17584480.0,172088512.0
2012-07-02,10.31,10.32,10.3,10.18,13614684.0,131911616.0
2012-06-29,10.18,10.35,10.31,10.16,18732400.0,182459472.0
2012-06-28,10.12,10.21,10.19,10.11,18709992.0,180412704.0
2012-06-27,10.06,10.2,10.12,10.05,17329276.0,166476032.0
2012-06-26,10.0,10.13,10.1,9.98,15345020.0,146562944.0
2012-06-25,10.0,10.11,10.0,10.0,15083848.0,143904768.0
2012-06-21,10.13,10.13,10.04,9.98,11725140.0,111547552.0
2012-06-20,10.09,10.22,10.14,10.07,14193514.0,136431408.0
2012-06-19,10.06,10.16,10.07,10.04,12492705.0,119518296.0
2012-06-18,10.13,10.13,10.07,10.04,13523264.0,129092368.0
2012-06-15,9.88,10.2,10.13,9.87,31964904.0,303928960.0
2012-06-14,9.9,9.9,9.85,9.83,13151252.0,122839456.0
2012-06-13,9.9,9.99,9.96,9.81,19197056.0,179962592.0
2012-06-12,9.85,9.93,9.87,9.76,14883422.0,138605600.0
2012-06-11,9.88,9.91,9.89,9.79,17193368.0,160413264.0
2012-06-08,10.08,10.09,9.85,9.81,33932064.0,317352704.0
2012-06-07,10.21,10.24,10.06,10.04,14433657.0,138405424.0
2012-06-06,10.09,10.14,10.13,10.05,13272692.0,127047128.0
2012-06-05,10.11,10.13,10.08,10.03,16910186.0,161490208.0
2012-06-04,10.29,10.29,10.09,10.06,29889346.0,287697824.0
2012-06-01,10.43,10.52,10.4,10.37,15097254.0,149130432.0
2012-05-31,10.43,10.47,10.44,10.38,21301006.0,210251424.0
2012-05-29,10.49,10.61,10.59,10.38,31907400.0,317626816.0
2012-05-28,10.4,10.53,10.52,10.35,22661310.0,223998816.0
2012-05-25,10.36,10.46,10.4,10.34,17636494.0,173688240.0
2012-05-24,10.38,10.45,10.34,10.32,20603568.0,202834528.0
2012-05-23,10.4,10.45,10.38,10.34,22835160.0,224737648.0
2012-05-22,10.36,10.42,10.42,10.32,30253536.0,297268480.0
2012-05-21,10.37,10.39,10.31,10.25,31433990.0,307766048.0
2012-05-18,10.53,10.53,10.37,10.34,30964544.0,305374080.0
2012-05-17,10.49,10.62,10.6,10.44,17481528.0,174437936.0
2012-05-16,10.64,10.65,10.46,10.45,21275664.0,212186160.0
2012-05-15,10.61,10.67,10.63,10.58,17659848.0,177774144.0
2012-05-14,10.85,10.87,10.65,10.62,25699464.0,262414256.0
2012-05-11,10.83,10.93,10.76,10.75,18787156.0,192835488.0
2012-05-10,10.89,10.92,10.83,10.79,18827576.0,193716160.0
2012-05-09,11.02,11.03,10.87,10.86,21082300.0,218362080.0
2012-05-08,11.14,11.16,11.11,11.02,31301776.0,328838688.0
2012-05-07,11.06,11.18,11.17,11.03,34428512.0,362474432.0
2012-05-04,11.03,11.17,11.15,10.92,35924204.0,375966496.0
2012-05-03,11.14,11.19,11.02,11.0,29122852.0,305410528.0
2012-05-02,11.17,11.22,11.18,11.05,40592604.0,428641792.0
2012-04-27,10.97,11.05,11.0,10.95,21274016.0,221649904.0
2012-04-26,11.09,11.12,10.98,10.88,30350712.0,315748832.0
2012-04-25,10.88,11.09,10.99,10.87,47936276.0,499776448.0
2012-04-24,10.66,11.29,10.95,10.65,89234208.0,926453440.0
2012-04-23,10.64,10.72,10.56,10.54,21840676.0,219493760.0
2012-04-20,10.46,10.69,10.67,10.45,26391976.0,265012304.0
2012-04-19,10.45,10.53,10.48,10.43,10413887.0,103286720.0
2012-04-18,10.31,10.5,10.47,10.3,15963379.0,157860608.0
2012-04-17,10.38,10.42,10.3,10.29,10485446.0,102826080.0
2012-04-16,10.35,10.41,10.38,10.32,8430634.0,82822808.0
2012-04-13,10.4,10.44,10.38,10.35,19431384.0,191292544.0
2012-04-12,10.19,10.47,10.44,10.13,28050968.0,274514048.0
2012-04-11,10.16,10.25,10.16,10.11,11450088.0,110407720.0
2012-04-10,10.13,10.23,10.21,10.08,13670038.0,131533528.0
2012-04-09,10.25,10.27,10.14,10.14,12826131.0,124053160.0
2012-04-06,10.32,10.36,10.32,10.23,19639156.0,191278544.0
2012-04-05,10.28,10.38,10.37,10.21,23687822.0,230970032.0
2012-03-30,10.26,10.39,10.37,10.21,13513149.0,132143808.0
2012-03-29,10.28,10.31,10.2,10.17,13529059.0,131362064.0
2012-03-28,10.5,10.54,10.28,10.26,19389206.0,191324176.0
2012-03-27,10.65,10.67,10.5,10.44,21125632.0,211062096.0
2012-03-26,10.56,10.65,10.63,10.56,9307636.0,93520200.0
2012-03-23,10.58,10.64,10.56,10.53,11562542.0,115711600.0
2012-03-22,10.58,10.77,10.63,10.48,18256694.0,183711120.0
2012-03-21,10.64,10.67,10.58,10.53,12797251.0,128318096.0
2012-03-20,10.67,10.74,10.58,10.57,17138456.0,172343648.0
2012-03-19,10.64,10.78,10.71,10.6,18456172.0,186785888.0
2012-03-16,10.68,10.74,10.68,10.56,22481924.0,226464784.0
2012-03-15,10.74,10.82,10.64,10.63,28549760.0,290352544.0
2012-03-14,10.98,11.06,10.73,10.72,49717096.0,513483552.0
2012-03-13,10.78,10.92,10.89,10.74,26714382.0,274666240.0
2012-03-12,10.85,10.86,10.79,10.71,26387632.0,269452960.0
2012-03-09,10.83,10.89,10.85,10.78,24700708.0,253314752.0
2012-03-08,10.85,10.94,10.82,10.79,29320160.0,301583136.0
2012-03-07,10.95,11.0,10.79,10.78,52792848.0,545124928.0
2012-02-28,11.0,11.4,11.31,10.98,86285840.0,919534144.0
2012-02-27,11.03,11.21,11.0,10.99,51619496.0,542210304.0
2012-02-24,10.83,10.96,10.96,10.78,42093884.0,433423264.0
2012-02-23,10.81,10.85,10.84,10.76,25312350.0,259018960.0
2012-02-22,10.79,10.85,10.78,10.71,23007850.0,234821536.0
2012-02-21,10.69,10.79,10.78,10.65,15303304.0,155540400.0
2012-02-20,10.89,10.93,10.69,10.69,36681868.0,375180608.0
2012-02-17,10.76,10.79,10.75,10.64,19835804.0,201680752.0
2012-02-16,10.69,10.78,10.72,10.61,19223996.0,194591488.0
2012-02-15,10.62,10.75,10.69,10.61,17231176.0,174288544.0
2012-02-14,10.66,10.73,10.65,10.6,15186911.0,153136800.0
2012-02-13,10.69,10.82,10.71,10.64,17514408.0,177998752.0
2012-02-10,10.83,10.91,10.78,10.75,21531316.0,220602544.0
2012-02-09,10.83,10.92,10.84,10.82,21570712.0,221986528.0
2012-02-08,10.55,10.96,10.89,10.54,39876460.0,407555104.0
2012-02-07,10.67,10.68,10.55,10.48,22342174.0,223442352.0
2012-02-06,10.81,10.82,10.72,10.62,27518100.0,279429216.0
2012-02-03,10.71,10.87,10.79,10.65,38712680.0,395375808.0
2012-02-02,10.47,10.78,10.76,10.43,46948240.0,472407392.0
2012-02-01,10.54,10.6,10.42,10.4,21584154.0,214745168.0
2012-01-31,10.57,10.63,10.56,10.49,35809596.0,358172384.0
2012-01-30,10.62,10.63,10.5,10.47,24964792.0,249309328.0
2012-01-20,10.46,10.68,10.66,10.43,57538892.0,577320640.0
2012-01-19,10.24,10.47,10.43,10.24,34439204.0,338469920.0
2012-01-18,10.41,10.43,10.26,10.19,30384140.0,297157600.0
2012-01-17,10.19,10.5,10.47,9.97,52945208.0,513494848.0
2012-01-16,10.18,10.31,10.2,10.11,14352045.0,139211904.0
2012-01-13,10.27,10.37,10.25,10.12,24778028.0,240768016.0
2012-01-12,10.19,10.38,10.29,10.17,28788236.0,280893184.0
2012-01-11,10.28,10.31,10.19,10.14,19157484.0,185170592.0
2012-01-10,10.16,10.29,10.27,10.1,30611276.0,296021536.0
2012-01-09,9.9,10.19,10.14,9.82,32830476.0,312716832.0
2012-01-06,9.8,9.9,9.89,9.77,18149454.0,169094480.0
2012-01-05,9.66,10.06,9.77,9.66,36135756.0,338371328.0
2012-01-04,9.82,9.86,9.67,9.66,12161878.0,112743040.0
2011-12-30,9.71,9.84,9.8,9.7,12971313.0,120247448.0
2011-12-29,9.65,9.74,9.68,9.62,15138922.0,138673888.0
2011-12-28,9.71,9.79,9.69,9.5,17540474.0,159984784.0
2011-12-27,9.86,9.88,9.7,9.69,17975888.0,166422288.0
2011-12-26,9.93,9.98,9.86,9.85,11518479.0,108074744.0
2011-12-23,9.96,10.04,9.95,9.89,13635772.0,128681296.0
2011-12-21,10.13,10.18,9.9,9.88,16537484.0,157232048.0
2011-12-20,10.06,10.26,10.03,10.02,21473032.0,206458848.0
2011-12-19,10.12,10.18,10.11,9.88,17327048.0,164353872.0
2011-12-16,9.91,10.23,10.18,9.88,16161230.0,153543040.0
2011-12-15,10.01,10.05,9.9,9.88,12476251.0,117849440.0
2011-12-14,9.99,10.07,10.01,9.97,10425536.0,98825112.0
2011-12-13,10.24,10.27,10.0,9.99,18795878.0,181080064.0
2011-12-12,10.2,10.26,10.24,10.1,11488616.0,111090080.0
2011-12-09,10.24,10.31,10.19,10.16,8725992.0,84517944.0
2011-12-08,10.34,10.43,10.3,10.23,14212955.0,138778656.0
2011-12-07,10.21,10.36,10.34,10.17,15982899.0,155725680.0
2011-12-06,10.23,10.3,10.22,10.19,11920948.0,115493992.0
2011-12-05,10.17,10.32,10.22,10.13,21691516.0,210712640.0
2011-12-02,10.13,10.26,10.21,10.1,15970343.0,154179552.0
2011-12-01,10.21,10.46,10.24,10.12,45599268.0,444396640.0
2011-11-30,10.13,10.17,9.92,9.87,17341864.0,163639040.0
2011-11-29,10.11,10.19,10.18,10.06,14709068.0,141232752.0
2011-11-28,10.03,10.13,10.04,9.99,9247966.0,88097384.0
2011-11-25,10.03,10.07,10.0,9.97,8229209.0,78050752.0
2011-11-24,9.92,10.14,10.08,9.92,10896809.0,103802512.0
2011-11-23,10.23,10.24,10.03,9.99,15259851.0,145629936.0
2011-11-22,10.09,10.24,10.22,10.07,10115420.0,97488008.0
2011-11-21,10.18,10.2,10.2,10.08,8847165.0,84859664.0
2011-11-18,10.21,10.31,10.13,10.09,18944980.0,183100944.0
2011-11-17,10.29,10.36,10.26,10.25,12954457.0,126416120.0
2011-11-16,10.55,10.56,10.3,10.23,28321836.0,278004032.0
2011-11-15,10.66,10.67,10.54,10.48,21449282.0,214330656.0
2011-11-14,10.64,10.78,10.66,10.59,23175184.0,234481648.0
2011-11-11,10.54,10.63,10.55,10.52,11381442.0,113891976.0
2011-11-10,10.67,10.73,10.52,10.5,27216720.0,273481440.0
2011-11-09,10.75,10.81,10.79,10.66,13501414.0,137246912.0
2011-11-08,10.72,10.78,10.68,10.66,14026181.0,142286752.0
2011-11-07,10.77,10.77,10.65,10.62,20433354.0,206822448.0
2011-11-04,10.93,10.93,10.82,10.78,20659338.0,212230656.0
2011-11-03,10.98,11.0,10.8,10.79,31020496.0,320430272.0
2011-11-02,10.61,11.0,10.97,10.59,26567328.0,271594208.0
2011-11-01,10.61,10.91,10.73,10.6,21769466.0,222330592.0
2011-10-31,10.84,10.85,10.72,10.66,20874684.0,212358640.0
2011-10-28,10.87,10.98,10.82,10.77,42991540.0,442244288.0
2011-10-27,10.75,10.78,10.73,10.63,26367856.0,267087952.0
2011-10-26,10.61,10.81,10.73,10.59,39628264.0,403412704.0
2011-10-25,10.66,10.81,10.71,10.52,42848128.0,433219936.0
2011-10-24,10.39,10.8,10.67,10.29,53555636.0,537818624.0
2011-10-21,10.14,10.46,10.37,10.14,30949616.0,303681472.0
2011-10-20,10.29,10.3,10.18,10.07,20457112.0,197454464.0
2011-10-19,10.21,10.47,10.34,10.2,25690680.0,251758304.0
2011-10-18,10.31,10.4,10.18,10.15,19097696.0,185284224.0
2011-10-17,10.32,10.5,10.4,10.27,21047596.0,207619520.0
2011-10-14,10.22,10.35,10.31,10.12,19692432.0,190924368.0
2011-10-13,10.2,10.26,10.24,10.13,20194028.0,195285360.0
2011-10-12,9.8,10.28,10.24,9.79,35295344.0,339747168.0
2011-10-11,10.04,10.13,9.84,9.8,23447128.0,221260320.0
2011-10-10,9.76,9.79,9.67,9.61,10416087.0,95392648.0
2011-09-30,9.77,9.88,9.74,9.68,15624739.0,144619824.0
2011-09-29,9.71,9.9,9.76,9.61,16037233.0,148376304.0
2011-09-28,10.01,10.03,9.76,9.71,13215221.0,123611936.0
2011-09-27,9.93,10.02,9.97,9.86,13959068.0,131537488.0
2011-09-26,10.15,10.19,9.83,9.8,22294536.0,210704624.0
2011-09-23,10.06,10.27,10.2,9.98,20653462.0,197626896.0
2011-09-22,10.28,10.47,10.18,10.13,35815000.0,350406144.0
2011-09-21,10.06,10.37,10.31,10.01,23657604.0,229959552.0
2011-09-20,9.95,10.11,10.08,9.92,11024708.0,104687672.0
2011-09-19,10.13,10.13,9.97,9.93,16650210.0,157949536.0
2011-09-16,10.24,10.34,10.2,10.18,15052657.0,146209280.0
2011-09-15,10.28,10.3,10.13,10.12,19521120.0,188831344.0
2011-09-14,10.32,10.38,10.27,10.04,22272056.0,215508864.0
2011-09-13,10.14,10.32,10.31,10.14,17751340.0,172225520.0
2011-09-09,10.21,10.41,10.34,10.17,22408760.0,218661312.0
2011-09-08,10.31,10.32,10.17,10.16,18942016.0,183691472.0
2011-09-07,10.11,10.35,10.29,10.04,23956160.0,231661968.0
2011-09-06,9.99,10.08,10.05,9.92,22190606.0,210302816.0
2011-09-05,10.14,10.17,10.05,10.03,20318904.0,194182144.0
2011-09-02,10.38,10.44,10.25,10.21,20963346.0,204806160.0
2011-09-01,10.39,10.56,10.41,10.31,44198176.0,437131200.0
2011-08-31,10.27,10.43,10.32,10.17,30090652.0,293474656.0
2011-08-30,10.28,10.47,10.27,10.2,43586576.0,428454304.0
2011-08-29,10.31,10.31,10.17,10.04,30621564.0,295320224.0
2011-08-26,10.29,10.47,10.47,10.26,35169576.0,345911136.0
2011-08-25,9.95,10.42,10.36,9.89,70467008.0,684268416.0
2011-08-24,9.81,10.07,9.89,9.78,37208832.0,350435872.0
2011-08-23,9.59,9.79,9.77,9.55,15624935.0,143507424.0
2011-08-22,9.62,9.7,9.56,9.51,10344090.0,93978656.0
2011-08-19,9.55,9.67,9.6,9.51,15520195.0,140976688.0
2011-08-18,9.91,9.91,9.71,9.68,14167056.0,131564632.0
2011-08-17,9.85,9.95,9.88,9.84,15859972.0,148737104.0
2011-08-16,9.91,10.04,9.86,9.83,24140008.0,227004992.0
2011-08-15,9.67,9.98,9.95,9.64,29998684.0,279486976.0
2011-08-12,9.76,9.8,9.68,9.64,20085488.0,184659392.0
2011-08-11,9.45,9.76,9.7,9.4,27004194.0,246377808.0
2011-08-10,9.63,9.71,9.57,9.55,27709062.0,252993312.0
2011-08-09,9.34,9.57,9.54,9.23,36390704.0,324550656.0
2011-08-08,9.84,9.96,9.52,9.45,33783412.0,308642208.0
2011-08-05,9.85,9.98,9.9,9.82,17013936.0,159505968.0
2011-08-04,10.13,10.18,10.1,10.07,7957266.0,76274008.0
2011-08-03,9.99,10.17,10.09,9.97,10898626.0,103881840.0
2011-08-02,10.1,10.11,10.08,9.99,12111658.0,115177408.0
2011-08-01,10.21,10.26,10.17,10.12,16739778.0,161463920.0
2011-07-29,10.02,10.52,10.28,9.98,35336528.0,343057184.0
2011-07-28,10.07,10.07,10.0,9.96,15987649.0,151494128.0
2011-07-27,10.04,10.11,10.1,10.02,17252816.0,164808960.0
2011-07-26,10.05,10.1,10.07,10.02,14814473.0,141244384.0
2011-07-25,10.32,10.34,10.04,10.03,29282528.0,282469760.0
2011-07-22,10.41,10.44,10.37,10.35,21860538.0,215087088.0
2011-07-21,10.52,10.52,10.39,10.37,20957620.0,206500560.0
2011-07-20,10.55,10.56,10.47,10.42,12528087.0,124437072.0
2011-07-19,10.58,10.58,10.48,10.46,18709968.0,186063680.0
2011-07-18,10.66,10.69,10.63,10.59,21883250.0,220667056.0
2011-07-15,10.57,10.65,10.65,10.53,22499758.0,226047760.0
2011-07-14,10.56,10.61,10.6,10.5,22339090.0,223267088.0
2011-07-13,10.44,10.6,10.57,10.43,23726000.0,236600448.0
2011-07-12,10.57,10.57,10.41,10.4,23680602.0,234945024.0
2011-07-11,10.66,10.68,10.62,10.58,21408436.0,215521392.0
2011-07-08,10.65,10.8,10.72,10.61,27783120.0,281888704.0
2011-07-07,10.76,10.82,10.63,10.61,36639932.0,371710848.0
2011-07-06,10.76,10.76,10.67,10.58,21538976.0,217253984.0
2011-07-05,10.8,10.91,10.79,10.71,31131700.0,317947968.0
2011-07-04,10.55,10.81,10.79,10.53,47221760.0,478248160.0
2011-07-01,10.57,10.61,10.49,10.45,32792058.0,326509536.0
2011-06-30,10.46,10.62,10.53,10.44,30816446.0,307908288.0
2011-06-29,10.56,10.59,10.44,10.44,20071984.0,199470608.0
2011-06-28,10.66,10.67,10.54,10.45,24513952.0,244664960.0
2011-06-27,10.66,10.74,10.63,10.57,29442884.0,296752768.0
2011-06-24,10.35,10.79,10.69,10.34,49275944.0,494578400.0
2011-06-23,10.17,10.45,10.4,10.13,25594330.0,249765264.0
2011-06-22,10.26,10.26,10.23,10.13,26926032.0,260681072.0
2011-06-21,10.18,10.26,10.24,10.16,25552476.0,247014096.0
2011-06-20,10.13,10.23,10.13,10.09,26948020.0,258912864.0
2011-06-17,10.22,10.43,10.12,10.05,49759756.0,480179136.0
2011-06-16,10.35,10.35,10.2,10.18,32894336.0,319106368.0
2011-06-15,10.57,10.6,10.4,10.39,38495928.0,381904960.0
2011-06-14,10.52,10.71,10.61,10.52,29217600.0,293973792.0
2011-06-13,10.69,10.69,10.56,10.45,25636314.0,256247424.0
2011-06-10,10.64,10.77,10.75,10.59,22675424.0,233991984.0
2011-06-09,10.72,10.74,10.62,10.61,17218420.0,177971408.0
2011-06-08,10.82,10.83,10.73,10.65,23617696.0,244499088.0
2011-06-07,10.8,10.83,10.82,10.74,12133312.0,126690824.0
2011-06-03,10.8,10.89,10.82,10.76,21478968.0,224734496.0
2011-06-02,11.2,11.2,10.8,10.7,41446048.0,437853632.0
2011-06-01,11.36,11.39,11.27,11.23,24429720.0,266546720.0
2011-05-31,11.36,11.41,11.4,11.29,15439232.0,169667056.0
2011-05-30,11.26,11.39,11.32,11.19,16039551.0,175466368.0
2011-05-27,11.29,11.41,11.3,11.25,20695948.0,226756656.0
2011-05-26,11.41,11.41,11.29,11.26,16205820.0,177915568.0
2011-05-25,11.45,11.48,11.33,11.3,14835907.0,163855312.0
2011-05-24,11.43,11.5,11.46,11.41,20429976.0,226578528.0
2011-05-23,11.74,11.74,11.46,11.45,23038160.0,257375632.0
2011-05-20,11.66,11.79,11.74,11.66,12917673.0,146775536.0
2011-05-19,11.78,11.8,11.68,11.66,13059693.0,148186000.0
2011-05-18,11.63,11.82,11.75,11.63,18849764.0,213975376.0
2011-05-17,11.55,11.72,11.66,11.54,17930156.0,201945856.0
2011-05-16,11.64,11.71,11.57,11.55,16627661.0,186878416.0
2011-05-13,11.67,11.74,11.72,11.51,25605928.0,287760576.0
2011-05-12,11.81,11.81,11.64,11.62,29054300.0,329775744.0
2011-05-11,11.88,11.94,11.84,11.81,21094500.0,242329728.0
2011-05-10,11.8,11.9,11.87,11.78,18035284.0,206838528.0
2011-05-09,11.83,11.86,11.8,11.75,17847772.0,203777424.0
2011-05-06,11.77,11.87,11.79,11.74,22882596.0,261481456.0
2011-05-05,11.78,11.9,11.82,11.75,27253844.0,312313856.0
2011-05-04,12.17,12.17,11.8,11.73,56485392.0,651992704.0
2011-05-03,12.34,12.36,12.22,12.12,47500312.0,559860352.0
2011-04-28,12.36,12.69,12.46,12.36,62827176.0,763724928.0
2011-04-27,12.38,12.43,12.33,12.27,22087120.0,264025968.0
2011-04-26,12.32,12.47,12.32,12.28,27500852.0,328835392.0
2011-04-25,12.34,12.42,12.34,12.25,23275660.0,277817728.0
2011-04-22,12.59,12.6,12.39,12.37,27094024.0,326706880.0
2011-04-21,12.59,12.68,12.61,12.53,22676462.0,276400000.0
2011-04-20,12.62,12.66,12.51,12.46,22122658.0,268488960.0
2011-04-19,12.68,12.71,12.53,12.5,29293104.0,356428000.0
2011-04-18,12.74,12.97,12.78,12.67,40883824.0,506861024.0
2011-04-15,12.61,12.89,12.8,12.59,42425680.0,524310720.0
2011-04-14,12.74,12.93,12.68,12.63,57142528.0,706828544.0
2011-04-13,12.47,12.71,12.7,12.43,58088232.0,705750528.0
2011-04-12,12.56,12.63,12.54,12.47,42353128.0,514461152.0
2011-04-11,12.79,12.88,12.61,12.54,101212840.0,1242012928.0
2011-04-06,12.75,13.15,13.04,12.75,98272024.0,1237279360.0
2011-04-01,12.39,12.71,12.7,12.38,36389868.0,444032256.0
2011-03-31,12.63,12.64,12.37,12.36,26761398.0,323415168.0
2011-03-30,12.58,12.79,12.62,12.53,51772372.0,635284032.0
2011-03-29,12.46,12.79,12.58,12.41,62989088.0,769508992.0
2011-03-28,12.54,12.62,12.46,12.42,38076508.0,461291040.0
2011-03-25,12.26,12.5,12.43,12.22,40107624.0,482263488.0
2011-03-24,12.3,12.32,12.21,12.19,18171128.0,215259296.0
2011-03-23,12.16,12.33,12.29,12.09,28890024.0,342027840.0
2011-03-22,12.07,12.2,12.17,11.99,31000366.0,363902400.0
2011-03-21,12.09,12.14,12.02,11.99,19695500.0,229619456.0
2011-03-18,12.09,12.28,12.16,11.97,24746064.0,288437024.0
2011-03-17,12.08,12.08,11.99,11.94,25189672.0,292601824.0
2011-03-16,12.04,12.2,12.18,12.0,22515222.0,263528992.0
2011-03-15,12.25,12.25,12.04,11.9,38156952.0,443825952.0
2011-03-14,12.3,12.38,12.28,12.21,18233000.0,216504160.0
2011-03-11,12.34,12.42,12.26,12.22,22336300.0,266536848.0
2011-03-10,12.64,12.65,12.36,12.35,38283520.0,460920800.0
2011-03-09,12.66,12.88,12.67,12.64,56639800.0,699461056.0
2011-03-08,12.64,12.72,12.6,12.54,35832676.0,437688352.0
2011-03-07,12.58,12.76,12.62,12.54,69171264.0,845068928.0
2011-03-04,12.41,12.59,12.54,12.35,48139192.0,581105600.0
2011-03-03,12.34,12.71,12.47,12.25,102316296.0,1240996736.0
2011-03-02,12.1,12.46,12.3,12.05,67471856.0,803563136.0
2011-03-01,12.06,12.29,12.17,12.02,35213280.0,414085824.0
2011-02-28,12.01,12.06,12.05,11.91,20533644.0,238512384.0
2011-02-25,11.95,12.11,12.0,11.83,30626472.0,354298272.0
2011-02-24,11.91,11.98,11.95,11.83,21832204.0,251465696.0
2011-02-23,11.91,11.99,11.94,11.87,22625332.0,260944160.0
2011-02-22,12.33,12.34,11.94,11.88,50212668.0,585551808.0
2011-02-21,12.29,12.35,12.35,12.19,35638504.0,423074016.0
2011-02-18,12.48,12.55,12.38,12.37,27073248.0,325688608.0
2011-02-17,12.42,12.81,12.5,12.36,47307208.0,574734912.0
2011-02-16,12.27,12.4,12.38,12.22,28010280.0,333605888.0
2011-02-15,12.4,12.47,12.29,12.28,43741832.0,524422208.0
2011-02-14,12.01,12.46,12.39,12.0,53966480.0,640956992.0
2011-02-11,12.03,12.05,12.01,11.94,28961396.0,336151168.0
2011-02-10,11.88,12.08,12.06,11.84,20551272.0,237636480.0
2011-02-09,12.09,12.26,11.88,11.85,25115724.0,292515200.0
2011-02-01,12.0,12.24,12.16,11.99,20764696.0,243387008.0
2011-01-31,11.98,12.08,12.01,11.94,16526347.0,191885568.0
2011-01-28,12.14,12.2,11.99,11.9,24472256.0,284097376.0
2011-01-27,11.98,12.23,12.19,11.85,27626068.0,322217280.0
2011-01-26,12.01,12.09,12.09,11.96,12892736.0,150202976.0
2011-01-25,11.88,12.1,12.0,11.86,18323812.0,212975840.0
2011-01-24,11.88,11.99,11.89,11.8,14047247.0,161633216.0
2011-01-21,11.69,12.22,11.9,11.67,27404640.0,316338208.0
2011-01-20,11.96,11.96,11.7,11.68,24029232.0,273803008.0
2011-01-19,11.86,12.01,11.98,11.75,20474404.0,235539040.0
2011-01-18,11.8,11.98,11.86,11.71,18594300.0,213169136.0
2011-01-17,12.23,12.3,11.85,11.78,29447036.0,343155744.0
2011-01-14,12.49,12.49,12.32,12.26,20895776.0,249759184.0
2011-01-13,12.66,12.68,12.56,12.46,25448748.0,308975680.0
2011-01-12,12.36,12.66,12.63,12.29,51709920.0,625442752.0
2011-01-11,12.08,12.39,12.36,12.04,31414298.0,372077824.0
2011-01-10,12.33,12.5,12.12,12.11,51143336.0,607204928.0
2011-01-07,12.05,12.7,12.45,11.99,110213776.0,1325557120.0
2011-01-06,11.99,12.13,12.03,11.96,26344328.0,306608928.0
2011-01-05,11.97,12.08,12.03,11.88,35019408.0,407133920.0
2011-01-04,11.88,12.14,12.02,11.69,45704508.0,528558848.0
