date,open,high,close,low,volume,amount
2015-12-31,60.93,61.18,60.51,59.9,96048517.0,1644999070.0
2015-12-30,61.07,61.43,61.11,60.65,97355406.0,1675060664.0
2015-12-29,60.01,61.85,61.28,60.01,102061043.0,1753984666.0
2015-12-28,61.92,62.21,60.12,60.01,172373681.0,2972790845.0
2015-12-25,61.21,62.14,61.82,61.04,80822731.0,1406290548.0
2015-12-24,61.32,61.6,61.21,60.33,126962104.0,2184029952.0
2015-12-23,61.0,62.49,61.07,60.4,211671184.0,3662505472.0
2015-12-22,59.76,61.5,60.9,59.62,224835598.0,3844108366.0
2015-12-21,57.78,60.75,59.76,57.67,210730448.0,3537125888.0
2015-12-18,57.21,59.83,58.09,57.14,171044048.0,2823074304.0
2015-12-17,57.14,57.78,57.35,56.96,101074376.0,1636952192.0
2015-12-16,57.17,57.24,57.07,56.82,59741160.0,959995840.0
2015-12-15,57.6,57.78,57.0,56.78,72284480.0,1164983680.0
2015-12-14,56.18,57.81,57.56,56.0,106531376.0,1714349952.0
2015-12-11,56.82,57.03,56.54,56.36,95478208.0,1526883072.0
2015-12-10,57.21,58.02,57.03,57.0,91151256.0,1476971520.0
2015-12-09,57.17,57.92,57.42,57.1,96799954.0,1572079213.0
2015-12-08,57.07,57.85,57.17,56.36,104599944.0,1684486528.0
2015-12-07,57.24,57.42,57.31,56.78,64895249.0,1045606254.0
2015-12-04,58.2,58.41,56.96,56.85,121050232.0,1962110080.0
2015-12-03,58.88,59.73,58.8,58.17,212367008.0,3527712847.0
2015-12-02,55.54,59.83,59.3,55.4,245955392.0,4028326144.0
2015-12-01,55.69,55.93,55.65,54.73,80528032.0,1256129445.0
2015-11-30,54.87,55.93,55.47,54.55,105057888.0,1636696320.0
2015-11-27,56.75,56.85,54.91,54.59,125489096.0,1974236288.0
2015-11-26,57.42,57.95,57.0,56.96,78496728.0,1273455104.0
2015-11-25,56.96,57.53,57.31,56.39,99936816.0,1604826752.0
2015-11-24,57.81,58.06,57.17,56.54,123260360.0,1984430080.0
2015-11-23,58.24,58.95,58.17,57.78,95643800.0,1574518656.0
2015-11-20,58.09,58.95,58.24,57.6,111204464.0,1832464384.0
2015-11-19,57.28,57.95,57.85,57.07,74562608.0,1210211328.0
2015-11-18,57.24,58.34,57.21,56.5,112197608.0,1816028288.0
2015-11-17,57.07,58.27,56.93,56.78,141433152.0,2295655680.0
2015-11-16,56.0,56.89,56.71,56.0,64993160.0,1034861376.0
2015-11-13,57.07,57.49,56.78,56.68,93687512.0,1505784320.0
2015-11-12,58.41,58.63,57.46,57.21,100233720.0,1635166464.0
2015-11-11,59.05,59.12,58.17,57.49,149808400.0,2460995072.0
2015-11-10,59.02,60.12,59.05,58.48,160438976.0,2680161792.0
2015-11-09,57.99,61.18,59.55,57.99,360557568.0,6114313728.0
2015-11-06,56.82,57.78,57.49,56.32,193398544.0,3116097792.0
2015-11-05,55.08,58.8,57.07,54.94,391005824.0,6343006720.0
2015-11-04,53.59,55.79,55.47,53.42,207445488.0,3196849664.0
2015-11-03,53.52,53.88,53.38,53.24,60653928.0,917874624.0
2015-11-02,53.88,54.12,53.56,53.49,79009328.0,1200257280.0
2015-10-30,53.52,54.66,54.12,53.52,141991104.0,2168882944.0
2015-10-29,53.38,53.77,53.42,53.27,61146032.0,922468544.0
2015-10-28,53.77,54.05,53.49,53.42,99747832.0,1513893120.0
2015-10-27,53.56,53.84,53.66,53.17,78215384.0,1180658560.0
2015-10-26,53.88,54.34,53.7,53.59,126576800.0,1926695040.0
2015-10-23,53.49,53.7,53.52,53.24,87881232.0,1325229184.0
2015-10-22,53.45,53.66,53.24,53.13,114301104.0,1719539200.0
2015-10-21,53.56,54.83,53.98,52.42,249528144.0,3780855296.0
2015-10-20,53.59,53.84,53.66,53.2,79458416.0,1199089792.0
2015-10-19,54.09,54.34,53.63,53.49,101703912.0,1546587392.0
2015-10-16,54.05,54.48,53.91,53.7,115075648.0,1755069568.0
2015-10-15,53.17,54.02,53.84,52.99,73613920.0,1113703808.0
2015-10-14,53.2,53.63,53.31,52.96,71702680.0,1077255168.0
2015-10-13,53.56,53.91,53.45,53.24,74163032.0,1119985408.0
2015-10-12,53.27,54.41,53.91,53.06,200507728.0,3037620736.0
2015-10-09,52.88,53.52,53.06,52.53,69819736.0,1048041088.0
2015-10-08,53.06,53.38,52.49,52.39,115613872.0,1727700736.0
2015-09-30,50.51,52.1,51.61,50.4,96909264.0,1405526656.0
2015-09-29,50.4,50.65,50.3,49.98,54833372.0,778198592.0
2015-09-28,50.55,50.86,50.86,50.33,40592436.0,580162880.0
2015-09-25,50.33,50.9,50.72,49.84,96841648.0,1376270976.0
2015-09-24,50.65,50.76,50.47,50.23,70178560.0,999297536.0
2015-09-23,51.01,51.11,50.44,50.3,70922416.0,1013756032.0
2015-09-22,51.01,52.0,51.47,50.79,82755888.0,1200076672.0
2015-09-21,51.15,51.29,50.97,50.47,88778048.0,1273015040.0
2015-09-18,51.96,52.35,51.43,51.25,66762984.0,974543360.0
2015-09-17,52.64,52.96,51.86,51.82,76974128.0,1141536128.0
2015-09-16,51.75,54.09,52.85,51.04,111685576.0,1644612224.0
2015-09-15,51.82,52.32,52.0,51.15,159329824.0,2331797760.0
2015-09-14,51.72,52.71,52.6,49.84,272588928.0,3968049152.0
2015-09-11,51.15,52.28,51.72,51.11,100362144.0,1465728000.0
2015-09-10,50.58,51.72,51.47,50.47,124923712.0,1805231232.0
2015-09-09,50.55,51.5,51.01,50.37,126144312.0,1811138048.0
2015-09-08,49.09,50.9,50.55,48.77,142879264.0,2010921984.0
2015-09-07,51.57,51.79,49.09,48.77,221432368.0,3151371008.0
2015-09-02,51.4,52.67,52.18,51.04,432500736.0,6327296512.0
2015-09-01,50.62,52.78,52.64,49.66,402867712.0,5867758080.0
2015-08-31,49.62,51.86,51.68,47.89,326049760.0,4567660032.0
2015-08-28,50.01,50.51,50.05,48.81,256555760.0,3606407424.0
2015-08-27,46.61,49.8,49.52,45.69,269785216.0,3601983232.0
2015-08-26,44.27,47.57,45.83,43.46,361260128.0,4657678848.0
2015-08-25,44.91,46.47,43.24,42.18,364235456.0,4611750912.0
2015-08-24,49.27,49.27,45.94,45.51,479461408.0,6322833408.0
2015-08-21,51.89,52.25,50.58,50.47,178199520.0,2588139008.0
2015-08-20,53.66,53.66,52.14,52.07,136882624.0,2042643200.0
2015-08-19,53.13,53.59,53.49,52.39,188660752.0,2817548032.0
2015-08-18,54.87,55.51,53.31,53.03,186460512.0,2862089216.0
2015-08-17,55.19,55.22,54.73,54.34,124365512.0,1917564288.0
2015-08-14,55.65,55.86,55.51,55.33,104679232.0,1640404608.0
2015-08-13,55.65,55.97,55.51,54.94,109840184.0,1715133696.0
2015-08-12,55.86,56.25,55.51,55.47,140226912.0,2210900736.0
2015-08-11,57.56,57.56,56.57,56.39,178364256.0,2861680128.0
2015-08-10,56.32,58.13,57.74,55.54,205793968.0,3297830144.0
2015-08-07,56.29,56.89,56.29,55.9,105738368.0,1685162496.0
2015-08-06,55.26,56.57,55.93,55.19,103040800.0,1629658496.0
2015-08-05,56.82,57.14,55.76,55.72,108657368.0,1725883520.0
2015-08-04,56.22,57.14,56.89,55.83,117091920.0,1869143936.0
2015-08-03,54.73,56.82,56.57,54.34,234771312.0,3698748416.0
2015-07-31,54.09,55.19,55.08,53.7,197853120.0,3046267904.0
2015-07-30,55.33,55.79,54.23,54.12,153838240.0,2391916800.0
2015-07-29,54.69,55.4,55.33,54.3,178388656.0,2754992640.0
2015-07-28,52.99,55.54,54.76,52.99,300719072.0,4621078016.0
2015-07-27,58.31,58.38,54.09,53.95,378434048.0,6028352000.0
2015-07-24,59.69,60.08,58.73,58.7,177036448.0,2968664320.0
2015-07-23,58.52,59.94,59.62,58.31,207561824.0,3480344320.0
2015-07-22,58.91,59.23,58.52,58.48,195391360.0,3238408192.0
2015-07-21,60.26,60.86,59.3,59.23,247709088.0,4168969216.0
2015-07-20,61.14,61.18,60.51,60.29,249615296.0,4271567616.0
2015-07-17,61.04,61.92,61.36,60.4,276379328.0,4768031744.0
2015-07-16,61.04,61.14,60.51,59.94,216797360.0,3703685120.0
2015-07-15,60.4,61.75,61.28,59.55,424030336.0,7251939840.0
2015-07-14,61.85,62.35,60.86,59.55,410589888.0,7070650368.0
2015-07-13,61.92,64.33,62.31,60.65,538519296.0,9477019648.0
2015-07-10,60.26,65.79,62.67,59.55,716928576.0,12814490624.0
2015-07-09,55.05,60.54,60.54,52.46,1130488448.0,18428565504.0
2015-07-08,54.98,60.22,55.05,54.87,1181838336.0,18917588992.0
2015-07-07,58.84,61.92,60.97,56.32,1026111424.0,17342998528.0
2015-07-06,60.26,60.26,60.08,57.35,834133760.0,13904933888.0
2015-07-03,58.48,58.7,55.83,54.44,469796480.0,7547556352.0
2015-07-02,59.37,60.19,58.31,56.5,500338016.0,8281983488.0
2015-07-01,60.08,60.79,58.84,58.52,374377952.0,6339900928.0
2015-06-30,57.7,61.18,61.14,56.78,606091264.0,10123138048.0
2015-06-29,58.98,59.73,57.24,53.88,591766976.0,9630254080.0
2015-06-26,60.33,62.56,57.88,56.0,559716352.0,9392325632.0
2015-06-25,65.4,65.4,61.82,61.32,500795040.0,9026168832.0
2015-06-24,62.99,63.45,63.16,61.18,380782912.0,6702576128.0
2015-06-23,61.04,63.09,62.84,59.19,383988352.0,6666914816.0
2015-06-19,63.09,63.77,61.04,59.9,460591264.0,8081039872.0
2015-06-18,66.28,66.28,63.84,63.73,402083264.0,7352950272.0
2015-06-17,67.98,68.66,66.99,66.21,368816256.0,6997925376.0
2015-06-16,67.17,68.69,66.6,66.14,377070912.0,7172512256.0
2015-06-15,70.71,70.71,67.77,67.38,512620384.0,9985489920.0
2015-06-12,70.43,73.58,71.03,68.69,646405504.0,12927446016.0
2015-06-11,70.64,71.6,69.83,69.19,366522944.0,7232106496.0
2015-06-10,70.64,71.81,70.61,69.83,421811776.0,8420945408.0
2015-06-09,72.31,73.8,71.32,70.43,683389632.0,13867392000.0
2015-06-08,68.8,73.58,73.3,68.09,914563008.0,18389358592.0
2015-06-05,70.89,71.53,68.41,66.99,567450368.0,11057355776.0
2015-06-04,66.64,70.5,69.19,65.82,780796800.0,15064231936.0
2015-06-03,65.64,66.42,65.79,64.37,443390304.0,8136066048.0
2015-06-02,66.6,66.64,65.82,64.86,348678848.0,6466827776.0
2015-06-01,63.8,67.13,66.32,63.09,445470432.0,8182157824.0
2015-05-29,64.37,65.04,63.77,61.64,429614880.0,7718717952.0
2015-05-28,67.74,68.44,63.94,63.41,517836352.0,9712736256.0
2015-05-27,69.83,69.97,67.98,67.52,425269760.0,8250581504.0
2015-05-26,69.74,70.08,69.12,68.16,431107808.0,8611324928.0
2015-05-25,68.16,70.08,69.4,68.16,510073728.0,10222963712.0
2015-05-22,64.82,67.64,67.26,64.54,573875776.0,11078125568.0
2015-05-21,64.2,64.61,64.16,63.51,316305024.0,5883688960.0
2015-05-20,63.92,65.27,64.03,63.16,494746560.0,9217405952.0
2015-05-19,61.0,64.54,63.92,60.79,562454720.0,10335518720.0
2015-05-18,61.69,62.3,61.1,61.0,278313504.0,4980179968.0
2015-05-15,62.13,62.79,61.62,60.76,367050496.0,6588357120.0
2015-05-14,62.3,63.1,62.13,61.72,560439488.0,10143954944.0
2015-05-13,65.06,65.13,63.23,62.58,317125440.0,5900944384.0
2015-05-12,64.37,65.23,64.71,63.13,352509440.0,6571748864.0
2015-05-11,62.37,64.51,64.34,61.27,451658944.0,8207298048.0
2015-05-08,63.2,63.34,62.37,61.27,271962368.0,4912780288.0
2015-05-07,62.3,62.79,62.24,61.58,225147936.0,4076939776.0
2015-05-06,62.82,64.37,62.2,61.27,403993504.0,7372563456.0
2015-05-05,65.85,65.85,62.27,61.86,433880768.0,8056945152.0
2015-05-04,66.47,66.47,65.82,65.09,263733632.0,5031704576.0
2015-04-30,68.05,68.98,66.81,66.68,310290688.0,6094665728.0
2015-04-29,67.85,68.84,68.02,67.06,283794368.0,5606765568.0
2015-04-28,67.98,72.15,68.6,67.67,708692160.0,14309977088.0
2015-04-27,67.3,68.09,67.57,66.54,408751680.0,7987253760.0
2015-04-24,68.16,68.33,66.57,65.02,597700352.0,11582932992.0
2015-04-23,71.53,71.94,69.36,68.84,436127360.0,8839030784.0
2015-04-22,68.43,71.43,71.25,67.47,483232704.0,9761509376.0
2015-04-21,66.71,68.19,67.98,65.99,368978272.0,7197688320.0
2015-04-20,71.94,72.29,66.99,66.26,604540544.0,12198171648.0
2015-04-17,72.29,73.32,70.77,70.64,405475936.0,8437645824.0
2015-04-16,68.36,70.77,70.7,67.81,345838272.0,6960153600.0
2015-04-15,68.84,70.57,69.02,67.78,355187200.0,7166526464.0
2015-04-14,70.88,71.01,69.43,68.84,297974656.0,6044706816.0
2015-04-13,72.8,73.73,71.22,70.5,404516480.0,8485709824.0
2015-04-10,68.26,70.77,70.19,67.95,368250368.0,7402638848.0
2015-04-09,70.33,73.28,68.26,67.54,493283104.0,10021728256.0
2015-04-08,67.98,70.57,70.46,67.26,499378496.0,9951654912.0
2015-04-07,66.02,69.36,68.12,65.71,528003296.0,10370100224.0
2015-04-03,62.3,64.3,64.2,61.96,387794368.0,7140867584.0
2015-04-02,63.54,63.58,62.37,61.03,391094016.0,7067408896.0
2015-04-01,62.65,64.58,63.3,61.99,312604512.0,5738064896.0
2015-03-31,65.2,67.06,63.2,62.06,504674816.0,9453716480.0
2015-03-30,60.27,64.37,63.68,59.55,636651968.0,11493986304.0
2015-03-27,58.52,59.48,58.52,57.35,335500448.0,5702163968.0
2015-03-26,57.11,59.76,58.62,55.97,418324928.0,7084348416.0
2015-03-25,59.0,60.2,57.55,57.28,432691648.0,7363719168.0
2015-03-24,60.24,60.65,59.55,58.66,421602656.0,7310855680.0
2015-03-23,59.21,61.55,60.69,59.21,580508544.0,10160348160.0
2015-03-20,59.03,60.27,58.69,57.18,582164608.0,9896084480.0
2015-03-19,59.48,60.62,59.03,58.59,514910464.0,8897887232.0
2015-03-18,58.83,59.03,58.93,57.83,459722912.0,7804528128.0
2015-03-17,58.86,59.55,58.69,57.42,536223200.0,9077621760.0
2015-03-16,57.14,58.83,58.73,55.8,655065792.0,10963715072.0
2015-03-13,54.94,59.24,56.76,54.56,1043204352.0,17202737152.0
2015-03-12,53.35,55.18,54.97,52.32,1357222144.0,21407023104.0
2015-03-11,49.4,51.15,50.15,49.4,505577824.0,7409068032.0
2015-03-10,49.95,50.12,49.05,48.91,542043008.0,7793615872.0
2015-03-09,46.68,51.22,50.64,46.06,825676928.0,11820402688.0
2015-03-06,46.33,46.88,46.57,46.33,144379200.0,1956779392.0
2015-03-05,47.4,47.43,46.33,46.06,271145024.0,3667168768.0
2015-03-04,47.85,48.09,47.54,47.37,185037120.0,2557832960.0
2015-03-03,48.98,48.98,47.81,47.78,262881712.0,3686378496.0
2015-03-02,49.26,49.43,49.12,48.64,267754784.0,3804422656.0
2015-02-27,49.09,49.67,49.02,48.91,220534992.0,3154798592.0
2015-02-26,47.98,49.19,49.12,47.71,243724560.0,3440838400.0
2015-02-25,48.67,48.71,48.05,47.88,188111072.0,2635908608.0
2015-02-17,48.47,48.95,48.57,48.47,196241696.0,2774583296.0
2015-02-16,48.74,48.78,48.43,48.12,220291360.0,3092596480.0
2015-02-13,48.64,49.36,48.6,48.3,326660512.0,4629041152.0
2015-02-12,48.36,48.78,48.36,47.64,355296320.0,4970081280.0
2015-02-11,49.16,49.88,49.26,48.98,153988720.0,2204282880.0
2015-02-10,48.57,49.71,49.47,48.33,199006560.0,2843564800.0
2015-02-09,48.36,49.26,48.6,47.4,228843808.0,3212522752.0
2015-02-06,48.3,49.05,48.36,47.95,200138848.0,2825415424.0
2015-02-05,51.15,51.15,48.64,48.57,379612800.0,5524626432.0
2015-02-04,49.64,50.12,48.57,48.54,177766336.0,2551662336.0
2015-02-03,49.05,49.74,49.57,48.16,212059904.0,3011732992.0
2015-02-02,48.54,49.16,48.33,48.3,187119216.0,2645502976.0
2015-01-30,50.22,50.67,49.81,49.29,200223840.0,2911409152.0
2015-01-29,49.98,50.46,49.71,49.4,234858096.0,3400315136.0
2015-01-28,50.84,51.7,50.84,50.26,220425360.0,3251768320.0
2015-01-27,52.73,52.91,51.29,50.43,296580960.0,4431866368.0
2015-01-26,53.05,53.63,52.6,51.98,235953632.0,3594619648.0
2015-01-23,53.39,54.56,53.18,52.87,264996416.0,4128864768.0
2015-01-22,53.56,53.7,53.08,52.43,241513648.0,3727422976.0
2015-01-21,51.5,54.08,53.73,51.08,389344000.0,5943740928.0
2015-01-20,51.67,52.63,51.19,49.91,443613504.0,6606519808.0
2015-01-19,52.32,54.35,52.01,52.01,417799808.0,6439026176.0
2015-01-16,57.14,58.86,57.8,56.83,508128800.0,8558651904.0
2015-01-15,55.63,58.1,58.0,55.08,311691168.0,5119479808.0
2015-01-14,54.9,56.45,55.66,54.87,263964816.0,4268179456.0
2015-01-13,54.9,55.59,54.7,54.22,203126736.0,3229481216.0
2015-01-12,55.63,56.69,55.18,53.87,310327136.0,4977831936.0
2015-01-09,54.56,59.14,55.7,53.8,496950496.0,8145768960.0
2015-01-08,57.18,57.35,54.77,54.52,324858304.0,5218959360.0
2015-01-07,57.76,58.62,57.18,55.77,379315744.0,6294276096.0
2015-01-06,57.14,60.2,58.48,56.76,479260992.0,8130182656.0
2015-01-05,57.93,58.79,58.07,56.18,528403808.0,8847190016.0
2014-12-31,56.11,57.18,56.8,54.73,510708320.0,8355868160.0
2014-12-30,53.94,56.11,55.97,53.53,696047296.0,11133888512.0
2014-12-29,55.42,57.0,53.53,52.36,822935040.0,13197895680.0
2014-12-26,50.36,52.01,51.81,49.91,520194464.0,7715836928.0
2014-12-25,48.23,50.36,49.88,47.5,443368544.0,6320759296.0
2014-12-24,49.4,49.77,47.43,46.37,418551296.0,5810787840.0
2014-12-23,50.91,52.32,49.4,49.26,400909952.0,5896056320.0
2014-12-22,50.15,53.63,51.6,50.15,657529472.0,9928352768.0
2014-12-19,49.12,50.26,49.88,47.88,435238432.0,6235831296.0
2014-12-18,49.53,50.26,49.12,48.05,564942336.0,8100940800.0
2014-12-17,46.37,50.15,49.16,45.78,814727616.0,11362135040.0
2014-12-16,44.06,46.09,46.02,43.92,369016064.0,4841012736.0
2014-12-15,44.75,44.75,44.2,43.3,294409632.0,3752158208.0
2014-12-12,45.44,46.61,45.13,44.75,351460448.0,4655982080.0
2014-12-11,44.96,47.47,45.61,44.41,455299296.0,6099904000.0
2014-12-10,44.92,46.47,45.85,42.55,566505024.0,7330250752.0
2014-12-09,47.3,49.12,44.06,43.55,772245376.0,10595530752.0
2014-12-08,46.13,48.71,47.92,45.44,698200960.0,9584290816.0
2014-12-05,46.23,48.36,46.81,44.3,922080384.0,12404157440.0
2014-12-04,42.79,46.02,45.75,42.27,726388032.0,9324282880.0
2014-12-03,43.44,44.75,42.62,42.06,727334144.0,9187549184.0
2014-12-02,40.69,44.41,43.34,40.45,668287104.0,8204710912.0
2014-12-01,42.03,43.48,41.03,40.96,660717824.0,8032628224.0
2014-11-28,38.59,42.0,41.79,38.31,837004480.0,9792449536.0
2014-11-27,38.17,38.9,38.48,37.9,396644512.0,4424940032.0
2014-11-26,37.45,38.42,38.0,37.24,385568992.0,4232333312.0
2014-11-25,36.76,37.38,37.28,36.66,252907664.0,2718600448.0
2014-11-24,36.28,37.45,36.87,35.63,407059168.0,4319984128.0
2014-11-21,36.25,36.9,36.83,35.97,170928160.0,1809775616.0
2014-11-20,36.21,36.49,36.32,36.04,100026040.0,1054196288.0
2014-11-19,36.25,36.45,36.21,36.04,91650224.0,964287424.0
2014-11-18,36.83,36.83,36.32,36.14,154817504.0,1637200384.0
2014-11-17,37.69,37.8,36.83,36.8,164310192.0,1778397184.0
2014-11-14,37.49,37.8,37.38,36.94,184986848.0,2002280192.0
2014-11-13,38.14,38.66,37.66,37.49,242835184.0,2678714624.0
2014-11-12,37.49,37.97,37.93,37.28,201705408.0,2204953856.0
2014-11-11,37.31,39.07,38.0,37.31,576248000.0,6389123584.0
2014-11-10,37.14,37.55,37.24,36.59,257378320.0,2769456640.0
2014-11-07,36.08,37.52,36.45,35.9,316085856.0,3364186624.0
2014-11-06,36.28,36.35,36.08,35.8,139605584.0,1462111360.0
2014-11-05,36.56,36.76,36.11,35.97,198023824.0,2083775872.0
2014-11-04,37.21,37.24,36.66,36.52,143671056.0,1532091520.0
2014-11-03,37.97,38.17,37.04,36.9,207461776.0,2249511168.0
2014-10-31,36.11,38.38,37.38,36.11,447859904.0,4829410304.0
2014-10-30,35.42,36.11,35.97,35.18,214601408.0,2223069696.0
2014-10-29,35.01,35.59,35.39,34.87,146500080.0,1500670208.0
2014-10-28,34.63,34.94,34.94,34.49,73970672.0,745633088.0
2014-10-27,34.84,34.94,34.35,34.28,104498112.0,1051699904.0
2014-10-24,35.18,35.42,35.14,35.04,79633240.0,817262272.0
2014-10-23,34.94,35.45,35.11,34.94,144009264.0,1479233664.0
2014-10-22,34.8,35.31,34.9,34.77,94089840.0,960357440.0
2014-10-21,35.08,35.18,34.77,34.7,80028992.0,814205888.0
2014-10-20,34.97,35.31,35.14,34.77,86402344.0,881255168.0
2014-10-17,34.9,35.08,34.8,34.7,82546840.0,838310720.0
2014-10-16,34.73,35.52,34.9,34.63,139710352.0,1430423936.0
2014-10-15,34.77,35.04,34.9,34.59,69530592.0,706102208.0
2014-10-14,34.8,35.11,34.8,34.66,66737896.0,677666624.0
2014-10-13,35.08,35.18,34.84,34.63,85581200.0,869181504.0
2014-10-10,35.31,35.38,35.25,35.08,81946016.0,840536192.0
2014-10-09,35.52,35.66,35.45,35.28,94404456.0,975326528.0
2014-10-08,35.25,35.52,35.49,35.01,108498312.0,1115448832.0
2014-09-30,35.21,35.25,35.08,34.94,78255976.0,799546944.0
2014-09-29,35.18,35.31,35.14,35.04,84306168.0,864021184.0
2014-09-26,35.01,35.18,35.01,34.87,62060272.0,633152832.0
2014-09-25,35.49,35.59,35.18,35.01,103903136.0,1070116992.0
2014-09-24,34.7,35.52,35.45,34.53,146917008.0,1501252736.0
2014-09-23,34.63,34.87,34.73,34.56,62945680.0,636574528.0
2014-09-22,35.42,35.42,34.63,34.56,127652768.0,1297851904.0
2014-09-19,35.31,35.69,35.49,35.28,149013792.0,1543490944.0
2014-09-18,35.18,35.66,35.31,34.97,132536264.0,1364670208.0
2014-09-17,35.25,35.38,35.18,35.04,91644368.0,939232192.0
2014-09-16,35.38,35.66,35.11,35.08,157469472.0,1621606656.0
2014-09-15,35.42,35.42,35.38,35.18,86667056.0,891526528.0
2014-09-12,35.49,35.59,35.59,35.28,96793624.0,998255040.0
2014-09-11,35.55,36.17,35.55,35.42,124389848.0,1293883264.0
2014-09-10,35.9,35.9,35.59,35.49,97669632.0,1014198912.0
2014-09-09,36.45,36.52,36.0,35.93,97158520.0,1022496000.0
2014-09-05,36.45,36.65,36.45,36.21,105601952.0,1120375168.0
2014-09-04,36.28,36.52,36.34,36.0,91825816.0,969490752.0
2014-09-03,36.1,36.48,36.21,35.93,116054520.0,1225652224.0
2014-09-02,35.49,35.97,35.9,35.21,131512800.0,1364128512.0
2014-09-01,35.38,35.42,35.38,35.14,85601296.0,879702528.0
2014-08-29,35.04,35.42,35.42,34.94,50089704.0,513977184.0
2014-08-28,35.18,35.28,34.87,34.87,58756632.0,600462272.0
2014-08-27,35.21,35.42,35.25,35.01,55740944.0,571519872.0
2014-08-26,35.14,35.38,35.21,35.04,63313960.0,649449280.0
2014-08-25,35.55,35.62,35.14,35.04,63281788.0,649438144.0
2014-08-22,35.35,35.76,35.55,35.28,71209840.0,737915456.0
2014-08-21,35.76,35.83,35.38,35.11,91505320.0,944212544.0
2014-08-20,36.04,36.07,35.73,35.73,71690272.0,749057792.0
2014-08-19,36.17,36.21,36.1,35.86,105220040.0,1104544640.0
2014-08-18,36.1,36.38,36.1,35.9,91177800.0,959636544.0
2014-08-15,35.97,36.17,36.1,35.55,121244432.0,1269002752.0
2014-08-14,36.31,36.38,36.0,35.97,86563712.0,911691648.0
2014-08-13,36.31,36.62,36.31,35.97,102006016.0,1075530240.0
2014-08-12,36.65,36.69,36.38,36.04,111180600.0,1174188544.0
2014-08-11,36.41,36.89,36.76,36.38,106769752.0,1142143616.0
2014-08-08,36.14,36.52,36.24,36.04,85283064.0,901059072.0
2014-08-07,36.55,36.76,36.17,36.1,93196472.0,987337472.0
2014-08-06,37.1,37.1,36.59,36.04,183858208.0,1954400000.0
2014-08-05,38.13,38.3,37.3,37.1,160637488.0,1755365632.0
2014-08-04,37.58,38.37,38.09,37.2,175787344.0,1933035392.0
2014-08-01,37.92,38.54,37.48,37.44,155797392.0,1725677312.0
2014-07-31,37.37,38.03,37.99,37.1,105598016.0,1153926144.0
2014-07-30,37.99,38.51,37.48,37.24,149717072.0,1649030400.0
2014-07-29,37.65,37.99,37.58,37.24,179011280.0,1961139072.0
2014-07-28,35.62,37.75,37.44,35.62,288438336.0,3107927040.0
2014-07-25,35.25,35.69,35.45,34.9,136834640.0,1407350784.0
2014-07-24,33.46,35.49,35.14,33.46,286461632.0,2896746752.0
2014-07-23,33.26,33.7,33.32,33.15,81650488.0,796145280.0
2014-07-22,32.47,33.6,33.19,32.4,129920568.0,1255050240.0
2014-07-21,32.67,32.74,32.53,32.43,40228812.0,381305632.0
2014-07-18,32.36,32.81,32.64,32.36,87789264.0,835307392.0
2014-07-17,32.44,32.47,32.31,32.18,48496880.0,478533216.0
2014-07-16,32.41,32.54,32.44,32.31,73518032.0,727893312.0
2014-07-15,32.24,32.64,32.51,32.18,69888440.0,692407168.0
2014-07-14,32.28,32.31,32.24,32.08,58002328.0,570220736.0
2014-07-11,32.05,32.31,32.18,32.05,41389976.0,407309888.0
2014-07-10,32.15,32.24,32.08,31.98,42992424.0,421209056.0
2014-07-09,32.6,32.64,32.15,32.05,69143160.0,682160704.0
2014-07-08,32.77,32.8,32.67,32.47,47264188.0,470702784.0
2014-07-07,32.77,32.93,32.83,32.64,34660992.0,347033696.0
2014-07-04,32.87,32.93,32.8,32.7,37162200.0,372292288.0
2014-07-03,32.93,33.0,32.9,32.74,49805004.0,500240832.0
2014-07-02,32.77,33.0,32.93,32.67,30401068.0,304882592.0
2014-07-01,33.03,33.1,32.77,32.67,29642506.0,296949504.0
2014-06-30,32.64,33.0,32.83,32.51,43663376.0,437384160.0
2014-06-27,32.51,32.64,32.54,32.44,36957768.0,367120896.0
2014-06-26,32.31,32.57,32.51,32.31,31118620.0,308659008.0
2014-06-25,32.54,32.54,32.28,32.15,46465440.0,458029760.0
2014-06-24,32.47,32.67,32.51,32.31,39205136.0,389658432.0
2014-06-23,32.64,32.74,32.41,32.34,45831440.0,455301056.0
2014-06-20,32.31,32.67,32.64,32.24,42764100.0,424187968.0
2014-06-19,32.93,33.03,32.31,32.18,64090028.0,637828416.0
2014-06-18,33.13,33.16,32.87,32.77,49897340.0,501937824.0
2014-06-17,33.46,33.49,33.13,33.0,70997056.0,720208512.0
2014-06-16,33.03,33.85,33.62,32.93,166084288.0,1695806592.0
2014-06-13,32.8,33.42,33.1,32.47,153630208.0,1548020608.0
2014-06-12,32.44,32.6,32.34,32.34,53441080.0,530086784.0
2014-06-11,32.41,32.57,32.41,32.24,42929040.0,424671232.0
2014-06-10,32.21,32.57,32.54,32.15,64114152.0,634474496.0
2014-06-09,31.75,32.47,32.05,31.62,51377720.0,504388448.0
2014-06-06,32.28,32.28,31.85,31.69,41183192.0,401390144.0
2014-06-05,31.79,32.28,32.24,31.72,30709188.0,300181088.0
2014-06-04,32.11,32.18,31.82,31.66,44376304.0,430812000.0
2014-06-03,32.21,32.54,32.08,32.05,41737072.0,411059936.0
2014-05-30,32.34,32.41,32.18,32.11,44148764.0,434585984.0
2014-05-29,32.51,32.83,32.28,32.28,50497288.0,502929536.0
2014-05-28,32.08,32.6,32.54,32.02,51831752.0,511631616.0
2014-05-27,32.34,32.41,32.15,32.02,36066412.0,355256512.0
2014-05-26,32.64,32.67,32.38,32.15,39424156.0,390745152.0
2014-05-23,32.05,32.34,32.34,31.95,40657920.0,399423808.0
2014-05-22,31.92,32.64,32.05,31.82,61185640.0,603106752.0
2014-05-21,31.59,32.08,32.02,31.36,43261380.0,419811936.0
2014-05-20,31.89,31.98,31.66,31.46,46415072.0,449324736.0
2014-05-19,32.44,32.44,31.72,31.52,108901640.0,1057564288.0
2014-05-16,32.6,32.93,32.64,32.54,53629652.0,536205120.0
2014-05-15,32.74,32.93,32.64,32.6,47056328.0,471269920.0
2014-05-14,32.77,33.06,32.77,32.57,42604280.0,427414048.0
2014-05-13,32.8,32.87,32.67,32.54,42630968.0,425968480.0
2014-05-12,32.57,33.03,32.8,32.28,88635040.0,886139328.0
2014-05-09,32.28,32.47,32.31,32.15,47527840.0,469113760.0
2014-05-08,32.11,32.8,32.18,32.02,63086252.0,623527104.0
2014-05-07,32.6,32.64,32.11,32.08,66763712.0,659808320.0
2014-05-06,32.74,33.03,32.6,32.51,46358336.0,463431456.0
2014-05-05,33.23,33.26,32.8,32.44,82299240.0,823073984.0
2014-04-30,33.23,33.62,33.29,33.13,62112312.0,633638656.0
2014-04-29,32.83,33.36,33.16,32.77,76059152.0,767889408.0
2014-04-28,33.39,33.65,32.64,32.51,100447944.0,1005642496.0
2014-04-25,33.52,34.21,33.46,33.29,84649824.0,871377792.0
2014-04-24,33.65,34.18,33.46,33.42,77904760.0,803201536.0
2014-04-23,33.33,34.24,33.59,33.2,156705696.0,1617679872.0
2014-04-22,32.38,33.59,33.49,32.28,136756352.0,1379237632.0
2014-04-21,32.8,33.42,32.41,32.41,89519328.0,902960704.0
2014-04-18,32.57,33.03,33.0,32.28,71340496.0,713040192.0
2014-04-17,33.23,33.36,32.8,32.67,80813064.0,813849280.0
2014-04-16,32.54,33.13,32.84,32.38,91479456.0,914532032.0
2014-04-15,33.49,33.55,32.67,32.64,143295184.0,1440213248.0
2014-04-14,33.98,34.18,33.69,33.39,87386792.0,899101952.0
2014-04-11,33.52,34.34,34.08,33.29,169345888.0,1755166336.0
2014-04-10,33.72,34.5,33.78,33.16,219530080.0,2261431552.0
2014-04-09,33.72,33.91,33.69,33.39,174643808.0,1794205696.0
2014-04-08,31.62,34.37,33.88,31.62,436417248.0,4430930432.0
2014-04-04,30.48,31.39,31.36,30.45,89127264.0,845676544.0
2014-04-03,31.26,31.36,30.71,30.51,80428480.0,761104640.0
2014-04-02,30.71,31.33,31.07,30.58,83313600.0,788107200.0
2014-04-01,30.58,30.94,30.71,30.38,111118616.0,1037965696.0
2014-03-31,31.43,31.62,31.16,30.71,85561568.0,813201600.0
2014-03-28,30.9,31.79,31.36,30.8,115018808.0,1102764544.0
2014-03-27,30.64,31.66,31.0,30.45,117855728.0,1118390016.0
2014-03-26,30.8,31.03,30.67,30.51,51386068.0,482223232.0
2014-03-25,31.3,31.49,30.74,30.58,120525912.0,1140180480.0
2014-03-24,31.2,31.89,31.36,30.8,190922352.0,1831916288.0
2014-03-21,29.07,31.36,31.03,28.97,247149392.0,2295523072.0
2014-03-20,28.87,29.72,29.1,28.77,100697584.0,903533120.0
2014-03-19,29.0,29.04,28.91,28.55,55908168.0,490414720.0
2014-03-18,29.46,29.5,29.14,29.07,42484192.0,379704128.0
2014-03-17,29.63,29.72,29.4,29.2,45101036.0,404523040.0
2014-03-14,29.17,29.4,29.23,28.84,65629096.0,582444096.0
2014-03-13,29.33,29.92,29.33,29.14,99381664.0,895298368.0
2014-03-12,28.32,29.27,29.04,28.25,97332032.0,855289792.0
2014-03-11,28.35,28.74,28.32,28.15,68571392.0,594880640.0
2014-03-10,29.4,29.4,28.32,28.19,130034056.0,1144560000.0
2014-03-07,29.72,30.05,29.56,29.53,76364712.0,694886016.0
2014-03-06,29.56,30.02,29.82,29.43,72154128.0,655246464.0
2014-03-05,29.92,30.05,29.63,29.56,46201040.0,419937280.0
2014-03-04,29.59,30.12,29.99,29.43,74130360.0,671502400.0
2014-03-03,29.82,29.82,29.69,29.56,60057156.0,544307456.0
2014-02-28,29.86,30.05,29.86,29.53,63035312.0,573885696.0
2014-02-27,29.86,30.25,30.02,29.43,99810856.0,911521920.0
2014-02-26,29.46,29.92,29.72,29.36,69679792.0,629633984.0
2014-02-25,29.89,30.18,29.46,29.33,92604984.0,842851072.0
2014-02-24,30.67,30.71,29.86,29.76,144446592.0,1322797056.0
2014-02-21,31.26,31.39,31.0,30.77,76178784.0,722487104.0
2014-02-20,31.82,32.34,31.26,31.2,116384464.0,1127998208.0
2014-02-19,31.03,32.18,31.98,30.94,160991920.0,1554641664.0
2014-02-18,31.92,31.95,31.07,30.97,107602768.0,1030333888.0
2014-02-17,32.51,32.67,32.02,31.69,110363536.0,1076784896.0
2014-02-14,32.44,32.6,32.34,32.11,74267408.0,732588480.0
2014-02-13,31.66,33.13,32.6,31.59,179768064.0,1783235328.0
2014-02-12,31.89,32.44,31.82,31.75,84295648.0,823377088.0
2014-02-11,31.03,32.54,31.98,30.8,148629184.0,1447173504.0
2014-02-10,30.74,31.2,31.03,30.71,64325232.0,609886784.0
2014-02-07,30.51,30.61,30.61,30.28,42620972.0,395806784.0
2014-01-30,31.0,31.0,30.61,30.54,43287412.0,407086144.0
2014-01-29,30.94,31.3,31.1,30.77,59249276.0,562421632.0
2014-01-28,30.31,30.87,30.84,30.25,52755732.0,492895520.0
2014-01-27,30.51,30.64,30.18,30.12,69871640.0,648081088.0
2014-01-24,30.67,31.03,30.74,30.51,70026280.0,658676864.0
2014-01-23,31.23,31.26,30.8,30.71,55814380.0,526755744.0
2014-01-22,30.51,31.52,31.3,30.41,75891856.0,720136064.0
2014-01-21,30.18,30.67,30.41,30.18,39795624.0,370236384.0
2014-01-20,30.38,30.64,30.15,29.89,54767092.0,506024576.0
2014-01-17,31.07,31.1,30.48,30.44,63774252.0,598016128.0
2014-01-16,31.59,31.59,31.13,31.1,89681208.0,856869568.0
2014-01-15,31.95,31.98,31.52,31.36,47500672.0,458767040.0
2014-01-14,31.79,32.15,31.95,31.69,46028968.0,447747680.0
2014-01-13,31.95,32.08,31.82,31.72,42658276.0,415166624.0
2014-01-10,31.85,32.15,31.92,31.56,51809992.0,504198272.0
2014-01-09,31.72,32.34,31.85,31.59,63526500.0,620524992.0
2014-01-08,31.56,31.98,31.72,31.43,52183116.0,504730560.0
2014-01-07,31.46,31.79,31.49,31.2,43191296.0,415153216.0
2014-01-06,31.95,32.05,31.62,31.2,88880976.0,856262592.0
2014-01-03,32.47,32.54,31.85,31.79,77898480.0,761067904.0
2014-01-02,33.0,33.03,32.67,32.51,72789232.0,726735296.0
2013-12-31,32.34,33.55,33.19,32.24,96270096.0,971231232.0
2013-12-30,32.7,32.83,32.34,32.28,65897604.0,653019328.0
2013-12-27,31.75,32.67,32.51,31.69,73207656.0,720076480.0
2013-12-26,32.15,32.15,31.66,31.56,51406744.0,499555072.0
2013-12-25,32.11,32.38,32.15,31.85,58485196.0,572759168.0
2013-12-24,32.18,32.54,32.05,31.75,60661628.0,596751104.0
2013-12-23,32.15,32.47,32.02,31.85,63521464.0,624223936.0
2013-12-20,33.16,33.26,32.05,31.82,106760064.0,1061688384.0
2013-12-19,33.91,34.05,33.13,33.06,71859368.0,734662784.0
2013-12-18,33.46,33.98,33.75,33.42,45110772.0,464398464.0
2013-12-17,33.85,33.85,33.42,33.39,59008648.0,605712768.0
2013-12-16,34.01,34.27,33.72,33.59,71509328.0,740493824.0
2013-12-13,33.75,34.21,34.01,33.69,53512428.0,554470656.0
2013-12-12,34.05,34.34,34.05,33.98,54228316.0,565519360.0
2013-12-11,34.99,35.03,34.24,34.14,100706744.0,1060826240.0
2013-12-10,35.22,35.32,35.13,34.99,47614184.0,511051264.0
2013-12-09,35.35,35.52,35.06,34.93,78630408.0,843783296.0
2013-12-06,35.55,35.55,35.32,35.09,63600964.0,685480704.0
2013-12-05,35.85,35.98,35.58,35.45,81400832.0,886375040.0
2013-12-04,35.39,36.11,35.88,35.09,165835072.0,1810831488.0
2013-12-03,35.29,35.55,35.32,34.9,105269720.0,1130746368.0
2013-12-02,35.19,35.91,35.52,34.77,156705504.0,1695150976.0
2013-11-29,35.85,35.94,35.03,34.96,114516424.0,1235865216.0
2013-11-28,35.32,36.01,35.49,35.19,103222824.0,1123517568.0
2013-11-27,34.86,35.68,35.22,34.77,92206624.0,991527872.0
2013-11-26,35.19,35.49,35.09,34.9,52240224.0,560338624.0
2013-11-25,35.26,35.85,35.13,34.83,71328632.0,768156992.0
2013-11-22,36.04,36.14,35.39,35.26,107306304.0,1164864768.0
2013-11-21,36.27,36.3,36.04,35.26,129132936.0,1408267136.0
2013-11-20,37.12,37.29,36.57,36.27,101820016.0,1138509312.0
2013-11-19,37.42,37.48,36.7,36.53,103669464.0,1168347776.0
2013-11-18,35.78,37.48,37.42,35.35,175149024.0,1951342592.0
2013-11-15,34.9,36.11,35.72,34.9,98237200.0,1071104320.0
2013-11-14,35.58,35.91,34.83,34.41,118360832.0,1263529856.0
2013-11-13,36.47,36.6,35.72,35.68,95889432.0,1056766976.0
2013-11-12,36.47,37.09,36.96,36.27,83894696.0,943957824.0
2013-11-11,36.34,36.57,36.24,36.11,59553268.0,661222144.0
2013-11-08,36.44,36.8,36.3,36.14,66449080.0,739652032.0
2013-11-07,36.66,37.02,36.7,36.47,68775712.0,770260416.0
2013-11-06,36.86,37.09,36.63,36.3,129508624.0,1451688704.0
2013-11-05,38.04,38.04,37.61,36.73,123332080.0,1406552704.0
2013-11-04,39.22,39.55,38.37,38.27,70342016.0,833465600.0
2013-11-01,38.53,39.19,39.02,38.01,83146840.0,982663872.0
2013-10-31,39.28,39.64,38.5,38.2,120137504.0,1422903424.0
2013-10-30,39.28,39.84,39.77,38.73,162551232.0,1956649600.0
2013-10-29,38.14,40.33,39.58,38.04,252598000.0,3029804800.0
2013-10-28,38.33,38.43,37.78,37.38,71948912.0,831462080.0
2013-10-25,37.25,38.6,38.14,37.25,140558416.0,1635218688.0
2013-10-24,37.25,38.14,37.19,36.6,100813000.0,1154692736.0
2013-10-23,36.89,38.63,37.32,36.7,141875616.0,1635822080.0
2013-10-22,36.99,37.02,36.66,36.5,51036456.0,571825728.0
2013-10-21,36.6,37.25,37.12,36.11,69750632.0,782908032.0
2013-10-18,36.27,37.12,36.57,36.17,50290476.0,564285504.0
2013-10-17,36.73,36.89,36.24,36.08,50598072.0,561111680.0
2013-10-16,36.66,36.66,36.34,35.91,87065320.0,963238720.0
2013-10-15,37.48,37.55,36.7,36.5,71989056.0,809238912.0
2013-10-14,38.01,38.01,37.45,37.22,65295672.0,747643712.0
2013-10-11,37.09,38.43,38.01,36.93,115427448.0,1331328128.0
2013-10-10,38.14,38.24,36.7,36.53,91944200.0,1045991488.0
2013-10-09,36.86,38.92,37.91,36.66,111808440.0,1293466496.0
2013-10-08,36.44,37.16,36.83,35.42,92326384.0,1028576512.0
2013-09-30,36.96,37.25,36.57,36.4,57467500.0,644110208.0
2013-09-27,36.4,36.8,36.63,36.14,65696032.0,732310976.0
2013-09-26,36.99,37.02,36.44,36.04,122429664.0,1356306816.0
2013-09-25,37.42,38.1,37.02,36.89,88081008.0,1005846272.0
2013-09-24,38.79,38.83,37.48,36.86,159768224.0,1828857856.0
2013-09-23,38.96,39.28,38.86,37.97,118013920.0,1392454400.0
2013-09-18,38.83,39.55,38.66,38.3,106251312.0,1260960896.0
2013-09-17,39.87,40.49,38.86,38.79,131484400.0,1589240960.0
2013-09-16,40.76,41.12,39.87,39.19,179110320.0,2185192448.0
2013-09-13,41.22,41.64,40.23,39.77,150163984.0,1867780480.0
2013-09-12,40.0,43.41,41.54,39.45,313811328.0,3970493440.0
2013-09-11,40.66,41.67,40.3,40.04,190722176.0,2380798720.0
2013-09-10,41.25,41.38,40.63,39.61,285523904.0,3526052608.0
2013-09-09,37.84,41.08,41.08,37.84,354041504.0,4340513792.0
2013-09-06,36.53,37.78,37.35,36.4,90693216.0,1028437952.0
2013-09-05,36.76,37.06,36.66,36.5,56588148.0,635285632.0
2013-09-04,36.83,37.74,36.83,36.76,143085120.0,1628939520.0
2013-09-03,35.42,36.83,36.8,35.16,195601616.0,2164413440.0
2013-09-02,35.03,35.42,35.09,34.6,87166816.0,934257280.0
2013-08-30,34.83,35.29,34.77,34.31,78530440.0,834517952.0
2013-08-29,35.19,35.68,34.83,34.6,76618048.0,819818432.0
2013-08-28,34.6,35.09,34.7,34.34,96943416.0,1027286144.0
2013-08-27,34.9,35.49,35.06,34.5,83306248.0,890913984.0
2013-08-26,34.08,35.16,34.93,33.88,110434992.0,1170556544.0
2013-08-23,34.96,35.22,34.01,33.26,124619024.0,1301077248.0
2013-08-22,34.54,35.65,34.7,34.31,100567104.0,1077080704.0
2013-08-21,35.35,35.65,34.67,33.85,138236352.0,1462161920.0
2013-08-20,34.27,36.17,35.16,34.21,217908320.0,2350768896.0
2013-08-19,32.8,34.86,34.57,32.8,186120704.0,1929573120.0
2013-08-16,32.67,36.24,33.42,32.44,305088608.0,3182198272.0
2013-08-15,33.26,33.75,32.93,32.8,98406424.0,1000467392.0
2013-08-14,33.82,34.57,33.49,33.29,184000752.0,1910221952.0
2013-08-13,32.47,33.98,33.78,32.41,269349216.0,2720636672.0
2013-08-12,30.64,32.67,32.34,30.58,226460032.0,2201153536.0
2013-08-09,30.64,30.77,30.45,30.05,75252040.0,699637376.0
2013-08-08,30.48,30.77,30.35,30.18,65582380.0,609810112.0
2013-08-07,30.51,31.1,30.54,30.51,72324528.0,679786304.0
2013-08-06,30.48,30.87,30.58,30.15,72886032.0,678524864.0
2013-08-05,30.28,30.74,30.71,30.05,65820664.0,611346304.0
2013-08-02,30.67,30.87,30.22,30.12,77234216.0,720646336.0
2013-08-01,29.89,30.48,30.35,29.69,80188096.0,738608704.0
2013-07-31,30.31,30.94,29.66,29.63,74869120.0,687814656.0
2013-07-30,29.79,30.87,30.02,29.69,83916560.0,775021632.0
2013-07-29,30.05,30.09,29.89,29.27,112495224.0,1018038144.0
2013-07-26,30.51,30.8,30.58,30.28,48087400.0,449149984.0
2013-07-25,30.94,31.26,30.71,30.48,69381584.0,654650304.0
2013-07-24,31.1,31.36,30.74,30.28,108360592.0,1017064512.0
2013-07-23,30.71,32.34,31.56,30.28,125970384.0,1212601472.0
2013-07-22,30.05,30.74,30.45,29.73,118050616.0,1089241984.0
2013-07-19,31.66,31.95,30.67,30.61,114368920.0,1093518208.0
2013-07-18,33.0,33.13,31.72,31.59,138495696.0,1360224256.0
2013-07-17,33.39,33.72,33.06,32.87,83856552.0,853004032.0
2013-07-16,33.33,33.78,33.62,32.87,89531992.0,908633088.0
2013-07-15,33.1,34.41,33.59,32.8,127122016.0,1305059456.0
2013-07-12,34.05,34.27,32.97,32.77,226272544.0,2328675584.0
2013-07-11,32.08,34.05,34.05,31.82,365933024.0,3729231104.0
2013-07-10,30.02,31.03,30.94,29.99,81554352.0,760009600.0
2013-07-09,29.95,30.22,29.89,29.79,58974856.0,540583168.0
2013-07-08,29.89,30.61,29.76,29.56,76304352.0,700922496.0
2013-07-05,30.09,30.94,30.45,30.05,80791528.0,753318080.0
2013-07-04,29.33,30.61,29.89,28.68,113315064.0,1032661632.0
2013-07-03,29.79,30.05,29.53,29.04,81409648.0,734214016.0
2013-07-02,30.6,30.72,29.91,29.36,90398568.0,1286888448.0
2013-07-01,30.76,31.12,30.6,29.95,62833320.0,917622784.0
2013-06-28,29.49,31.18,30.93,29.3,104153560.0,1518553216.0
2013-06-27,29.32,29.86,29.59,29.21,101519584.0,1431323264.0
2013-06-26,29.59,29.65,29.13,28.67,123876576.0,1721986944.0
2013-06-25,28.4,29.28,29.17,26.83,200476608.0,2687083008.0
2013-06-24,32.06,32.06,29.09,29.09,230190896.0,3266633984.0
2013-06-21,32.12,32.73,32.31,31.62,92962456.0,1431851904.0
2013-06-20,33.72,33.74,32.69,32.46,108146568.0,1712602496.0
2013-06-19,34.55,34.55,33.97,33.84,84271176.0,1370388864.0
2013-06-18,34.43,35.06,34.85,34.43,62582028.0,1040059520.0
2013-06-17,34.72,34.81,34.2,34.03,54573836.0,895033408.0
2013-06-14,34.55,34.68,34.51,34.32,66040680.0,1088019584.0
2013-06-13,35.12,35.12,34.45,34.26,98643736.0,1623141760.0
2013-06-07,36.31,36.56,35.69,35.48,75305384.0,1291115136.0
2013-06-06,37.13,37.13,36.31,36.23,93373144.0,1628875776.0
2013-06-05,38.39,38.49,37.44,37.07,91285928.0,1641966464.0
2013-06-04,38.58,38.89,38.45,38.37,46205668.0,850127168.0
2013-06-03,38.91,39.04,38.55,38.37,45671792.0,844382080.0
2013-05-31,39.22,39.56,38.83,38.72,57716288.0,1078967040.0
2013-05-30,38.99,39.43,39.1,38.81,59357632.0,1109455872.0
2013-05-29,39.37,39.91,39.22,39.16,98728280.0,1861276032.0
2013-05-28,38.3,39.52,39.24,38.09,99408096.0,1841293184.0
2013-05-27,38.53,38.78,38.32,38.22,57200832.0,1049283328.0
2013-05-24,38.45,39.06,38.6,38.26,51315244.0,947820096.0
2013-05-23,38.95,39.37,38.41,38.32,70431000.0,1307737984.0
2013-05-22,38.68,39.33,39.22,38.53,70853000.0,1316019200.0
2013-05-21,38.74,39.08,38.68,38.24,63483384.0,1170566144.0
2013-05-20,37.86,39.43,38.89,37.86,120764672.0,2236171264.0
2013-05-17,37.7,38.03,37.74,37.11,110888200.0,1996266496.0
2013-05-16,37.4,38.22,37.93,36.12,149950048.0,2660964096.0
2013-05-15,37.59,37.82,37.4,37.17,52897176.0,946749120.0
2013-05-14,37.61,37.76,37.47,37.11,66992616.0,1198724480.0
2013-05-13,38.22,38.43,37.59,37.51,81302904.0,1466307328.0
2013-05-10,38.07,38.49,38.24,37.82,59999416.0,1092392704.0
2013-05-09,38.58,38.66,38.16,37.74,67250936.0,1225504256.0
2013-05-08,39.04,39.56,38.58,38.26,86846920.0,1611382528.0
2013-05-07,39.08,39.14,38.74,38.3,67798392.0,1251681792.0
2013-05-06,39.22,39.85,39.29,38.83,65602536.0,1234432896.0
2013-05-03,38.32,40.0,38.99,38.26,104656624.0,1961306368.0
2013-05-02,37.65,38.18,38.13,37.34,54075920.0,976367168.0
2013-04-26,38.55,39.06,38.03,37.88,71264376.0,1309559936.0
2013-04-25,38.7,38.99,38.18,37.7,78849248.0,1441000448.0
2013-04-24,38.3,39.75,38.95,37.28,135222800.0,2489790720.0
2013-04-23,39.79,39.79,38.16,38.05,147011200.0,2717467392.0
2013-04-22,37.93,38.95,38.89,37.93,98478384.0,1808010752.0
2013-04-19,36.02,38.53,38.09,35.96,148872192.0,2661323008.0
2013-04-18,34.6,36.29,36.04,34.13,103824664.0,1742879488.0
2013-04-17,35.81,36.02,35.58,35.12,68945192.0,1170325248.0
2013-04-16,36.54,36.61,36.21,34.99,116775152.0,1993546752.0
2013-04-15,36.86,37.26,36.82,36.23,45511856.0,798083456.0
2013-04-12,36.75,37.59,37.03,36.69,78594592.0,1397916416.0
2013-04-11,36.52,37.07,36.96,36.52,99347920.0,1749516160.0
2013-04-10,36.4,36.56,36.15,35.73,55599932.0,958306752.0
2013-04-09,36.21,37.17,36.38,36.02,74993568.0,1309935488.0
2013-04-08,35.18,36.17,36.15,34.93,79410440.0,1348364160.0
2013-04-03,35.48,36.21,35.92,35.43,99152208.0,1695990272.0
2013-04-02,36.23,36.52,35.29,34.91,110497168.0,1881364480.0
2013-04-01,36.08,36.65,36.02,36.0,79009896.0,1369439232.0
2013-03-29,36.86,37.05,36.23,35.71,198040000.0,3421679360.0
2013-03-28,37.47,38.45,37.42,37.42,365744992.0,6575040512.0
2013-03-27,41.09,42.05,41.59,40.8,77895936.0,1543550592.0
2013-03-26,41.57,41.72,40.98,40.59,96212512.0,1883530752.0
2013-03-25,42.72,43.24,41.99,41.74,72206024.0,1460861824.0
2013-03-22,41.99,43.04,42.37,41.91,69860424.0,1416917376.0
2013-03-21,42.13,42.7,42.03,41.7,107572720.0,2165312000.0
2013-03-20,39.62,42.11,42.05,39.6,193662208.0,3812480768.0
2013-03-19,38.83,39.81,39.54,38.45,91608112.0,1714017152.0
2013-03-18,39.18,40.21,38.74,38.64,108577280.0,2042337536.0
2013-03-15,38.85,41.49,39.18,38.51,172709472.0,3291284480.0
2013-03-14,38.78,39.48,38.83,38.18,61343064.0,1140901376.0
2013-03-13,38.83,39.54,38.81,38.55,77121552.0,1432794624.0
2013-03-12,39.98,40.35,38.85,38.32,101649576.0,1897958528.0
2013-03-11,41.28,41.28,39.98,39.39,77582896.0,1489587968.0
2013-03-08,41.8,42.34,41.28,41.07,93210440.0,1850956160.0
2013-03-07,42.49,43.02,41.74,40.9,141132224.0,2834575872.0
2013-03-06,42.58,43.41,43.06,41.93,140656080.0,2873901056.0
2013-03-05,38.41,42.24,42.22,38.41,176221664.0,3400344320.0
2013-03-04,40.9,40.92,38.41,37.99,207091536.0,3894780160.0
2013-03-01,41.78,42.49,42.22,40.86,167518272.0,3349220864.0
2013-02-28,40.35,41.7,41.61,39.62,176403600.0,3426628608.0
2013-02-27,38.34,40.17,39.62,38.34,116197192.0,2191095808.0
2013-02-26,37.49,39.96,38.26,37.34,167368480.0,3112250112.0
2013-02-25,37.17,38.28,37.8,37.17,78469672.0,1419353856.0
2013-02-22,37.7,38.07,36.92,36.65,90576080.0,1619710592.0
2013-02-21,39.37,39.37,37.76,37.07,180058848.0,3277494272.0
2013-02-20,41.05,41.07,40.04,38.78,110382976.0,2091698304.0
2013-02-19,41.17,41.78,40.96,40.67,59455424.0,1167947392.0
2013-02-18,41.32,42.07,41.26,40.75,81899624.0,1628060672.0
2013-02-08,41.21,41.61,41.05,39.98,109392192.0,2135251328.0
2013-02-07,42.97,43.02,41.47,40.42,167489008.0,3319824896.0
2013-02-06,42.55,43.77,43.2,42.2,79303576.0,1629690496.0
2013-02-05,42.55,43.27,42.58,41.74,95056000.0,1927748224.0
2013-02-04,43.73,44.98,43.22,42.76,120252400.0,2514083584.0
2013-02-01,41.76,43.45,43.24,41.23,113874552.0,2315697152.0
2013-01-31,41.67,42.2,41.72,41.15,72755912.0,1440695680.0
2013-01-30,41.82,42.09,41.67,41.19,113941128.0,2265638912.0
2013-01-29,41.42,42.32,42.03,40.67,132316328.0,2620975104.0
2013-01-28,39.12,41.44,41.32,38.95,157971312.0,3040898048.0
2013-01-25,38.55,39.04,38.39,37.78,68433136.0,1252506752.0
2013-01-24,38.43,40.31,38.51,37.86,146212496.0,2739725312.0
2013-01-23,37.59,38.51,38.43,37.51,61294808.0,1113150080.0
2013-01-22,37.61,39.04,37.86,37.23,123958296.0,2258965760.0
2013-01-21,36.46,38.09,37.78,36.02,134810000.0,2392954112.0
2013-01-18,35.81,36.82,36.25,35.37,112496064.0,1937351424.0
2013-01-17,35.35,35.91,35.69,34.81,94651000.0,1595496832.0
2013-01-16,36.23,36.35,35.56,34.97,100445688.0,1704523392.0
2013-01-15,36.21,36.65,36.23,36.02,79347792.0,1376045696.0
2013-01-14,34.03,36.46,36.17,34.03,148221184.0,2509223680.0
2013-01-11,35.18,35.29,34.09,33.74,114170384.0,1879810432.0
2013-01-10,35.52,35.75,35.04,34.85,90211072.0,1518584320.0
2013-01-09,35.5,35.75,35.16,34.76,88960832.0,1498709632.0
2013-01-08,36.35,36.52,35.64,35.18,106055944.0,1805135104.0
2013-01-07,35.14,36.86,36.35,34.66,122506488.0,2112016768.0
2013-01-04,35.62,36.19,35.16,34.66,118790528.0,2006566016.0
2012-12-31,34.34,35.27,34.95,34.32,87142720.0,1449758464.0
2012-12-28,33.63,34.51,34.24,33.57,77648680.0,1265665664.0
2012-12-27,34.26,34.51,33.63,33.49,84449408.0,1364738304.0
2012-12-26,34.12,34.32,34.16,33.82,77624008.0,1262112256.0
2012-12-25,32.19,34.41,34.26,32.08,124936136.0,2001189632.0
2012-12-24,31.83,33.05,32.35,31.79,81032480.0,1257335296.0
2012-12-21,31.94,32.23,31.92,31.43,73989232.0,1122825728.0
2012-12-20,31.83,32.08,31.92,31.31,93277744.0,1414730240.0
2012-12-19,32.04,32.61,32.15,31.85,73247336.0,1125955456.0
2012-12-18,31.98,32.84,32.1,31.75,113038008.0,1745852800.0
2012-12-17,32.38,32.5,32.04,31.73,125736744.0,1930287232.0
2012-12-14,29.15,32.08,31.83,29.15,170600784.0,2504201984.0
2012-12-13,29.51,29.7,29.17,29.13,56706712.0,797227648.0
2012-12-12,29.53,30.03,29.65,29.36,71919952.0,1019705856.0
2012-12-11,29.53,29.8,29.4,29.34,63178688.0,891578496.0
2012-12-10,29.7,29.86,29.7,29.4,146303200.0,2072786304.0
2012-12-07,28.63,29.53,29.49,28.46,173243264.0,2413262848.0
2012-12-06,28.08,28.98,28.5,28.08,125209352.0,1709429504.0
2012-12-05,26.7,28.34,28.23,26.7,190074832.0,2527162624.0
2012-12-04,25.99,26.68,26.6,25.97,48761272.0,612943232.0
2012-12-03,26.47,26.55,26.11,26.07,53977024.0,677015296.0
2012-11-30,26.09,26.53,26.51,25.99,39047368.0,490453216.0
2012-11-29,26.34,26.6,26.3,26.26,27299900.0,344214624.0
2012-11-28,26.3,26.64,26.34,26.22,38509984.0,486210688.0
2012-11-27,26.18,26.62,26.34,26.16,42544828.0,537079488.0
2012-11-26,26.3,26.37,26.3,26.14,24316030.0,304852576.0
2012-11-23,26.09,26.49,26.3,26.01,34348068.0,431756800.0
2012-11-22,26.01,26.09,25.97,25.84,20426358.0,253270320.0
2012-11-21,25.7,26.18,26.18,25.61,31847204.0,394083520.0
2012-11-20,26.05,26.18,25.76,25.68,29525402.0,364952640.0
2012-11-19,25.82,25.97,25.93,25.7,29521192.0,363759744.0
2012-11-16,26.03,26.14,25.82,25.74,24894512.0,307553344.0
2012-11-15,26.28,26.34,26.07,26.03,20853272.0,260813536.0
2012-11-14,26.28,26.49,26.41,26.22,20583598.0,259008832.0
2012-11-13,26.76,26.79,26.24,26.2,33701608.0,425001216.0
2012-11-12,26.47,26.97,26.79,26.43,60076520.0,766810240.0
2012-11-09,26.24,26.41,26.34,26.14,21126176.0,265238048.0
2012-11-08,26.39,26.55,26.2,26.16,28342746.0,356745344.0
2012-11-07,26.6,26.76,26.57,26.47,28457300.0,361452832.0
2012-11-06,26.85,26.85,26.62,26.34,44384968.0,562176064.0
2012-11-05,26.66,26.97,26.83,26.64,59736116.0,765479488.0
2012-11-02,26.55,26.72,26.66,26.41,36838456.0,467312544.0
2012-11-01,26.03,26.76,26.49,25.99,63292956.0,800233088.0
2012-10-31,25.86,26.09,25.97,25.72,53080816.0,657828992.0
2012-10-30,25.53,25.7,25.63,25.23,25378324.0,308775616.0
2012-10-29,25.4,25.76,25.53,25.28,22872148.0,278154208.0
2012-10-26,25.84,25.91,25.53,25.4,29298296.0,357883968.0
2012-10-25,25.97,26.11,25.8,25.76,16604923.0,205481600.0
2012-10-24,25.86,26.11,25.93,25.8,19193288.0,238274224.0
2012-10-23,26.3,26.41,25.95,25.93,27632830.0,344748544.0
2012-10-22,25.95,26.47,26.34,25.88,32233876.0,403364672.0
2012-10-19,26.07,26.18,26.03,25.99,20237070.0,251765344.0
2012-10-18,25.93,26.18,26.09,25.84,36196948.0,450285856.0
2012-10-17,25.8,25.99,25.84,25.7,27213504.0,335747456.0
2012-10-16,25.55,25.86,25.74,25.51,33680544.0,413881440.0
2012-10-15,25.61,25.65,25.51,25.32,17687368.0,215350112.0
2012-10-12,25.4,25.82,25.57,25.4,44323552.0,542935808.0
2012-10-11,25.28,25.49,25.36,25.15,26102692.0,315911360.0
2012-10-10,25.36,25.42,25.36,25.23,20690416.0,250104592.0
2012-10-09,25.09,25.57,25.38,25.05,36782792.0,445888128.0
2012-10-08,25.15,25.3,24.96,24.86,19819964.0,237083360.0
2012-09-28,24.84,25.23,25.15,24.75,38397516.0,457807936.0
2012-09-27,24.4,25.45,24.92,24.4,39791284.0,473981984.0
2012-09-26,24.42,24.57,24.4,24.29,17832574.0,207850960.0
2012-09-25,24.54,24.65,24.42,24.38,15528786.0,181455504.0
2012-09-24,24.54,24.73,24.52,24.27,28415520.0,331828992.0
2012-09-21,24.65,24.8,24.59,24.54,25872652.0,304537792.0
2012-09-20,24.94,25.03,24.69,24.63,34559080.0,410030880.0
2012-09-19,24.98,25.15,25.07,24.9,23631880.0,282131456.0
2012-09-18,25.13,25.19,25.03,24.9,25396388.0,303867040.0
2012-09-17,25.55,25.57,25.19,25.11,32524776.0,393943104.0
2012-09-14,25.51,25.76,25.63,25.38,41111140.0,502327840.0
2012-09-13,25.61,25.61,25.4,25.36,20168530.0,245388400.0
2012-09-12,25.68,25.82,25.59,25.36,25650100.0,313435168.0
2012-09-11,25.61,25.63,25.55,25.36,32624416.0,397011744.0
2012-09-10,25.78,25.93,25.68,25.57,47037720.0,577369408.0
2012-09-07,25.28,26.3,25.86,25.15,92037048.0,1133919232.0
2012-09-06,25.0,25.19,25.13,24.82,38804296.0,463161600.0
2012-09-05,25.32,25.36,25.0,24.8,48702520.0,579991872.0
2012-09-04,25.78,25.8,25.38,25.23,37663304.0,457878496.0
2012-09-03,25.78,25.86,25.74,25.65,34231484.0,420789536.0
2012-08-31,25.93,26.09,25.78,25.76,16229812.0,200906224.0
2012-08-30,25.42,25.99,25.95,25.42,28902520.0,356757856.0
2012-08-29,25.59,25.82,25.68,25.49,18402056.0,225392096.0
2012-08-28,25.23,25.84,25.72,25.23,29393552.0,358383776.0
2012-08-27,25.57,25.57,25.23,25.19,30994838.0,375110496.0
2012-08-24,25.7,25.76,25.59,25.55,28580908.0,349640736.0
2012-08-23,25.76,25.91,25.76,25.55,31974220.0,393076096.0
2012-08-22,26.07,26.14,25.8,25.61,39891356.0,490531936.0
2012-08-21,26.14,26.26,26.09,25.95,25347214.0,315906624.0
2012-08-20,26.18,26.28,26.14,25.91,19716964.0,245214144.0
2012-08-17,26.07,26.39,26.3,26.01,21434344.0,268448672.0
2012-08-16,26.2,26.28,26.07,25.99,24519000.0,305337280.0
2012-08-15,26.79,26.81,26.24,26.22,30657970.0,386600736.0
2012-08-14,26.51,26.81,26.81,26.43,28690296.0,365002944.0
2012-08-13,26.64,26.87,26.55,26.53,39493540.0,503386848.0
2012-08-10,26.91,27.1,26.64,26.62,55246492.0,710238208.0
2012-08-09,26.49,26.64,26.6,26.28,24427646.0,308722528.0
2012-08-08,26.16,26.55,26.49,26.14,32264492.0,406990688.0
2012-08-07,26.18,26.24,26.16,26.05,21011236.0,262199184.0
2012-08-06,26.2,26.28,26.22,26.01,34020668.0,424973344.0
2012-08-03,26.18,26.22,26.2,25.97,21868720.0,272340160.0
2012-08-02,26.07,26.37,26.18,25.91,35982220.0,449195456.0
2012-08-01,26.16,26.28,26.11,25.95,33955564.0,422312672.0
2012-07-31,25.88,26.32,26.14,25.86,43019368.0,536925504.0
2012-07-30,25.63,26.18,25.84,25.55,54175592.0,670854528.0
2012-07-27,25.05,25.8,25.51,25.03,68048968.0,829684544.0
2012-07-26,25.05,25.23,24.92,24.9,19812950.0,237405536.0
2012-07-25,24.96,25.28,25.0,24.92,20847132.0,249856656.0
2012-07-24,24.92,25.21,25.0,24.82,26785000.0,319888384.0
2012-07-23,25.38,25.38,25.05,24.82,36711268.0,439656544.0
2012-07-20,25.65,25.65,25.51,25.42,36609308.0,445908576.0
2012-07-19,25.68,25.86,25.78,25.51,41030944.0,503927968.0
2012-07-18,25.78,25.78,25.68,25.36,33000368.0,402920192.0
2012-07-17,25.7,25.88,25.8,25.7,23964096.0,294945344.0
2012-07-16,26.01,26.03,25.68,25.61,30274296.0,372149696.0
2012-07-13,25.82,26.3,25.97,25.78,35437936.0,440184768.0
2012-07-12,26.18,26.18,25.99,25.4,87724024.0,1075819264.0
2012-07-11,26.03,26.22,26.09,25.99,25228728.0,314819040.0
2012-07-10,26.11,26.39,26.05,25.95,27884052.0,347915712.0
2012-07-09,26.87,26.99,26.11,26.07,44707096.0,565177600.0
2012-07-06,26.7,27.12,27.02,26.57,51941080.0,666522624.0
2012-07-05,27.37,27.48,27.25,26.95,34470408.0,447407136.0
2012-07-04,27.43,27.83,27.52,27.27,30968352.0,407155488.0
2012-07-03,27.14,27.54,27.37,27.08,32754712.0,427878112.0
2012-07-02,27.27,27.29,27.16,26.95,25516444.0,330262976.0
2012-06-29,26.41,27.33,27.18,26.41,39400408.0,508689920.0
2012-06-28,26.72,26.83,26.49,26.41,20242952.0,258016832.0
2012-06-27,26.79,26.97,26.7,26.62,20999996.0,268460608.0
2012-06-26,26.72,27.06,26.83,26.6,27079872.0,347200032.0
2012-06-25,26.68,27.06,26.81,26.55,40772708.0,523719200.0
2012-06-21,27.06,27.16,26.74,26.66,26401432.0,338387136.0
2012-06-20,27.08,27.43,27.16,26.99,36722008.0,477131296.0
2012-06-19,26.97,27.29,27.04,26.76,47694720.0,614351680.0
2012-06-18,27.06,27.16,27.04,26.89,40032296.0,516427456.0
2012-06-15,26.16,27.33,27.12,26.14,110094568.0,1408330880.0
2012-06-14,26.26,26.43,26.05,25.99,37795672.0,473851488.0
2012-06-13,26.37,26.6,26.41,25.95,53617740.0,673090304.0
2012-06-12,26.18,26.76,26.24,25.74,89052256.0,1113213056.0
2012-06-11,26.45,26.57,26.34,26.18,47924892.0,603949248.0
2012-06-08,27.2,27.23,26.41,26.34,92348976.0,1172880896.0
2012-06-07,27.75,27.81,27.35,27.27,28659992.0,376720576.0
2012-06-06,27.45,27.66,27.58,27.33,32458992.0,426093120.0
2012-06-05,27.39,27.52,27.41,27.18,32226294.0,420764352.0
2012-06-04,27.73,27.73,27.35,27.31,52211280.0,686608704.0
2012-06-01,28.0,28.17,27.98,27.79,42348924.0,565430272.0
2012-05-31,27.92,28.08,27.92,27.85,34624108.0,462310848.0
2012-05-30,28.36,28.48,28.17,27.89,65543344.0,879209216.0
2012-05-29,27.96,28.54,28.52,27.79,64706072.0,870003392.0
2012-05-28,27.75,28.08,28.06,27.71,38924040.0,518718752.0
2012-05-25,27.94,28.12,27.83,27.71,28401486.0,378368416.0
2012-05-24,28.25,28.34,27.87,27.77,46660112.0,624519552.0
2012-05-23,28.59,28.65,28.25,28.1,32296740.0,436953888.0
2012-05-22,28.36,28.71,28.63,28.27,32601360.0,444126784.0
2012-05-21,28.15,28.42,28.23,28.06,26813156.0,361497440.0
2012-05-18,28.23,28.29,28.1,27.96,36846164.0,493926496.0
2012-05-17,28.17,28.61,28.46,28.04,38431640.0,520402304.0
2012-05-16,28.67,28.69,28.06,28.04,46029164.0,621613312.0
2012-05-15,28.71,28.77,28.69,28.4,40764900.0,556678720.0
2012-05-14,29.34,29.38,28.88,28.84,51269032.0,713098368.0
2012-05-11,29.26,29.46,29.13,29.03,36085248.0,503574848.0
2012-05-10,29.34,29.57,29.21,29.07,39725344.0,555412992.0
2012-05-09,29.8,29.93,29.32,29.28,55035752.0,775953600.0
2012-05-08,29.91,30.05,30.05,29.7,55618332.0,793743872.0
2012-05-07,29.8,29.99,29.95,29.65,66059136.0,941408064.0
2012-05-04,29.36,29.93,29.89,29.27,73713016.0,1070734272.0
2012-05-03,29.64,29.76,29.4,29.27,64621448.0,932458048.0
2012-05-02,29.66,29.97,29.64,29.48,102204328.0,1488341504.0
2012-04-27,29.11,29.44,29.21,29.11,47696856.0,683421568.0
2012-04-26,29.6,29.76,29.07,28.82,87479024.0,1252957056.0
2012-04-25,28.68,29.23,29.11,28.64,69661176.0,990005376.0
2012-04-24,28.27,29.72,28.82,28.27,125912864.0,1794553856.0
2012-04-23,28.4,28.82,28.4,28.09,57990184.0,808735104.0
2012-04-20,27.72,28.54,28.44,27.7,74220528.0,1026620736.0
2012-04-19,27.35,27.84,27.7,27.27,58824040.0,794091520.0
2012-04-18,26.95,27.52,27.44,26.91,35313468.0,471901760.0
2012-04-17,27.13,27.21,26.89,26.84,26372854.0,348420896.0
2012-04-16,27.25,27.33,27.13,27.07,25108638.0,334034336.0
2012-04-13,27.5,27.64,27.39,27.25,38269936.0,513798016.0
2012-04-12,26.86,27.56,27.52,26.74,57477752.0,765251968.0
2012-04-11,26.7,27.07,26.86,26.62,29239550.0,384859232.0
2012-04-10,26.72,27.01,26.97,26.44,47846120.0,625332544.0
2012-04-06,27.09,27.15,27.03,26.78,56238192.0,743031232.0
2012-04-05,27.13,27.21,27.09,26.66,55913928.0,739041408.0
2012-03-30,26.91,27.23,27.19,26.86,28867304.0,382610048.0
2012-03-29,27.05,27.25,26.78,26.74,49130736.0,649343168.0
2012-03-28,27.99,28.03,27.29,27.13,39291432.0,532534976.0
2012-03-27,28.13,28.15,28.03,27.82,22995576.0,315227328.0
2012-03-26,27.82,28.13,28.05,27.66,33541000.0,459025088.0
2012-03-23,27.72,27.99,27.74,27.64,34138684.0,464493568.0
2012-03-22,27.54,28.09,27.8,27.38,35168664.0,478130048.0
2012-03-21,27.66,27.74,27.46,27.38,32819612.0,442911968.0
2012-03-20,27.82,27.82,27.44,27.42,33025400.0,446032000.0
2012-03-19,27.82,27.97,27.84,27.58,34155476.0,464924000.0
2012-03-16,27.8,28.01,27.99,27.6,36895828.0,502932064.0
2012-03-15,27.8,28.21,27.78,27.76,42052764.0,576063808.0
2012-03-14,28.54,28.68,27.78,27.66,78672712.0,1090587008.0
2012-03-13,27.8,28.36,28.25,27.8,50300196.0,693873792.0
2012-03-12,28.17,28.19,27.8,27.6,71380272.0,973223680.0
2012-03-09,28.4,28.46,28.21,28.05,52411272.0,723746304.0
2012-03-08,28.09,28.44,28.31,28.09,40306032.0,558132928.0
2012-03-07,28.03,28.48,28.05,28.01,49992208.0,692048192.0
2012-03-06,28.58,28.89,28.33,27.99,138121440.0,1927344512.0
2012-02-27,29.46,29.52,29.21,29.13,99420336.0,1427614848.0
2012-02-24,28.86,29.36,29.31,28.78,85624960.0,1218914560.0
2012-02-23,28.78,28.95,28.82,28.68,49942380.0,704285632.0
2012-02-22,28.78,28.97,28.84,28.48,68784272.0,966387968.0
2012-02-21,28.68,28.86,28.78,28.46,31832494.0,446860000.0
2012-02-20,29.38,29.38,28.66,28.6,63675272.0,903146304.0
2012-02-17,28.95,29.05,28.82,28.54,33292960.0,470428928.0
2012-02-16,28.78,29.01,28.72,28.48,44286100.0,623521152.0
2012-02-15,28.64,29.09,28.78,28.42,65343552.0,920194624.0
2012-02-14,28.66,28.86,28.74,28.56,36047104.0,506154624.0
2012-02-13,28.78,29.11,28.84,28.46,52164848.0,735327296.0
2012-02-10,29.36,29.66,29.07,28.89,47773356.0,685576512.0
2012-02-09,29.44,29.72,29.44,29.29,51921552.0,750352256.0
2012-02-08,28.72,29.54,29.46,28.64,70191504.0,1002734144.0
2012-02-07,28.72,28.78,28.62,28.5,47809056.0,670600704.0
2012-02-06,28.99,29.31,28.93,28.64,49953304.0,708252032.0
2012-02-03,28.8,29.38,28.95,28.68,74336648.0,1056510784.0
2012-02-02,27.76,28.93,28.89,27.62,81882448.0,1138729856.0
2012-02-01,28.19,28.44,27.68,27.66,38790932.0,531671840.0
2012-01-31,28.25,28.46,28.29,28.05,29655404.0,409706464.0
2012-01-30,28.68,28.68,28.23,28.19,59952828.0,835855616.0
2012-01-20,28.15,28.82,28.68,27.97,79116464.0,1100644352.0
2012-01-19,27.54,28.13,28.13,27.5,83951960.0,1146262912.0
2012-01-18,27.82,27.84,27.42,27.29,47632220.0,641927744.0
2012-01-17,27.27,27.84,27.76,26.76,94865632.0,1276200832.0
2012-01-16,26.97,27.7,27.19,26.91,52900036.0,710374848.0
2012-01-13,27.17,27.35,27.11,26.86,57388568.0,762642048.0
2012-01-12,26.84,27.42,27.15,26.84,94476384.0,1259441536.0
2012-01-11,26.89,26.91,26.58,26.5,65305524.0,852010752.0
2012-01-10,26.66,27.01,26.84,26.54,80289624.0,1052076288.0
2012-01-09,26.07,26.84,26.62,25.99,89679312.0,1164720640.0
2012-01-06,25.86,26.17,26.11,25.72,50166028.0,638925504.0
2012-01-05,25.54,26.38,25.95,25.52,91364288.0,1166513152.0
2012-01-04,25.82,25.89,25.52,25.48,40528548.0,510576576.0
2011-12-30,25.33,25.58,25.56,25.27,41362972.0,515305664.0
2011-12-29,25.07,25.33,25.19,24.95,26425640.0,326300288.0
2011-12-28,25.19,25.25,25.11,24.82,32877974.0,403608384.0
2011-12-27,25.21,25.54,25.19,25.13,31195086.0,386606944.0
2011-12-26,25.41,25.64,25.29,25.27,22843506.0,284657696.0
2011-12-23,25.56,25.74,25.56,25.33,32733468.0,409898272.0
2011-12-22,25.15,25.66,25.62,25.07,50972584.0,633101184.0
2011-12-21,25.64,25.82,25.29,25.23,35924552.0,450784736.0
2011-12-20,25.09,25.78,25.41,25.09,52173056.0,652274240.0
2011-12-19,24.91,25.21,25.19,24.68,44275460.0,539475200.0
2011-12-16,24.6,25.15,25.09,24.5,41420640.0,503438624.0
2011-12-15,24.91,25.07,24.62,24.56,43033752.0,521442720.0
2011-12-14,25.01,25.15,25.03,24.84,21251564.0,260642400.0
2011-12-13,25.44,25.6,24.99,24.91,41112488.0,508989152.0
2011-12-12,25.56,25.64,25.5,25.44,16437774.0,205813936.0
2011-12-09,25.66,25.95,25.58,25.46,30827028.0,387111072.0
2011-12-08,25.78,25.93,25.82,25.52,27060094.0,341406208.0
2011-12-07,25.7,25.95,25.8,25.46,28835992.0,363290272.0
2011-12-06,25.72,25.97,25.66,25.62,32735664.0,413834784.0
2011-12-05,25.72,26.23,25.76,25.54,48988140.0,621999488.0
2011-12-02,25.56,25.84,25.7,25.41,34765348.0,436330240.0
2011-12-01,25.66,26.15,25.64,25.6,95950368.0,1215902848.0
2011-11-30,25.41,25.5,24.88,24.78,38121084.0,467949792.0
2011-11-29,25.46,25.62,25.58,25.27,27445100.0,342321984.0
2011-11-28,25.39,25.44,25.27,25.17,22431694.0,277864288.0
2011-11-25,25.52,25.54,25.27,25.19,26221676.0,325318592.0
2011-11-24,25.19,25.76,25.54,25.17,29780916.0,372553472.0
2011-11-23,25.68,25.7,25.44,25.25,34124252.0,425734400.0
2011-11-22,25.39,25.76,25.7,25.33,25216772.0,316315456.0
2011-11-21,25.58,25.62,25.62,25.21,28906064.0,359796160.0
2011-11-18,25.56,25.91,25.6,25.5,31554264.0,395981344.0
2011-11-17,25.86,25.97,25.78,25.72,26172704.0,331234496.0
2011-11-16,26.68,26.72,25.82,25.6,70414688.0,899125696.0
2011-11-15,26.86,26.89,26.68,26.6,30470670.0,398699456.0
2011-11-14,26.74,27.01,26.91,26.54,54647516.0,718718720.0
2011-11-11,26.62,26.7,26.41,26.35,27284632.0,354568576.0
2011-11-10,26.84,26.95,26.48,26.44,70219152.0,917324480.0
2011-11-09,26.95,27.15,27.11,26.74,38269956.0,505264864.0
2011-11-08,26.89,27.05,26.84,26.72,37989216.0,499579040.0
2011-11-07,27.15,27.25,26.82,26.68,66257068.0,872363904.0
2011-11-04,27.56,27.6,27.36,27.19,49418644.0,662953984.0
2011-11-03,27.68,27.68,27.29,27.17,95381800.0,1281572864.0
2011-11-02,26.72,27.7,27.68,26.62,69018720.0,915920768.0
2011-11-01,26.95,27.6,27.15,26.86,44831936.0,598935104.0
2011-10-31,27.46,27.6,27.15,27.05,48594520.0,648841024.0
2011-10-28,27.5,27.84,27.58,27.35,79161728.0,1069000640.0
2011-10-27,26.95,27.15,27.07,26.82,40975408.0,541965504.0
2011-10-26,26.64,27.33,26.84,26.58,86314936.0,1142911616.0
2011-10-25,26.44,27.03,26.78,26.31,82729672.0,1082100608.0
2011-10-24,25.62,26.7,26.39,25.41,65667216.0,842746304.0
2011-10-21,25.09,25.82,25.56,25.09,47211764.0,591098432.0
2011-10-20,25.58,25.64,25.15,24.84,40974944.0,505404000.0
2011-10-19,25.78,26.01,25.72,25.66,28498306.0,359971680.0
2011-10-18,26.05,26.13,25.66,25.6,33021412.0,417963360.0
2011-10-17,26.03,26.56,26.25,26.01,33982784.0,438180736.0
2011-10-14,26.07,26.19,26.05,25.72,26163812.0,332914240.0
2011-10-13,25.99,26.23,26.13,25.93,43055824.0,550050496.0
2011-10-12,25.05,26.31,26.07,24.91,68960816.0,873415360.0
2011-10-11,25.62,25.8,25.11,24.88,57814416.0,718362240.0
2011-10-10,25.31,25.39,24.78,24.72,30005346.0,367200224.0
2011-09-30,25.25,25.64,25.29,25.17,38242792.0,475827488.0
2011-09-29,24.97,25.46,25.19,24.86,29748576.0,366982688.0
2011-09-28,25.54,25.72,25.17,25.07,23146276.0,287615552.0
2011-09-27,25.46,25.54,25.37,25.11,27434384.0,340760064.0
2011-09-26,25.62,26.01,25.13,24.95,51753944.0,643833216.0
2011-09-23,25.86,26.13,25.99,25.52,38723404.0,489029696.0
2011-09-22,26.64,26.84,26.15,26.09,46330696.0,599444416.0
2011-09-21,26.19,27.09,26.93,25.99,57290556.0,751081280.0
2011-09-20,25.91,26.35,26.21,25.72,20365718.0,259877120.0
2011-09-19,26.27,26.39,25.93,25.91,29973304.0,383970976.0
2011-09-16,26.72,26.89,26.62,26.5,29624940.0,387471424.0
2011-09-15,26.74,26.86,26.54,26.5,26451892.0,345720064.0
2011-09-14,26.78,26.91,26.76,26.23,30376082.0,395314848.0
2011-09-13,26.5,26.86,26.74,26.33,26783016.0,349391232.0
2011-09-09,27.05,27.39,26.99,26.78,35730528.0,474375168.0
2011-09-08,27.21,27.27,26.93,26.89,23870654.0,316179680.0
2011-09-07,26.68,27.25,27.13,26.52,45842000.0,605193472.0
2011-09-06,26.29,26.58,26.52,26.23,28690112.0,371128544.0
2011-09-05,26.68,26.8,26.54,26.33,37035476.0,480960832.0
2011-09-02,27.23,27.29,26.91,26.74,34873516.0,460350208.0
2011-09-01,27.13,27.5,27.33,27.05,47950600.0,641904512.0
2011-08-31,26.8,27.31,27.21,26.7,55385384.0,734276544.0
2011-08-30,27.05,27.48,26.84,26.74,78319672.0,1040383616.0
2011-08-29,27.42,27.54,26.82,26.74,114029272.0,1507269248.0
2011-08-26,27.86,28.07,27.95,27.58,71429248.0,972721408.0
2011-08-25,26.7,28.15,28.11,26.6,162857472.0,2204777472.0
2011-08-24,26.97,27.27,26.54,26.44,69183072.0,912112320.0
2011-08-23,26.05,26.74,26.68,25.74,52096872.0,674369408.0
2011-08-22,26.27,26.62,25.89,25.52,29026990.0,371473536.0
2011-08-19,26.13,26.44,26.27,25.99,38878984.0,498145440.0
2011-08-18,27.11,27.15,26.56,26.39,44192792.0,577791680.0
2011-08-17,27.25,27.39,27.07,26.97,31172108.0,414617280.0
2011-08-16,27.21,27.7,27.23,27.05,79244728.0,1064139264.0
2011-08-15,26.25,27.46,27.19,26.17,103244160.0,1355083264.0
2011-08-12,26.5,26.5,26.21,26.09,47085492.0,606442624.0
2011-08-11,25.25,26.64,26.38,25.25,70442488.0,904379456.0
2011-08-10,25.97,26.23,25.72,25.6,51469552.0,652595968.0
2011-08-09,24.7,25.64,25.48,24.52,66342532.0,817055424.0
2011-08-08,26.03,26.38,25.29,25.09,67011720.0,841499008.0
2011-08-05,26.25,26.41,26.25,26.05,47579828.0,611754944.0
2011-08-04,26.95,27.19,26.82,26.74,33010740.0,435476000.0
2011-08-03,26.7,26.99,26.89,26.64,34031800.0,447405792.0
2011-08-02,26.89,27.03,26.93,26.56,34945036.0,457749952.0
2011-08-01,27.15,27.39,26.99,26.84,43927972.0,583487488.0
2011-07-29,26.54,27.97,27.27,26.44,102922656.0,1371819264.0
2011-07-28,26.76,26.82,26.48,26.38,59173428.0,769334848.0
2011-07-27,26.95,27.07,27.05,26.74,49859680.0,657177344.0
2011-07-26,26.93,27.48,27.09,26.84,39638260.0,527919616.0
2011-07-25,27.62,27.62,26.93,26.84,64654824.0,860767360.0
2011-07-22,28.03,28.13,27.82,27.72,43192096.0,589933824.0
2011-07-21,28.19,28.29,28.11,27.56,62862472.0,856344832.0
2011-07-20,28.44,28.5,28.27,27.91,42222996.0,582191680.0
2011-07-19,28.48,28.62,28.17,28.11,45830776.0,635292032.0
2011-07-18,28.99,29.09,28.72,28.58,47349176.0,666904512.0
2011-07-15,28.8,29.29,29.09,28.52,50262108.0,712047488.0
2011-07-14,29.19,29.19,29.07,28.68,50011144.0,708488320.0
2011-07-13,28.58,29.5,29.19,28.58,56045344.0,798071168.0
2011-07-12,28.91,29.03,28.52,28.48,63809984.0,897399168.0
2011-07-11,28.95,29.5,29.21,28.82,71527360.0,1024894144.0
2011-07-08,28.29,29.4,29.17,28.29,115632512.0,1641551488.0
2011-07-07,28.84,28.84,28.23,28.19,83161056.0,1161141888.0
2011-07-06,28.31,28.39,28.27,27.89,50906996.0,700472384.0
2011-07-05,28.58,28.82,28.44,28.27,61514904.0,859965824.0
2011-07-04,27.38,28.58,28.58,27.35,100036776.0,1377096576.0
2011-07-01,27.66,27.68,27.19,26.64,57235392.0,767248704.0
2011-06-30,27.27,27.82,27.52,27.21,45073580.0,608404096.0
2011-06-29,27.95,27.95,27.27,27.21,64028704.0,862639552.0
2011-06-28,28.15,28.33,27.97,27.68,44042036.0,601357312.0
2011-06-27,28.23,28.66,28.25,27.82,60668268.0,839460608.0
2011-06-24,27.29,28.56,28.25,27.17,80348192.0,1101741952.0
2011-06-23,26.95,27.52,27.44,26.84,40433080.0,538570816.0
2011-06-22,27.03,27.27,27.05,26.74,38676768.0,511954176.0
2011-06-21,26.84,26.99,26.97,26.62,44041384.0,578610368.0
2011-06-20,26.54,26.78,26.74,26.41,34143012.0,444555008.0
2011-06-17,26.58,27.01,26.56,26.56,27611302.0,361602816.0
2011-06-16,26.64,26.91,26.64,26.54,31636080.0,413778464.0
2011-06-15,27.27,27.31,26.86,26.84,40782000.0,541238400.0
2011-06-14,26.89,27.91,27.44,26.8,78908192.0,1064435264.0
2011-06-13,26.82,26.99,26.95,26.52,40623536.0,531898272.0
2011-06-10,26.78,27.05,27.01,26.74,40533232.0,533780000.0
2011-06-09,27.23,27.33,26.76,26.74,50859128.0,672575104.0
2011-06-08,27.6,27.6,27.31,26.95,54715048.0,728293184.0
2011-06-07,27.31,27.66,27.58,27.23,35806880.0,481812256.0
2011-06-03,27.48,27.58,27.56,27.09,60435148.0,809788736.0
2011-06-02,28.19,28.38,27.48,27.05,90465552.0,1222422528.0
2011-06-01,28.84,28.91,28.66,28.58,37210136.0,522947872.0
2011-05-31,28.58,28.99,28.97,28.52,41131344.0,579733696.0
2011-05-30,28.38,28.86,28.52,28.25,40881384.0,571068864.0
2011-05-27,28.31,28.72,28.54,28.19,44180096.0,618199104.0
2011-05-26,28.74,28.76,28.29,28.27,33333464.0,465710688.0
2011-05-25,29.31,29.36,28.46,28.4,59051992.0,832234880.0
2011-05-24,29.44,29.7,29.36,29.31,49172140.0,709587072.0
2011-05-23,30.54,30.54,29.58,29.31,74878400.0,1089117312.0
2011-05-20,30.27,30.84,30.58,30.23,52359660.0,785056640.0
2011-05-19,30.36,30.78,30.31,30.17,65076220.0,971224448.0
2011-05-18,29.72,30.31,30.23,29.64,67427904.0,993448320.0
2011-05-17,29.62,30.17,29.82,29.38,66049016.0,963322048.0
2011-05-16,29.91,30.31,29.58,29.56,46154040.0,675993664.0
2011-05-13,30.19,30.31,30.17,29.44,63953900.0,934681792.0
2011-05-12,30.46,30.58,30.09,30.01,42974188.0,638307584.0
2011-05-11,30.74,30.97,30.62,30.56,40550552.0,610007232.0
2011-05-10,30.44,30.99,30.87,30.05,57856728.0,867564224.0
2011-05-09,30.68,31.05,30.44,30.11,71423648.0,1068319232.0
2011-05-06,30.7,31.89,30.89,30.7,49793880.0,762141504.0
2011-05-05,31.34,31.85,31.36,31.12,48325828.0,1363134848.0
2011-05-04,32.17,32.45,31.63,31.35,61620132.0,1755168000.0
2011-05-03,32.34,32.54,32.47,32.11,34432288.0,998897600.0
2011-04-29,32.77,33.01,32.57,31.91,88849512.0,2574544896.0
2011-04-28,33.18,34.57,33.69,33.18,81777368.0,2483483136.0
2011-04-27,33.55,33.71,32.79,32.47,46688492.0,1392641920.0
2011-04-26,33.01,33.6,33.44,33.0,50724516.0,1517404544.0
2011-04-25,32.8,33.5,33.12,32.77,43613316.0,1295476352.0
2011-04-22,33.18,33.42,32.83,32.64,40154768.0,1185204608.0
2011-04-21,33.57,33.76,33.31,33.1,39068992.0,1169071360.0
2011-04-20,33.9,34.18,33.42,33.17,68917616.0,2076912000.0
2011-04-18,34.44,34.84,34.56,34.19,46123920.0,1427471488.0
2011-04-15,34.29,34.88,34.75,34.17,48042232.0,1486419712.0
2011-04-14,34.57,34.9,34.38,34.25,54111572.0,1675364864.0
2011-04-13,33.8,34.85,34.78,33.4,70799552.0,2155377664.0
2011-04-12,33.84,34.29,33.99,33.61,45007280.0,1369595392.0
2011-04-11,34.55,34.94,33.93,33.9,74056248.0,2285874176.0
2011-04-08,34.55,34.74,34.54,34.08,47161168.0,1453145344.0
2011-04-07,34.53,34.93,34.63,34.1,57595684.0,1783264896.0
2011-04-06,34.02,35.11,34.53,33.99,116067968.0,3607533056.0
2011-04-01,32.03,33.86,33.79,32.02,81860016.0,2426652160.0
2011-03-31,32.77,32.84,32.02,31.8,43947368.0,1270505088.0
2011-03-30,32.58,33.25,32.7,32.38,70266664.0,2068208128.0
2011-03-29,32.55,33.45,32.78,32.02,130687296.0,3842491648.0
2011-03-28,32.33,32.68,31.93,31.76,77341808.0,2236942848.0
2011-03-25,30.98,32.1,31.83,30.96,86977224.0,2477096448.0
2011-03-24,31.0,31.22,30.86,30.8,35615352.0,989428480.0
2011-03-23,30.46,31.18,30.97,30.41,48148504.0,1333726464.0
2011-03-22,30.01,30.87,30.59,29.77,54768216.0,1496218624.0
2011-03-21,29.93,30.06,29.92,29.52,25274184.0,676112512.0
2011-03-18,30.11,30.29,29.83,29.78,62069684.0,1668886656.0
2011-03-17,29.99,30.14,29.82,29.7,25554752.0,685494208.0
2011-03-16,30.0,30.4,30.31,29.96,28235956.0,764632000.0
2011-03-15,30.0,30.19,29.99,29.45,52384376.0,1399500928.0
2011-03-14,29.98,30.37,30.2,29.87,27544336.0,744643328.0
2011-03-11,29.98,30.38,29.98,29.92,33242746.0,896708992.0
2011-03-10,30.78,30.78,30.2,29.98,56460048.0,1534555392.0
2011-03-09,31.23,31.45,30.98,30.79,45573012.0,1272737792.0
2011-03-08,30.89,31.45,31.06,30.8,52887408.0,1477319296.0
2011-03-07,30.68,31.42,30.93,30.68,83906344.0,2336515328.0
2011-03-04,30.23,30.67,30.49,30.02,53015280.0,1440492032.0
2011-03-03,30.11,31.08,30.27,29.97,124406280.0,3407525632.0
2011-03-02,29.32,30.2,29.97,29.22,99028328.0,2655417856.0
2011-03-01,29.13,29.95,29.52,29.13,59061648.0,1563055872.0
2011-02-28,28.91,29.32,29.11,28.56,34821508.0,903408384.0
2011-02-25,28.68,29.36,28.94,28.55,45720124.0,1186361728.0
2011-02-24,28.44,28.76,28.7,28.28,40490416.0,1033816640.0
2011-02-23,28.55,28.76,28.59,28.37,46949748.0,1201323904.0
2011-02-22,29.78,29.78,28.59,28.57,85892560.0,2230785024.0
2011-02-21,29.77,29.98,29.87,29.51,51446144.0,1370553600.0
2011-02-18,30.22,30.31,29.96,29.78,34500732.0,927889472.0
2011-02-17,30.2,30.8,30.26,29.9,66766608.0,1815940608.0
2011-02-16,30.08,30.2,30.09,29.7,62582916.0,1680724736.0
2011-02-15,30.4,30.69,30.22,30.05,84053536.0,2287665408.0
2011-02-14,29.34,30.52,30.31,29.34,91671048.0,2476143360.0
2011-02-11,28.97,29.41,29.29,28.7,49313152.0,1288436096.0
2011-02-10,28.52,29.16,29.14,28.39,42744068.0,1104412928.0
2011-02-09,29.02,29.33,28.44,28.42,51855488.0,1340869120.0
2011-02-01,29.01,29.43,29.31,28.79,38896776.0,1015998528.0
2011-01-31,29.0,29.35,29.0,28.56,48494552.0,1258462592.0
2011-01-28,29.51,29.75,29.09,28.89,57628452.0,1505607168.0
2011-01-27,29.29,29.88,29.63,28.85,64525764.0,1697606912.0
2011-01-26,29.8,30.0,29.8,29.5,41897036.0,1117571456.0
2011-01-25,29.36,29.98,29.83,29.11,52742856.0,1400698368.0
2011-01-24,29.26,30.06,29.38,29.11,56231952.0,1490320640.0
2011-01-21,28.18,30.56,29.32,28.17,76606792.0,2016346880.0
2011-01-20,28.89,28.96,28.17,28.14,42885396.0,1095813376.0
2011-01-19,28.51,29.11,29.09,28.08,42696544.0,1096853248.0
2011-01-18,28.23,28.74,28.5,28.06,51006680.0,1299535872.0
2011-01-17,28.94,29.09,27.98,27.67,61565360.0,1565359744.0
2011-01-14,29.69,29.69,29.1,29.06,43734372.0,1152696576.0
2011-01-13,30.22,30.32,29.89,29.67,64209264.0,1725084160.0
2011-01-12,29.23,30.28,30.19,28.92,92816688.0,2463796736.0
2011-01-11,28.36,29.5,29.24,28.36,75274712.0,1954804352.0
2011-01-10,29.16,29.69,28.56,28.48,90606640.0,2359471616.0
2011-01-07,27.59,30.39,29.58,27.49,188929536.0,4976323584.0
2011-01-06,27.49,27.85,27.62,27.35,37563916.0,929432256.0
2011-01-05,27.3,27.83,27.42,27.25,59315272.0,1467267712.0
2011-01-04,26.99,27.69,27.54,26.6,77327624.0,1890785792.0
