date,open,high,close,low,volume,amount
2015-12-31,4.16,4.19,4.16,4.15,158248128.0,511938664.0
2015-12-30,4.16,4.18,4.16,4.14,126880332.0,408871376.0
2015-12-29,4.14,4.18,4.18,4.12,145928282.0,469657579.0
2015-12-28,4.21,4.23,4.12,4.12,254659904.0,825957691.0
2015-12-25,4.23,4.24,4.21,4.2,121916669.0,399167787.0
2015-12-24,4.25,4.27,4.23,4.19,247053920.0,809165184.0
2015-12-23,4.25,4.3,4.25,4.23,263533872.0,870971584.0
2015-12-22,4.27,4.28,4.27,4.23,181691228.0,599348479.0
2015-12-21,4.2,4.3,4.27,4.2,357199456.0,1180666240.0
2015-12-18,4.19,4.3,4.23,4.19,271338752.0,892574016.0
2015-12-17,4.18,4.23,4.21,4.18,211274048.0,688339456.0
2015-12-16,4.19,4.2,4.18,4.16,112936080.0,366282336.0
2015-12-15,4.21,4.23,4.18,4.16,127982776.0,416591840.0
2015-12-14,4.12,4.23,4.23,4.12,277725632.0,901848960.0
2015-12-11,4.14,4.18,4.16,4.11,242398576.0,778045952.0
2015-12-10,4.15,4.2,4.16,4.12,175665680.0,567761280.0
2015-12-09,4.11,4.19,4.16,4.1,160781232.0,518588911.0
2015-12-08,4.19,4.2,4.14,4.1,239619888.0,770157184.0
2015-12-07,4.25,4.27,4.21,4.2,177933178.0,582602711.0
2015-12-04,4.28,4.3,4.25,4.23,549862400.0,1817714432.0
2015-12-03,4.15,4.37,4.3,4.14,1064056422.0,3523961513.0
2015-12-02,4.02,4.19,4.18,4.01,663576768.0,2119992576.0
2015-12-01,4.05,4.05,4.03,4.01,205291453.0,641232514.0
2015-11-30,4.03,4.09,4.06,4.01,327124000.0,1027774784.0
2015-11-27,4.14,4.15,4.03,4.0,304923264.0,963799552.0
2015-11-26,4.15,4.18,4.15,4.14,198603824.0,640015936.0
2015-11-25,4.11,4.16,4.16,4.1,274433248.0,880851520.0
2015-11-24,4.12,4.14,4.12,4.1,308058208.0,983831808.0
2015-11-23,4.15,4.16,4.14,4.12,222600480.0,715854912.0
2015-11-20,4.18,4.19,4.16,4.14,312610784.0,1007683968.0
2015-11-19,4.18,4.19,4.18,4.14,264656768.0,854566912.0
2015-11-18,4.16,4.21,4.19,4.14,361593824.0,1170345216.0
2015-11-17,4.16,4.23,4.18,4.15,387493856.0,1259699712.0
2015-11-16,4.11,4.16,4.16,4.1,205150000.0,658117184.0
2015-11-13,4.15,4.19,4.14,4.12,232790704.0,749385280.0
2015-11-12,4.2,4.21,4.16,4.15,221999856.0,719395328.0
2015-11-11,4.24,4.24,4.21,4.16,362290912.0,1182061056.0
2015-11-10,4.25,4.29,4.24,4.21,464592416.0,1531133568.0
2015-11-09,4.16,4.36,4.29,4.16,1016779456.0,3385888256.0
2015-11-06,4.1,4.14,4.12,4.07,489429056.0,1558232704.0
2015-11-05,4.05,4.19,4.12,4.02,812518464.0,2599442688.0
2015-11-04,3.96,4.06,4.06,3.94,406719328.0,1263851520.0
2015-11-03,4.01,4.02,3.96,3.94,216745120.0,668600192.0
2015-11-02,4.03,4.06,4.01,4.01,215639904.0,675040704.0
2015-10-30,4.03,4.06,4.05,4.02,161541680.0,507044192.0
2015-10-29,4.05,4.06,4.03,4.03,148840400.0,467279552.0
2015-10-28,4.06,4.07,4.06,4.03,196550496.0,618862336.0
2015-10-27,4.07,4.09,4.06,4.05,226456256.0,714450368.0
2015-10-26,4.1,4.11,4.09,4.06,268570112.0,851196672.0
2015-10-23,4.06,4.09,4.07,4.05,259948544.0,819079936.0
2015-10-22,4.06,4.1,4.06,4.03,312783232.0,985771072.0
2015-10-21,4.05,4.12,4.11,4.02,606820544.0,1915113216.0
2015-10-20,4.02,4.05,4.05,4.02,188113440.0,588837056.0
2015-10-19,4.06,4.06,4.03,4.01,282719872.0,886733504.0
2015-10-16,4.05,4.06,4.05,4.02,246333664.0,772921024.0
2015-10-15,4.0,4.05,4.03,3.98,170440448.0,531347712.0
2015-10-14,4.02,4.03,4.0,4.0,162436576.0,505713728.0
2015-10-13,4.05,4.06,4.03,4.02,162429568.0,508734656.0
2015-10-12,4.0,4.07,4.06,3.98,330039968.0,1033755520.0
2015-10-09,3.97,4.0,3.98,3.96,183710096.0,567440960.0
2015-10-08,3.97,4.0,3.97,3.94,217589328.0,670450560.0
2015-09-30,3.9,3.94,3.9,3.89,147061792.0,447049280.0
2015-09-29,3.96,3.96,3.9,3.89,194315248.0,589769792.0
2015-09-28,3.98,4.0,3.97,3.96,92848536.0,286040768.0
2015-09-25,3.97,4.01,4.01,3.94,206546992.0,636519744.0
2015-09-24,4.0,4.01,3.98,3.97,141032320.0,436291552.0
2015-09-23,4.02,4.03,4.0,3.98,182413712.0,567271744.0
2015-09-22,4.02,4.06,4.05,4.01,191081584.0,599526976.0
2015-09-21,4.03,4.05,4.02,4.0,263096176.0,820965760.0
2015-09-18,4.06,4.09,4.05,4.03,254358720.0,801315008.0
2015-09-17,4.06,4.11,4.06,4.03,255866064.0,809539520.0
2015-09-16,4.05,4.14,4.09,4.0,336386048.0,1057267712.0
2015-09-15,4.01,4.09,4.07,4.0,486950944.0,1530771584.0
2015-09-14,4.05,4.15,4.05,3.94,521679840.0,1643864960.0
2015-09-11,4.06,4.09,4.05,4.02,184052592.0,579384256.0
2015-09-10,4.05,4.11,4.09,4.03,279667328.0,885797504.0
2015-09-09,4.05,4.1,4.09,4.01,404205280.0,1272402688.0
2015-09-08,4.0,4.1,4.06,3.96,429955712.0,1346175616.0
2015-09-07,4.2,4.21,4.02,4.0,644333568.0,2055250560.0
2015-09-02,3.94,4.37,4.34,3.92,1995668864.0,6450391040.0
2015-09-01,3.84,4.14,4.07,3.8,1449030016.0,4502529024.0
2015-08-31,3.84,3.87,3.85,3.75,552897280.0,1632999680.0
2015-08-28,3.85,3.9,3.88,3.79,691107392.0,2057450240.0
2015-08-27,3.66,3.87,3.84,3.58,799960768.0,2298336512.0
2015-08-26,3.61,3.75,3.65,3.53,850767872.0,2390387200.0
2015-08-25,3.74,3.89,3.53,3.49,934437696.0,2676473856.0
2015-08-24,4.23,4.23,3.88,3.85,973909760.0,3015321344.0
2015-08-21,4.25,4.34,4.28,4.23,598079168.0,1985216640.0
2015-08-20,4.33,4.37,4.28,4.28,383943520.0,1288910336.0
2015-08-19,4.29,4.33,4.3,4.2,615498688.0,2041158912.0
2015-08-18,4.38,4.42,4.33,4.32,559367616.0,1897134720.0
2015-08-17,4.41,4.42,4.39,4.37,389115872.0,1323575296.0
2015-08-14,4.42,4.43,4.42,4.41,292240864.0,1002360640.0
2015-08-13,4.43,4.45,4.45,4.38,337145184.0,1156421632.0
2015-08-12,4.46,4.46,4.43,4.42,298020064.0,1027993472.0
2015-08-11,4.5,4.51,4.49,4.45,429786976.0,1493925248.0
2015-08-10,4.42,4.54,4.52,4.41,556307904.0,1933286272.0
2015-08-07,4.43,4.47,4.45,4.42,248147744.0,857078528.0
2015-08-06,4.42,4.47,4.42,4.41,220807616.0,760566720.0
2015-08-05,4.51,4.52,4.45,4.45,281082080.0,977560000.0
2015-08-04,4.51,4.54,4.54,4.47,332668096.0,1164673408.0
2015-08-03,4.41,4.55,4.52,4.39,878813696.0,3050816256.0
2015-07-31,4.37,4.45,4.43,4.34,543469504.0,1853947136.0
2015-07-30,4.45,4.46,4.39,4.38,425132000.0,1457605504.0
2015-07-29,4.43,4.47,4.46,4.39,521866304.0,1792869120.0
2015-07-28,4.36,4.56,4.45,4.33,861345536.0,2975242752.0
2015-07-27,4.67,4.68,4.39,4.38,1037223424.0,3668295168.0
2015-07-24,4.76,4.77,4.7,4.7,641667968.0,2357488128.0
2015-07-23,4.73,4.78,4.77,4.72,634324032.0,2339719680.0
2015-07-22,4.74,4.77,4.73,4.72,547586560.0,2013604864.0
2015-07-21,4.78,4.81,4.77,4.72,729855168.0,2695851264.0
2015-07-20,4.83,4.85,4.81,4.78,731852928.0,2730769152.0
2015-07-17,4.86,4.87,4.85,4.78,813272384.0,3047237120.0
2015-07-16,4.9,5.0,4.85,4.79,1216628992.0,4605126144.0
2015-07-15,4.74,4.91,4.9,4.72,1551969152.0,5826074624.0
2015-07-14,4.79,4.86,4.78,4.67,1519114496.0,5630057984.0
2015-07-13,4.95,4.96,4.87,4.83,2140817664.0,8130583040.0
2015-07-10,4.99,5.36,5.08,4.91,3427356160.0,13750050816.0
2015-07-09,4.84,5.2,5.09,4.67,3028478720.0,12172961792.0
2015-07-08,4.87,5.08,4.84,4.57,3975365120.0,15730203648.0
2015-07-07,4.68,5.16,5.08,4.64,3741099264.0,15103792128.0
2015-07-06,4.68,4.75,4.75,4.5,4372087808.0,16565088256.0
2015-07-03,4.41,4.48,4.32,4.25,1407513472.0,5004755968.0
2015-07-02,4.45,4.52,4.47,4.25,1416172288.0,5063489536.0
2015-07-01,4.51,4.55,4.42,4.4,1132060032.0,4125991424.0
2015-06-30,4.36,4.58,4.57,4.28,1676155264.0,6054932992.0
2015-06-29,4.43,4.47,4.36,4.13,1619700352.0,5728415744.0
2015-06-26,4.48,4.56,4.35,4.21,1434696448.0,5154144768.0
2015-06-25,4.71,4.74,4.55,4.51,1108228096.0,4173775872.0
2015-06-24,4.57,4.62,4.62,4.52,963995264.0,3575187968.0
2015-06-23,4.42,4.56,4.56,4.34,1004187648.0,3634878720.0
2015-06-19,4.56,4.61,4.39,4.36,1017721152.0,3726162176.0
2015-06-18,4.73,4.73,4.61,4.58,998386176.0,3777946112.0
2015-06-17,4.77,4.79,4.75,4.68,1159486976.0,4458039808.0
2015-06-16,4.73,4.82,4.71,4.66,1193247232.0,4593277440.0
2015-06-15,4.88,4.89,4.77,4.75,1239574656.0,4857626624.0
2015-06-12,4.87,4.89,4.89,4.82,1234531584.0,4865945600.0
2015-06-11,4.9,4.93,4.87,4.83,1185249024.0,4680097280.0
2015-06-10,4.93,4.94,4.92,4.88,1437692928.0,5729672704.0
2015-06-09,5.08,5.14,4.98,4.9,2486029568.0,10124687360.0
2015-06-08,4.75,5.11,5.08,4.72,3602374400.0,14449961984.0
2015-06-05,4.8,4.84,4.74,4.67,1571894784.0,6059918336.0
2015-06-04,4.62,4.79,4.74,4.57,1991367296.0,7579292672.0
2015-06-03,4.66,4.67,4.61,4.55,983487680.0,3673114368.0
2015-06-02,4.62,4.67,4.63,4.56,1204272512.0,4501666816.0
2015-06-01,4.48,4.66,4.64,4.45,1332846336.0,4934180352.0
2015-05-29,4.51,4.56,4.48,4.41,1163127168.0,4229698304.0
2015-05-28,4.75,4.78,4.52,4.51,1654293120.0,6262441984.0
2015-05-27,4.79,4.82,4.77,4.73,956347136.0,3702639360.0
2015-05-26,4.84,4.84,4.8,4.73,1023789696.0,3975272192.0
2015-05-25,4.68,4.8,4.79,4.67,1228721664.0,4733161472.0
2015-05-22,4.57,4.67,4.67,4.56,1209892224.0,4532768768.0
2015-05-21,4.55,4.55,4.53,4.51,693155392.0,2548179712.0
2015-05-20,4.56,4.61,4.55,4.52,909401216.0,3363989504.0
2015-05-19,4.43,4.57,4.56,4.42,786131840.0,2884873984.0
2015-05-18,4.47,4.48,4.45,4.43,596731136.0,2162340864.0
2015-05-15,4.56,4.57,4.51,4.47,706681856.0,2589704192.0
2015-05-14,4.59,4.61,4.57,4.56,660773888.0,2457321472.0
2015-05-13,4.63,4.66,4.58,4.57,811695232.0,3035582720.0
2015-05-12,4.62,4.64,4.62,4.57,889964992.0,3325401856.0
2015-05-11,4.56,4.62,4.61,4.5,1016831936.0,3756128512.0
2015-05-08,4.53,4.56,4.56,4.48,713341760.0,2623303168.0
2015-05-07,4.58,4.59,4.5,4.48,897443968.0,3300842496.0
2015-05-06,4.64,4.74,4.58,4.55,1025812800.0,3879876096.0
2015-05-05,4.85,4.85,4.64,4.61,1340400768.0,5159307264.0
2015-05-04,4.88,4.88,4.87,4.82,955254720.0,3758818560.0
2015-04-30,4.95,4.98,4.88,4.87,1139362688.0,4540166656.0
2015-04-29,4.96,4.99,4.95,4.88,1354372992.0,5434724352.0
2015-04-28,4.95,5.24,5.06,4.93,3004523776.0,12330604544.0
2015-04-27,4.84,4.95,4.93,4.83,1506752128.0,5999519232.0
2015-04-24,4.87,4.88,4.83,4.77,1380512384.0,5413919232.0
2015-04-23,4.98,4.98,4.94,4.9,1301567872.0,5214446080.0
2015-04-22,4.94,4.99,4.98,4.9,1592638208.0,6386851328.0
2015-04-21,4.84,4.93,4.92,4.82,1262194304.0,4987734016.0
2015-04-20,5.04,5.04,4.87,4.84,2846928640.0,11478212608.0
2015-04-17,4.96,5.0,4.96,4.89,2204310016.0,8858037248.0
2015-04-16,4.78,4.89,4.89,4.73,1791901184.0,6996960256.0
2015-04-15,4.77,4.9,4.8,4.74,2391276032.0,9340788736.0
2015-04-14,4.8,4.8,4.77,4.73,1530056064.0,5920129024.0
2015-04-13,4.78,4.88,4.83,4.72,2474038272.0,9601556480.0
2015-04-10,4.63,4.71,4.69,4.61,1339776000.0,5066601984.0
2015-04-09,4.69,4.78,4.64,4.63,1611898496.0,6122229760.0
2015-04-08,4.64,4.69,4.69,4.57,1622981248.0,6114279936.0
2015-04-07,4.56,4.64,4.64,4.55,1718875648.0,6411085824.0
2015-04-03,4.46,4.51,4.51,4.45,936586240.0,3407118592.0
2015-04-02,4.56,4.57,4.5,4.46,1034508352.0,3783034368.0
2015-04-01,4.5,4.57,4.55,4.48,1022280704.0,3761058816.0
2015-03-31,4.66,4.69,4.52,4.5,1550134272.0,5785938432.0
2015-03-30,4.51,4.62,4.61,4.47,1612000768.0,5965906432.0
2015-03-27,4.5,4.52,4.48,4.43,1007100480.0,3658351104.0
2015-03-26,4.43,4.55,4.5,4.37,1264754432.0,4588904448.0
2015-03-25,4.57,4.67,4.48,4.46,1769961984.0,6535026176.0
2015-03-24,4.46,4.73,4.59,4.41,2121240448.0,7820087296.0
2015-03-23,4.43,4.47,4.46,4.4,1186262400.0,4271454720.0
2015-03-20,4.29,4.42,4.39,4.29,1265646080.0,4464006656.0
2015-03-19,4.35,4.36,4.29,4.26,1053768640.0,3677978624.0
2015-03-18,4.2,4.35,4.34,4.19,1339413120.0,4641740800.0
2015-03-17,4.16,4.2,4.19,4.14,1002348160.0,3391451904.0
2015-03-16,4.12,4.15,4.14,4.08,826117184.0,2759869440.0
2015-03-13,4.1,4.18,4.09,4.05,923046464.0,3081767424.0
2015-03-12,4.02,4.14,4.09,3.99,1237632512.0,4087800320.0
2015-03-11,3.94,4.03,3.97,3.93,666394048.0,2152089600.0
2015-03-10,4.0,4.0,3.94,3.93,722650176.0,2324410368.0
2015-03-09,3.88,4.1,4.05,3.82,1175954304.0,3775232768.0
2015-03-06,3.86,3.89,3.88,3.84,443968192.0,1396009856.0
2015-03-05,3.94,3.96,3.87,3.82,610891392.0,1922215552.0
2015-03-04,3.99,4.02,3.97,3.93,474576992.0,1529228928.0
2015-03-03,4.12,4.12,3.99,3.99,574248512.0,1886501120.0
2015-03-02,4.14,4.14,4.14,4.09,522923520.0,1747305472.0
2015-02-27,4.13,4.15,4.12,4.09,433135328.0,1448644480.0
2015-02-26,4.04,4.14,4.13,4.0,579857792.0,1922318720.0
2015-02-25,4.08,4.09,4.05,4.03,344364736.0,1133252352.0
2015-02-17,4.07,4.12,4.08,4.05,369734272.0,1223977472.0
2015-02-16,4.07,4.08,4.05,4.03,320472800.0,1053116160.0
2015-02-13,4.02,4.13,4.08,4.0,849197056.0,2797240064.0
2015-02-12,4.02,4.03,4.0,3.96,265354160.0,859453376.0
2015-02-11,4.03,4.04,4.02,3.99,267805264.0,872335552.0
2015-02-10,3.97,4.05,4.03,3.94,477545792.0,1553913344.0
2015-02-09,3.94,4.02,3.98,3.88,502297952.0,1606961664.0
2015-02-06,4.05,4.08,3.97,3.92,569160576.0,1853260544.0
2015-02-05,4.39,4.4,4.09,4.07,1161271936.0,4001022720.0
2015-02-04,4.2,4.25,4.14,4.13,315805984.0,1074703488.0
2015-02-03,4.13,4.21,4.19,4.1,372506400.0,1255367552.0
2015-02-02,4.16,4.21,4.1,4.08,415574624.0,1401030272.0
2015-01-30,4.34,4.37,4.26,4.25,365558784.0,1278243200.0
2015-01-29,4.32,4.37,4.31,4.28,525151040.0,1841374208.0
2015-01-28,4.42,4.5,4.41,4.39,376861152.0,1355516544.0
2015-01-27,4.57,4.57,4.46,4.37,666068032.0,2413402880.0
2015-01-26,4.59,4.59,4.57,4.5,539173248.0,1988524416.0
2015-01-23,4.61,4.73,4.61,4.57,896948160.0,3374609152.0
2015-01-22,4.63,4.63,4.59,4.51,706251392.0,2627961856.0
2015-01-21,4.42,4.71,4.64,4.37,1012054016.0,3720674816.0
2015-01-20,4.35,4.48,4.4,4.29,750624512.0,2672988928.0
2015-01-19,4.52,4.66,4.37,4.37,1024136192.0,3735646976.0
2015-01-16,4.79,4.92,4.85,4.75,1003820032.0,3950040320.0
2015-01-15,4.58,4.77,4.75,4.53,800204224.0,3024979968.0
2015-01-14,4.52,4.67,4.59,4.52,650140992.0,2427109376.0
2015-01-13,4.5,4.56,4.51,4.46,437598432.0,1603502080.0
2015-01-12,4.56,4.63,4.52,4.43,825547136.0,3037865984.0
2015-01-09,4.56,4.95,4.63,4.48,1649017856.0,6249768960.0
2015-01-08,4.8,4.84,4.59,4.57,845680832.0,3190135040.0
2015-01-07,4.8,4.92,4.79,4.71,963318720.0,3760354560.0
2015-01-06,4.69,5.09,4.87,4.66,1509285888.0,5975994880.0
2015-01-05,4.63,4.83,4.79,4.58,1440479616.0,5486170624.0
2014-12-31,4.37,4.64,4.57,4.31,1363736704.0,4973496320.0
2014-12-30,4.24,4.42,4.36,4.2,934092224.0,3281640704.0
2014-12-29,4.39,4.46,4.24,4.16,1227369600.0,4328634880.0
2014-12-26,4.12,4.29,4.26,4.07,950674880.0,3222118656.0
2014-12-25,4.03,4.14,4.12,3.96,936537088.0,3085447168.0
2014-12-24,4.14,4.18,3.96,3.89,922113280.0,2994357504.0
2014-12-23,4.21,4.34,4.14,4.09,1433843840.0,4931225088.0
2014-12-22,4.05,4.39,4.39,4.03,2362692352.0,8248902656.0
2014-12-19,3.89,4.02,3.99,3.87,947006656.0,3042794240.0
2014-12-18,4.0,4.02,3.89,3.86,802369216.0,2558192384.0
2014-12-17,3.83,4.07,3.99,3.79,1611248128.0,5128502784.0
2014-12-16,3.7,3.82,3.82,3.68,729979968.0,2228124672.0
2014-12-15,3.72,3.72,3.7,3.65,502633120.0,1498517888.0
2014-12-12,3.76,3.82,3.75,3.73,537403712.0,1644183296.0
2014-12-11,3.76,3.84,3.76,3.71,738801280.0,2253379072.0
2014-12-10,3.76,3.86,3.82,3.57,1190955648.0,3594745600.0
2014-12-09,4.04,4.15,3.76,3.72,1829491840.0,5916902400.0
2014-12-08,4.0,4.25,4.14,3.87,1508335744.0,4945467392.0
2014-12-05,3.79,4.1,4.08,3.71,1802728576.0,5726925824.0
2014-12-04,3.62,3.77,3.76,3.57,1079702272.0,3216189440.0
2014-12-03,3.66,3.75,3.6,3.54,1215175040.0,3592873472.0
2014-12-02,3.45,3.71,3.65,3.42,1100345088.0,3168654848.0
2014-12-01,3.52,3.65,3.47,3.46,1069536832.0,3064508928.0
2014-11-28,3.3,3.52,3.51,3.29,1486854144.0,4124558848.0
2014-11-27,3.31,3.34,3.31,3.25,594608704.0,1592453504.0
2014-11-26,3.21,3.31,3.28,3.2,456933888.0,1210393216.0
2014-11-25,3.15,3.23,3.21,3.14,436383552.0,1126493568.0
2014-11-24,3.12,3.18,3.15,3.1,502357856.0,1283593984.0
2014-11-21,3.13,3.18,3.17,3.1,278777440.0,709691008.0
2014-11-20,3.12,3.14,3.13,3.1,220368640.0,558325184.0
2014-11-19,3.13,3.14,3.13,3.1,197656960.0,501369472.0
2014-11-18,3.23,3.23,3.13,3.12,438078272.0,1126491776.0
2014-11-17,3.33,3.34,3.21,3.2,361587936.0,959668288.0
2014-11-14,3.27,3.3,3.29,3.23,350516480.0,927565056.0
2014-11-13,3.28,3.33,3.25,3.24,506919008.0,1352212608.0
2014-11-12,3.27,3.28,3.27,3.21,452892352.0,1193759232.0
2014-11-11,3.15,3.41,3.31,3.15,1288103936.0,3440600576.0
2014-11-10,3.09,3.15,3.14,3.08,494305664.0,1251339136.0
2014-11-07,3.08,3.13,3.07,3.06,346261248.0,868852928.0
2014-11-06,3.08,3.09,3.08,3.07,155934880.0,389878720.0
2014-11-05,3.12,3.13,3.08,3.07,332531904.0,833384512.0
2014-11-04,3.13,3.14,3.13,3.1,220868368.0,558848960.0
2014-11-03,3.14,3.15,3.13,3.12,317516544.0,808566592.0
2014-10-31,3.08,3.19,3.15,3.08,636079744.0,1613815808.0
2014-10-30,3.04,3.1,3.08,3.03,293295232.0,729196736.0
2014-10-29,3.02,3.06,3.06,3.02,182275200.0,448913216.0
2014-10-28,2.99,3.02,3.02,2.98,108501440.0,264768864.0
2014-10-27,2.99,3.01,2.98,2.97,116632832.0,284057920.0
2014-10-24,3.01,3.02,3.01,2.99,72385256.0,177480752.0
2014-10-23,3.03,3.03,3.01,3.01,125577456.0,308833344.0
2014-10-22,3.02,3.03,3.03,3.01,120985864.0,298254496.0
2014-10-21,3.03,3.04,3.02,3.01,157141152.0,386993984.0
2014-10-20,3.03,3.04,3.03,3.02,117215104.0,289533088.0
2014-10-17,3.04,3.04,3.02,3.01,165356144.0,407595168.0
2014-10-16,3.03,3.07,3.04,3.02,196460272.0,487185728.0
2014-10-15,3.02,3.04,3.03,3.01,134971664.0,333146592.0
2014-10-14,3.01,3.04,3.02,3.01,133029512.0,327593824.0
2014-10-13,3.03,3.04,3.02,3.01,130343200.0,320408512.0
2014-10-10,3.04,3.06,3.04,3.03,124969592.0,309615520.0
2014-10-09,3.06,3.07,3.06,3.04,108967224.0,271100416.0
2014-10-08,3.06,3.06,3.06,3.03,125732848.0,312015840.0
2014-09-30,3.06,3.06,3.06,3.03,136327920.0,338154624.0
2014-09-29,3.06,3.07,3.04,3.03,143507136.0,356577728.0
2014-09-26,3.04,3.07,3.06,3.04,83087176.0,206939200.0
2014-09-25,3.07,3.08,3.06,3.04,156237200.0,390265504.0
2014-09-24,3.02,3.07,3.04,3.01,181587216.0,450154944.0
2014-09-23,3.01,3.03,3.02,3.01,88711696.0,218136720.0
2014-09-22,3.06,3.06,3.01,3.01,121634840.0,299989216.0
2014-09-19,3.07,3.07,3.07,3.04,126936856.0,316308896.0
2014-09-18,3.04,3.08,3.07,3.03,176363920.0,439395968.0
2014-09-17,3.06,3.07,3.06,3.04,174592384.0,434954272.0
2014-09-16,3.06,3.1,3.07,3.04,271938208.0,681078272.0
2014-09-15,3.06,3.06,3.04,3.03,113939968.0,282818144.0
2014-09-12,3.04,3.07,3.07,3.03,74291408.0,184589152.0
2014-09-11,3.06,3.08,3.04,3.04,156334160.0,389347296.0
2014-09-10,3.08,3.08,3.06,3.04,118472544.0,295283584.0
2014-09-09,3.1,3.1,3.08,3.08,87943424.0,221355744.0
2014-09-05,3.09,3.1,3.09,3.08,111097256.0,280200992.0
2014-09-04,3.07,3.09,3.08,3.06,95434552.0,238804000.0
2014-09-03,3.04,3.08,3.07,3.03,140760400.0,351110496.0
2014-09-02,2.99,3.04,3.03,2.99,146745472.0,360034048.0
2014-09-01,2.99,3.01,2.99,2.97,110201072.0,268740000.0
2014-08-29,2.97,2.99,2.98,2.96,90323040.0,219073344.0
2014-08-28,2.99,3.01,2.96,2.96,75657680.0,183771520.0
2014-08-27,3.01,3.02,3.01,2.99,55448848.0,135819648.0
2014-08-26,3.02,3.03,3.02,3.01,95495824.0,234537088.0
2014-08-25,3.04,3.06,3.02,3.02,98612288.0,243214560.0
2014-08-22,3.04,3.06,3.04,3.03,112642376.0,278974240.0
2014-08-21,3.07,3.08,3.04,3.03,119562624.0,296747392.0
2014-08-20,3.08,3.08,3.07,3.06,69961728.0,175113216.0
2014-08-19,3.07,3.09,3.08,3.07,152261760.0,381490784.0
2014-08-18,3.09,3.09,3.07,3.07,96714848.0,242418272.0
2014-08-15,3.08,3.09,3.09,3.06,95062664.0,238190880.0
2014-08-14,3.07,3.09,3.07,3.06,123949248.0,311071552.0
2014-08-13,3.08,3.09,3.08,3.06,128507424.0,322007360.0
2014-08-12,3.09,3.1,3.08,3.07,77972800.0,195597424.0
2014-08-11,3.08,3.1,3.09,3.07,80385792.0,202147216.0
2014-08-08,3.07,3.08,3.07,3.04,108872960.0,271338080.0
2014-08-07,3.1,3.12,3.06,3.06,125412904.0,314622176.0
2014-08-06,3.1,3.12,3.1,3.07,137825792.0,347621632.0
2014-08-05,3.12,3.13,3.1,3.09,134652976.0,341018848.0
2014-08-04,3.1,3.12,3.1,3.08,154113968.0,390031136.0
2014-08-01,3.08,3.15,3.09,3.07,240168000.0,609343808.0
2014-07-31,3.06,3.09,3.09,3.03,183175168.0,456023360.0
2014-07-30,3.08,3.1,3.06,3.04,193424960.0,485527616.0
2014-07-29,3.1,3.12,3.09,3.07,179429152.0,452431008.0
2014-07-28,3.02,3.12,3.1,3.01,296383136.0,744034944.0
2014-07-25,2.96,3.02,3.01,2.94,145703808.0,354514432.0
2014-07-24,2.9,2.96,2.94,2.9,181943424.0,434659680.0
2014-07-23,2.9,2.91,2.9,2.88,140037312.0,331037088.0
2014-07-22,2.9,2.91,2.9,2.88,128271712.0,302632096.0
2014-07-21,2.9,2.91,2.9,2.88,57422012.0,135363648.0
2014-07-18,2.9,2.91,2.9,2.88,63066428.0,148953616.0
2014-07-17,2.91,2.91,2.91,2.88,65306184.0,154285984.0
2014-07-16,2.91,2.91,2.91,2.9,87282032.0,206409040.0
2014-07-15,2.9,2.91,2.91,2.9,69094816.0,163346256.0
2014-07-14,2.9,2.9,2.9,2.88,83630536.0,196895200.0
2014-07-11,2.9,2.91,2.88,2.88,54611032.0,128745288.0
2014-07-10,2.88,2.9,2.9,2.88,45614800.0,107414912.0
2014-07-09,2.91,2.91,2.88,2.88,67700112.0,159685056.0
2014-07-08,2.91,2.92,2.91,2.88,67936536.0,160722880.0
2014-07-07,2.9,2.91,2.91,2.88,87780480.0,207422864.0
2014-07-04,2.9,2.91,2.9,2.88,51629880.0,121876384.0
2014-07-03,2.88,2.91,2.9,2.87,96506264.0,227454496.0
2014-07-02,2.88,2.9,2.88,2.87,115497352.0,291701536.0
2014-07-01,2.89,2.89,2.89,2.87,74836400.0,188721008.0
2014-06-30,2.89,2.9,2.88,2.88,59697624.0,150746848.0
2014-06-27,2.89,2.89,2.88,2.87,45202760.0,114066128.0
2014-06-26,2.87,2.89,2.89,2.85,53135820.0,134067848.0
2014-06-25,2.85,2.87,2.87,2.85,36246000.0,90796208.0
2014-06-24,2.87,2.87,2.85,2.85,34026304.0,85230400.0
2014-06-23,2.88,2.88,2.85,2.84,58205880.0,145764576.0
2014-06-20,2.84,2.88,2.87,2.83,57660436.0,144374080.0
2014-06-19,2.88,2.89,2.84,2.83,86149344.0,215339152.0
2014-06-18,2.92,2.93,2.88,2.87,122176720.0,309148576.0
2014-06-17,2.93,2.94,2.93,2.91,87823416.0,224914368.0
2014-06-16,2.94,2.96,2.94,2.91,126600144.0,324848992.0
2014-06-13,2.9,2.94,2.94,2.9,107204472.0,274615840.0
2014-06-12,2.9,2.91,2.91,2.9,46601288.0,118639032.0
2014-06-11,2.9,2.92,2.91,2.89,61825568.0,157335376.0
2014-06-10,2.88,2.91,2.91,2.87,80869848.0,204846336.0
2014-06-09,2.85,2.9,2.88,2.85,62253592.0,156987872.0
2014-06-06,2.88,2.9,2.87,2.84,79721928.0,200538208.0
2014-06-05,2.83,2.89,2.88,2.83,68929128.0,172840688.0
2014-06-04,2.85,2.87,2.83,2.83,61728948.0,153772608.0
2014-06-03,2.84,2.87,2.87,2.83,60776680.0,151914848.0
2014-05-30,2.84,2.85,2.84,2.83,45785204.0,114062080.0
2014-05-29,2.84,2.85,2.84,2.83,44196536.0,110132920.0
2014-05-28,2.82,2.85,2.83,2.81,66213104.0,164321488.0
2014-05-27,2.81,2.83,2.82,2.8,56066896.0,138503472.0
2014-05-26,2.82,2.83,2.81,2.81,43154996.0,106464512.0
2014-05-23,2.81,2.82,2.82,2.8,31764280.0,78182800.0
2014-05-22,2.8,2.83,2.81,2.8,52063588.0,128238944.0
2014-05-21,2.79,2.81,2.81,2.77,48794716.0,119346616.0
2014-05-20,2.79,2.8,2.8,2.77,69663648.0,170000336.0
2014-05-19,2.8,2.8,2.79,2.76,57990500.0,141172048.0
2014-05-16,2.79,2.81,2.8,2.77,73314384.0,179277104.0
2014-05-15,2.77,2.79,2.79,2.77,44806888.0,109172704.0
2014-05-14,2.77,2.79,2.77,2.76,38293172.0,93116536.0
2014-05-13,2.76,2.79,2.77,2.76,63140504.0,153562000.0
2014-05-12,2.75,2.79,2.76,2.74,93779088.0,227191456.0
2014-05-09,2.74,2.76,2.74,2.73,78057648.0,187861760.0
2014-05-08,2.73,2.75,2.73,2.72,51441080.0,123195400.0
2014-05-07,2.72,2.73,2.72,2.72,46398824.0,110709632.0
2014-05-06,2.73,2.74,2.73,2.72,63954880.0,152813248.0
2014-05-05,2.75,2.75,2.73,2.72,106293752.0,254313056.0
2014-04-30,2.77,2.79,2.76,2.75,47872944.0,115707336.0
2014-04-29,2.76,2.79,2.77,2.75,85845208.0,207904656.0
2014-04-28,2.75,2.77,2.76,2.74,92814168.0,224233088.0
2014-04-25,2.75,2.77,2.75,2.74,86433808.0,208540176.0
2014-04-24,2.75,2.76,2.74,2.74,51559032.0,124134224.0
2014-04-23,2.75,2.76,2.76,2.74,54581488.0,131324736.0
2014-04-22,2.74,2.76,2.75,2.74,55624172.0,133921656.0
2014-04-21,2.76,2.79,2.74,2.74,67548040.0,163600224.0
2014-04-18,2.77,2.77,2.76,2.75,76094496.0,183960480.0
2014-04-17,2.8,2.8,2.79,2.77,40772856.0,99412072.0
2014-04-16,2.77,2.8,2.79,2.76,54125128.0,131841776.0
2014-04-15,2.8,2.81,2.77,2.76,68512984.0,167110672.0
2014-04-14,2.82,2.83,2.82,2.8,61366796.0,151045728.0
2014-04-11,2.81,2.83,2.82,2.8,134009776.0,330214048.0
2014-04-10,2.79,2.84,2.81,2.77,160322896.0,393646784.0
2014-04-09,2.79,2.8,2.8,2.77,76897136.0,187962224.0
2014-04-08,2.74,2.81,2.79,2.73,172573024.0,419845152.0
2014-04-04,2.72,2.75,2.74,2.71,65625516.0,157119072.0
2014-04-03,2.79,2.79,2.73,2.69,190123968.0,455949632.0
2014-04-02,2.77,2.79,2.79,2.76,64383048.0,156321120.0
2014-04-01,2.76,2.79,2.76,2.75,55792288.0,135405456.0
2014-03-31,2.77,2.79,2.76,2.75,95415440.0,231781984.0
2014-03-28,2.74,2.8,2.77,2.74,136644448.0,331737088.0
2014-03-27,2.74,2.77,2.74,2.72,116135824.0,279295392.0
2014-03-26,2.74,2.75,2.74,2.73,101473576.0,243881520.0
2014-03-25,2.73,2.75,2.74,2.72,91715584.0,219660240.0
2014-03-24,2.75,2.76,2.74,2.72,172079568.0,412987488.0
2014-03-21,2.66,2.76,2.74,2.65,306111552.0,729938880.0
2014-03-20,2.66,2.68,2.66,2.65,96472240.0,225817360.0
2014-03-19,2.66,2.67,2.66,2.65,56793852.0,132144672.0
2014-03-18,2.67,2.67,2.67,2.65,93141224.0,217275648.0
2014-03-17,2.68,2.69,2.67,2.66,94974160.0,222266704.0
2014-03-14,2.68,2.72,2.69,2.65,184976224.0,433875488.0
2014-03-13,2.62,2.79,2.69,2.61,273061312.0,645265728.0
2014-03-12,2.61,2.62,2.61,2.59,90609176.0,206872224.0
2014-03-11,2.61,2.61,2.61,2.6,64490540.0,147325552.0
2014-03-10,2.65,2.66,2.61,2.6,89045400.0,204907696.0
2014-03-07,2.66,2.67,2.66,2.65,71083240.0,165369440.0
2014-03-06,2.65,2.66,2.65,2.64,55706964.0,129327056.0
2014-03-05,2.66,2.67,2.65,2.65,53351920.0,124000504.0
2014-03-04,2.65,2.67,2.67,2.64,106243280.0,247214880.0
2014-03-03,2.67,2.67,2.66,2.65,104470688.0,243347520.0
2014-02-28,2.67,2.67,2.66,2.65,75320112.0,175688848.0
2014-02-27,2.67,2.68,2.67,2.65,96786672.0,226151392.0
2014-02-26,2.66,2.68,2.67,2.65,69147664.0,161699008.0
2014-02-25,2.68,2.69,2.67,2.66,98793216.0,231436032.0
2014-02-24,2.71,2.71,2.68,2.66,108632664.0,255211392.0
2014-02-21,2.72,2.73,2.72,2.71,61346536.0,145904976.0
2014-02-20,2.74,2.76,2.72,2.71,120760768.0,289235232.0
2014-02-19,2.72,2.77,2.75,2.71,143612592.0,344063424.0
2014-02-18,2.74,2.75,2.72,2.72,66523488.0,158780592.0
2014-02-17,2.75,2.75,2.74,2.74,61490712.0,147881296.0
2014-02-14,2.75,2.75,2.75,2.73,66736372.0,160181568.0
2014-02-13,2.74,2.77,2.75,2.73,119629368.0,288029376.0
2014-02-12,2.74,2.76,2.75,2.73,92337400.0,222048944.0
2014-02-11,2.72,2.76,2.75,2.71,175977024.0,422409664.0
2014-02-10,2.71,2.73,2.72,2.71,94072424.0,223925520.0
2014-02-07,2.71,2.71,2.71,2.68,52286492.0,123542056.0
2014-01-30,2.73,2.74,2.72,2.71,33810844.0,80524568.0
2014-01-29,2.72,2.74,2.74,2.71,68347384.0,163177024.0
2014-01-28,2.71,2.72,2.71,2.69,72620768.0,172146864.0
2014-01-27,2.69,2.71,2.69,2.68,48672064.0,114855264.0
2014-01-24,2.69,2.72,2.71,2.69,66719628.0,158055728.0
2014-01-23,2.72,2.72,2.69,2.69,80176960.0,190007568.0
2014-01-22,2.71,2.74,2.73,2.71,118387536.0,282175296.0
2014-01-21,2.71,2.72,2.71,2.69,52002072.0,123117936.0
2014-01-20,2.69,2.72,2.69,2.68,59263004.0,140303680.0
2014-01-17,2.71,2.72,2.69,2.68,67601328.0,159441344.0
2014-01-16,2.73,2.74,2.72,2.69,121063056.0,287050432.0
2014-01-15,2.75,2.76,2.73,2.73,61573128.0,147586352.0
2014-01-14,2.75,2.76,2.75,2.74,60804752.0,146415024.0
2014-01-13,2.74,2.76,2.75,2.73,67092204.0,161369664.0
2014-01-10,2.75,2.76,2.75,2.73,91387728.0,219846240.0
2014-01-09,2.76,2.77,2.75,2.75,62909568.0,151940704.0
2014-01-08,2.76,2.77,2.76,2.75,80706712.0,195345376.0
2014-01-07,2.76,2.77,2.77,2.75,62578368.0,151461184.0
2014-01-06,2.81,2.81,2.79,2.75,103628248.0,251799952.0
2014-01-03,2.81,2.82,2.81,2.79,65319036.0,160306368.0
2014-01-02,2.83,2.83,2.82,2.8,58007160.0,143059488.0
2013-12-31,2.81,2.85,2.83,2.8,77204464.0,191125648.0
2013-12-30,2.82,2.83,2.81,2.8,67745328.0,166797680.0
2013-12-27,2.79,2.83,2.81,2.77,99197712.0,243832912.0
2013-12-26,2.81,2.82,2.79,2.76,69320928.0,169672688.0
2013-12-25,2.82,2.83,2.82,2.81,38640848.0,95292448.0
2013-12-24,2.82,2.83,2.81,2.81,52862512.0,130463272.0
2013-12-23,2.82,2.83,2.82,2.8,67986912.0,167878336.0
2013-12-20,2.88,2.88,2.8,2.79,142569920.0,354088768.0
2013-12-19,2.89,2.89,2.88,2.87,80112712.0,201692224.0
2013-12-18,2.89,2.89,2.89,2.88,46034968.0,116151120.0
2013-12-17,2.9,2.9,2.9,2.87,93901608.0,236937872.0
2013-12-16,2.9,2.91,2.89,2.88,64550024.0,163572848.0
2013-12-13,2.9,2.91,2.89,2.88,82596808.0,209322144.0
2013-12-12,2.92,2.93,2.91,2.9,81003136.0,206430736.0
2013-12-11,2.97,2.99,2.93,2.91,95646136.0,246098160.0
2013-12-10,2.98,3.0,2.98,2.97,55477824.0,144976304.0
2013-12-09,3.01,3.01,2.98,2.98,74080792.0,194118752.0
2013-12-06,2.99,3.01,3.01,2.98,90672200.0,238073664.0
2013-12-05,3.04,3.04,3.01,2.98,82654488.0,217680656.0
2013-12-04,3.02,3.06,3.04,3.01,99424704.0,264133936.0
2013-12-03,3.04,3.06,3.04,3.01,102204920.0,271403936.0
2013-12-02,2.99,3.06,3.05,2.99,162731808.0,431870304.0
2013-11-29,3.0,3.0,2.99,2.98,64896396.0,170112224.0
2013-11-28,2.97,3.0,2.99,2.96,78515608.0,205361264.0
2013-11-27,2.96,2.98,2.96,2.94,50118640.0,130225488.0
2013-11-26,2.97,2.98,2.96,2.96,39787384.0,103504688.0
2013-11-25,2.97,3.0,2.97,2.96,69730640.0,181951680.0
2013-11-22,2.99,3.0,2.97,2.97,103053080.0,269630944.0
2013-11-21,2.93,3.0,2.99,2.92,145150096.0,375905120.0
2013-11-20,2.94,2.96,2.96,2.92,82630760.0,213083984.0
2013-11-19,2.96,2.96,2.94,2.92,118013232.0,303988288.0
2013-11-18,2.9,2.97,2.96,2.89,168711184.0,433184576.0
2013-11-15,2.88,2.91,2.9,2.88,85882648.0,217816400.0
2013-11-14,2.88,2.89,2.88,2.87,69984576.0,176398848.0
2013-11-13,2.91,2.92,2.88,2.87,79285968.0,200576656.0
2013-11-12,2.91,2.93,2.91,2.91,62335384.0,159559616.0
2013-11-11,2.91,2.92,2.91,2.9,60539692.0,154460128.0
2013-11-08,2.9,2.92,2.91,2.89,75763664.0,193307344.0
2013-11-07,2.9,2.91,2.91,2.89,62301764.0,158200368.0
2013-11-06,2.9,2.91,2.89,2.89,60966204.0,154817856.0
2013-11-05,2.9,2.92,2.92,2.88,84573368.0,214826176.0
2013-11-04,2.93,2.94,2.92,2.9,77765392.0,199245808.0
2013-11-01,2.92,2.94,2.92,2.87,143969856.0,368032160.0
2013-10-31,2.93,2.93,2.91,2.9,92830240.0,236716528.0
2013-10-30,2.89,2.94,2.93,2.88,143111664.0,365371328.0
2013-10-29,2.85,2.96,2.9,2.85,246150656.0,624805056.0
2013-10-28,2.84,2.85,2.84,2.83,83874960.0,208838016.0
2013-10-25,2.83,2.88,2.83,2.83,157899200.0,394393600.0
2013-10-24,2.85,2.87,2.83,2.83,88537464.0,220122176.0
2013-10-23,2.85,2.89,2.85,2.84,100231888.0,251555936.0
2013-10-22,2.87,2.87,2.85,2.84,60978572.0,152406752.0
2013-10-21,2.84,2.88,2.87,2.83,93050184.0,232863136.0
2013-10-18,2.84,2.87,2.84,2.83,70740224.0,176430000.0
2013-10-17,2.85,2.87,2.84,2.84,63216228.0,158074288.0
2013-10-16,2.84,2.85,2.84,2.83,76399320.0,190001744.0
2013-10-15,2.85,2.87,2.84,2.84,67168728.0,167618688.0
2013-10-14,2.87,2.87,2.87,2.84,96617088.0,241764512.0
2013-10-11,2.85,2.88,2.87,2.83,156052864.0,389718528.0
2013-10-10,2.87,2.87,2.83,2.83,86991704.0,216421408.0
2013-10-09,2.85,2.87,2.87,2.84,70254664.0,175723104.0
2013-10-08,2.84,2.87,2.87,2.82,102511304.0,255282640.0
2013-09-30,2.84,2.87,2.85,2.84,51735272.0,129242736.0
2013-09-27,2.84,2.85,2.84,2.83,67336712.0,167810384.0
2013-09-26,2.87,2.88,2.84,2.83,113412600.0,282394112.0
2013-09-25,2.88,2.89,2.88,2.87,74729568.0,188472288.0
2013-09-24,2.92,2.92,2.88,2.87,158177536.0,399175616.0
2013-09-23,2.91,2.94,2.92,2.91,87058696.0,222987520.0
2013-09-18,2.92,2.93,2.9,2.89,107176376.0,273063776.0
2013-09-17,2.99,3.0,2.91,2.9,150837744.0,389683360.0
2013-09-16,3.01,3.02,3.0,2.98,137279808.0,360898528.0
2013-09-13,3.01,3.04,3.0,2.98,212479184.0,560167872.0
2013-09-12,3.01,3.13,3.05,2.98,498536000.0,1332753536.0
2013-09-11,3.04,3.05,3.01,2.99,253900224.0,671314368.0
2013-09-10,3.14,3.14,3.06,2.99,434423296.0,1160276736.0
2013-09-09,2.85,3.1,3.1,2.85,652657216.0,1724344320.0
2013-09-06,2.81,2.83,2.82,2.81,73339280.0,181157408.0
2013-09-05,2.83,2.83,2.82,2.81,54577932.0,134620032.0
2013-09-04,2.83,2.84,2.83,2.81,67247680.0,166480416.0
2013-09-03,2.82,2.84,2.84,2.81,81638968.0,202103824.0
2013-09-02,2.82,2.82,2.81,2.8,87987064.0,216555200.0
2013-08-30,2.8,2.82,2.82,2.8,67333888.0,165540080.0
2013-08-29,2.82,2.82,2.81,2.79,59228808.0,145486704.0
2013-08-28,2.82,2.82,2.8,2.8,68146752.0,167559072.0
2013-08-27,2.83,2.84,2.82,2.8,59343600.0,146308848.0
2013-08-26,2.81,2.84,2.83,2.8,74301856.0,183589360.0
2013-08-23,2.84,2.84,2.82,2.79,75195992.0,185354608.0
2013-08-22,2.84,2.85,2.83,2.82,63501800.0,157868928.0
2013-08-21,2.88,2.88,2.84,2.83,54302556.0,135696016.0
2013-08-20,2.85,2.89,2.87,2.84,80998624.0,202904672.0
2013-08-19,2.85,2.88,2.85,2.84,73750904.0,184801184.0
2013-08-16,2.84,3.12,2.85,2.82,227717888.0,575640320.0
2013-08-15,2.85,2.87,2.83,2.83,55277204.0,137947024.0
2013-08-14,2.85,2.87,2.84,2.84,66726860.0,166918288.0
2013-08-13,2.84,2.85,2.84,2.82,96002160.0,238523568.0
2013-08-12,2.81,2.85,2.84,2.8,82349744.0,203885648.0
2013-08-09,2.81,2.81,2.81,2.79,51368080.0,125916120.0
2013-08-08,2.8,2.82,2.8,2.79,50788272.0,124712240.0
2013-08-07,2.81,2.83,2.8,2.8,53456700.0,131546008.0
2013-08-06,2.81,2.83,2.82,2.8,54746828.0,134721408.0
2013-08-05,2.82,2.83,2.82,2.8,34822576.0,85716760.0
2013-08-02,2.84,2.85,2.81,2.81,56825600.0,140840688.0
2013-08-01,2.8,2.84,2.83,2.79,70328752.0,173541712.0
2013-07-31,2.82,2.83,2.8,2.79,41718736.0,102439392.0
2013-07-30,2.8,2.84,2.8,2.77,79840704.0,196396896.0
2013-07-29,2.83,2.83,2.79,2.76,66468868.0,162960944.0
2013-07-26,2.87,2.88,2.83,2.83,58016460.0,145019968.0
2013-07-25,2.89,2.9,2.87,2.87,58800876.0,148111472.0
2013-07-24,2.89,2.9,2.88,2.85,77398048.0,194974704.0
2013-07-23,2.89,2.91,2.89,2.87,79473008.0,201591232.0
2013-07-22,2.85,2.89,2.88,2.84,78505680.0,197446096.0
2013-07-19,2.89,2.92,2.88,2.87,80342456.0,203265920.0
2013-07-18,2.9,2.92,2.88,2.87,81118256.0,205767728.0
2013-07-17,2.88,2.93,2.9,2.88,68861488.0,175598672.0
2013-07-16,2.85,2.9,2.89,2.84,82071864.0,206333472.0
2013-07-15,2.88,2.91,2.88,2.85,103686288.0,261112192.0
2013-07-12,2.92,2.93,2.87,2.87,124340936.0,316190240.0
2013-07-11,2.87,2.98,2.93,2.85,126513664.0,323263936.0
2013-07-10,2.84,2.88,2.87,2.83,73986952.0,185032112.0
2013-07-09,2.83,2.87,2.84,2.82,52090540.0,129861136.0
2013-07-08,2.82,2.84,2.84,2.8,83033736.0,205588304.0
2013-07-05,2.83,2.83,2.83,2.82,35214164.0,87140032.0
2013-07-04,2.8,2.84,2.82,2.8,67818768.0,167596208.0
2013-07-03,2.85,2.85,2.82,2.79,111485856.0,274387808.0
2013-07-02,2.84,2.89,2.85,2.82,124937304.0,311567424.0
2013-07-01,2.8,2.85,2.84,2.75,123624056.0,303264672.0
2013-06-28,2.77,2.83,2.81,2.72,215581056.0,525116512.0
2013-06-27,2.7,2.78,2.75,2.69,189908192.0,484874272.0
2013-06-26,2.7,2.71,2.7,2.65,156376944.0,390549312.0
2013-06-25,2.65,2.73,2.69,2.61,180370688.0,446450048.0
2013-06-24,2.76,2.77,2.66,2.65,174631472.0,436416736.0
2013-06-21,2.78,2.8,2.76,2.75,97462496.0,251967504.0
2013-06-20,2.87,2.87,2.79,2.78,117388576.0,307844160.0
2013-06-19,2.89,2.9,2.87,2.85,57537476.0,153832192.0
2013-06-18,2.9,2.91,2.89,2.87,66292716.0,178215904.0
2013-06-17,2.91,2.92,2.87,2.87,75311072.0,202839184.0
2013-06-14,2.88,2.92,2.91,2.87,127995520.0,344050848.0
2013-06-13,2.89,2.9,2.89,2.84,167106848.0,445669376.0
2013-06-07,2.93,2.94,2.9,2.9,73833496.0,200550112.0
2013-06-06,2.94,2.95,2.92,2.92,70882304.0,193927280.0
2013-06-05,2.93,2.95,2.94,2.93,96319280.0,263784976.0
2013-06-04,2.94,2.95,2.93,2.93,109128880.0,298943840.0
2013-06-03,2.93,2.95,2.94,2.92,109532024.0,300406336.0
2013-05-31,2.93,2.95,2.93,2.93,83002608.0,227337328.0
2013-05-30,2.93,2.95,2.93,2.93,127680504.0,349311904.0
2013-05-29,2.95,2.96,2.94,2.93,135766496.0,372133632.0
2013-05-28,2.91,2.95,2.94,2.91,155911472.0,424869440.0
2013-05-27,2.92,2.93,2.92,2.91,87805768.0,238780720.0
2013-05-24,2.93,2.94,2.93,2.91,95862456.0,261342048.0
2013-05-23,2.95,2.96,2.93,2.91,109718456.0,299669280.0
2013-05-22,2.96,2.98,2.96,2.94,60604012.0,167257984.0
2013-05-21,2.96,2.98,2.96,2.95,69171976.0,190779824.0
2013-05-20,2.96,3.0,2.96,2.95,112160848.0,311214688.0
2013-05-17,2.92,2.96,2.95,2.91,166120256.0,454307584.0
2013-05-16,2.9,2.93,2.92,2.89,74500584.0,202233264.0
2013-05-15,2.91,2.91,2.91,2.89,26566646.0,71793424.0
2013-05-14,2.92,2.93,2.9,2.89,83140144.0,225070256.0
2013-05-13,2.94,2.94,2.93,2.91,68128352.0,185628256.0
2013-05-10,2.94,2.96,2.94,2.92,102102392.0,279260864.0
2013-05-09,2.95,2.96,2.94,2.93,59961272.0,164517792.0
2013-05-08,2.94,2.96,2.95,2.93,85803032.0,235798432.0
2013-05-07,2.92,2.94,2.93,2.92,63628732.0,173651104.0
2013-05-06,2.92,2.95,2.92,2.91,90823088.0,247971808.0
2013-05-03,2.9,2.94,2.92,2.9,104708760.0,285196832.0
2013-05-02,2.89,2.91,2.9,2.85,116326000.0,311891200.0
2013-04-26,2.92,2.92,2.89,2.88,98526496.0,265189440.0
2013-04-25,2.94,2.94,2.91,2.89,116132264.0,314680480.0
2013-04-24,2.89,2.94,2.94,2.88,114833392.0,312241664.0
2013-04-23,2.93,2.94,2.89,2.88,75154024.0,202884864.0
2013-04-22,2.94,2.95,2.93,2.92,70838480.0,193668912.0
2013-04-19,2.9,2.96,2.94,2.89,128326072.0,350434880.0
2013-04-18,2.88,2.9,2.89,2.87,59191016.0,159070032.0
2013-04-17,2.92,2.92,2.89,2.88,71236872.0,191983584.0
2013-04-16,2.92,2.93,2.91,2.9,64064772.0,173837536.0
2013-04-15,2.92,2.93,2.92,2.91,98561688.0,268210992.0
2013-04-12,2.91,2.92,2.91,2.9,48095716.0,130242384.0
2013-04-11,2.93,2.94,2.9,2.89,62444116.0,169528496.0
2013-04-10,2.92,2.93,2.91,2.91,74964120.0,203995568.0
2013-04-09,2.92,2.94,2.92,2.92,84066400.0,229251040.0
2013-04-08,2.9,2.92,2.91,2.89,100115776.0,270890528.0
2013-04-03,2.91,2.96,2.93,2.9,129304480.0,352956672.0
2013-04-02,2.88,2.91,2.89,2.87,86506216.0,232918336.0
2013-04-01,2.89,2.91,2.88,2.88,83033784.0,223222000.0
2013-03-29,2.9,2.92,2.9,2.89,90165200.0,244257088.0
2013-03-28,3.0,3.0,2.9,2.83,396446240.0,1067750976.0
2013-03-27,3.08,3.1,3.03,3.02,174173088.0,495851424.0
2013-03-26,3.1,3.11,3.07,3.04,107099864.0,306508672.0
2013-03-25,3.1,3.13,3.11,3.1,73721208.0,213916272.0
2013-03-22,3.09,3.1,3.09,3.07,63032304.0,181191424.0
2013-03-21,3.1,3.12,3.09,3.07,94853936.0,273727264.0
2013-03-20,3.02,3.12,3.1,3.02,217933888.0,626229120.0
2013-03-19,3.02,3.04,3.02,2.99,115664744.0,324261824.0
2013-03-18,3.06,3.07,3.0,3.0,122096976.0,344937120.0
2013-03-15,3.05,3.1,3.08,3.0,197468496.0,564087616.0
2013-03-14,2.99,3.05,3.05,2.98,125330024.0,352081408.0
2013-03-13,3.02,3.05,3.0,2.97,137056848.0,383820672.0
2013-03-12,3.05,3.09,3.03,3.0,147414032.0,418276928.0
2013-03-11,3.07,3.08,3.06,3.03,113421952.0,322332160.0
2013-03-08,3.09,3.12,3.08,3.06,106002984.0,304208704.0
2013-03-07,3.13,3.14,3.08,3.06,151992960.0,439762752.0
2013-03-06,3.19,3.2,3.15,3.12,198033008.0,582177856.0
2013-03-05,3.06,3.23,3.19,3.05,284866656.0,828992128.0
2013-03-04,3.1,3.17,3.06,3.0,252133392.0,722470528.0
2013-03-01,3.22,3.23,3.17,3.11,143711216.0,425484928.0
2013-02-28,3.15,3.24,3.22,3.12,224303296.0,666391232.0
2013-02-27,3.09,3.17,3.14,3.08,182134512.0,530276576.0
2013-02-26,3.1,3.2,3.08,3.07,210810752.0,618109120.0
2013-02-25,3.11,3.17,3.11,3.09,113446560.0,330343072.0
2013-02-22,3.15,3.15,3.12,3.09,140840000.0,410501280.0
2013-02-21,3.25,3.26,3.17,3.11,304538784.0,899360832.0
2013-02-20,3.29,3.32,3.27,3.23,182687904.0,555142912.0
2013-02-19,3.32,3.34,3.29,3.26,153695984.0,471430368.0
2013-02-18,3.35,3.4,3.32,3.31,253638928.0,794786176.0
2013-02-08,3.36,3.39,3.33,3.32,233158704.0,725853056.0
2013-02-07,3.42,3.44,3.37,3.31,315462016.0,990458048.0
2013-02-06,3.42,3.48,3.43,3.39,233170784.0,745610496.0
2013-02-05,3.43,3.46,3.42,3.38,343187360.0,1093831040.0
2013-02-04,3.37,3.52,3.47,3.36,501872992.0,1614986624.0
2013-02-01,3.29,3.38,3.37,3.26,388129248.0,1202759168.0
2013-01-31,3.24,3.34,3.31,3.23,502788896.0,1542566144.0
2013-01-30,3.13,3.24,3.23,3.12,558564736.0,1661433088.0
2013-01-29,3.11,3.14,3.12,3.09,313601952.0,908397248.0
2013-01-28,3.03,3.13,3.12,3.02,390946976.0,1124930176.0
2013-01-25,3.06,3.07,3.03,3.0,181620528.0,514305856.0
2013-01-24,3.04,3.12,3.07,3.03,424746560.0,1217478144.0
2013-01-23,3.02,3.05,3.04,2.99,231953808.0,653407424.0
2013-01-22,2.97,3.09,3.02,2.96,300367072.0,844795008.0
2013-01-21,3.02,3.02,2.98,2.96,149396640.0,414922816.0
2013-01-18,2.98,3.03,3.0,2.97,93251280.0,260399008.0
2013-01-17,2.98,2.98,2.97,2.95,83781232.0,231529888.0
2013-01-16,3.04,3.04,2.98,2.96,147653424.0,411938304.0
2013-01-15,3.05,3.07,3.05,3.03,181549520.0,513996576.0
2013-01-14,2.98,3.08,3.05,2.97,201038832.0,567769088.0
2013-01-11,3.03,3.03,2.99,2.97,98337576.0,274844032.0
2013-01-10,3.03,3.04,3.03,3.02,124676464.0,351421856.0
2013-01-09,3.05,3.06,3.03,3.0,101774320.0,287554368.0
2013-01-08,3.09,3.1,3.05,3.03,103867376.0,295654592.0
2013-01-07,3.09,3.11,3.08,3.07,139115904.0,400317184.0
2013-01-04,3.04,3.11,3.1,3.0,368017248.0,1055235904.0
2012-12-31,2.96,3.02,3.0,2.95,178108656.0,495313792.0
2012-12-28,2.94,2.98,2.96,2.93,165537696.0,455348640.0
2012-12-27,2.96,2.98,2.94,2.93,109688216.0,301428736.0
2012-12-26,3.0,3.0,2.97,2.95,107126544.0,296052384.0
2012-12-25,2.93,3.04,3.0,2.92,143619824.0,400844192.0
2012-12-24,2.92,2.95,2.93,2.91,54838548.0,149796000.0
2012-12-21,2.94,2.96,2.91,2.9,112759696.0,307656224.0
2012-12-20,2.95,2.96,2.94,2.92,60827696.0,166533264.0
2012-12-19,2.96,2.98,2.95,2.93,99547088.0,274450528.0
2012-12-18,2.93,2.99,2.97,2.91,191191088.0,526175296.0
2012-12-17,2.98,3.0,2.94,2.92,158831872.0,437070944.0
2012-12-14,2.88,3.0,2.99,2.88,191904256.0,530947584.0
2012-12-13,2.88,2.89,2.88,2.85,61081372.0,163479456.0
2012-12-12,2.87,2.89,2.88,2.85,93613904.0,250756176.0
2012-12-11,2.84,2.89,2.87,2.84,75300464.0,201508496.0
2012-12-10,2.82,2.87,2.87,2.81,144023792.0,380876448.0
2012-12-07,2.81,2.84,2.81,2.8,194680416.0,511144128.0
2012-12-06,2.81,2.82,2.81,2.79,77340560.0,202659776.0
2012-12-05,2.78,2.83,2.81,2.77,128807896.0,336307072.0
2012-12-04,2.79,2.8,2.77,2.77,58950080.0,153184544.0
2012-12-03,2.79,2.81,2.8,2.77,44719672.0,115975128.0
2012-11-30,2.82,2.84,2.79,2.79,51548024.0,135805296.0
2012-11-29,2.83,2.84,2.83,2.81,66760892.0,176335008.0
2012-11-28,2.8,2.83,2.83,2.79,78748552.0,206354720.0
2012-11-27,2.79,2.81,2.8,2.78,54074588.0,141082208.0
2012-11-26,2.76,2.8,2.8,2.75,49269456.0,127556736.0
2012-11-23,2.78,2.79,2.77,2.76,56000388.0,144810928.0
2012-11-22,2.77,2.78,2.77,2.76,26906430.0,69414376.0
2012-11-21,2.75,2.78,2.77,2.75,38529844.0,99283080.0
2012-11-20,2.75,2.76,2.76,2.73,33755716.0,86347928.0
2012-11-19,2.75,2.77,2.75,2.73,39947496.0,102256024.0
2012-11-16,2.76,2.77,2.77,2.71,76516208.0,195627984.0
2012-11-15,2.76,2.79,2.77,2.75,62201524.0,160295808.0
2012-11-14,2.76,2.79,2.77,2.75,71584576.0,184864272.0
2012-11-13,2.77,2.77,2.76,2.74,74274016.0,190646336.0
2012-11-12,2.75,2.78,2.77,2.75,74618336.0,192478912.0
2012-11-09,2.75,2.77,2.77,2.74,65293172.0,167540432.0
2012-11-08,2.75,2.77,2.76,2.71,51590736.0,131693312.0
2012-11-07,2.75,2.77,2.76,2.74,34792580.0,89354328.0
2012-11-06,2.75,2.76,2.76,2.71,66408068.0,169617248.0
2012-11-05,2.74,2.76,2.75,2.71,48054404.0,122566472.0
2012-11-02,2.71,2.76,2.74,2.7,88186664.0,224221696.0
2012-11-01,2.68,2.73,2.71,2.68,72312784.0,182520992.0
2012-10-31,2.66,2.69,2.68,2.65,34747620.0,86516208.0
2012-10-30,2.65,2.67,2.66,2.64,46823372.0,115817760.0
2012-10-29,2.66,2.66,2.65,2.64,32231244.0,79662800.0
2012-10-26,2.68,2.7,2.65,2.64,41716092.0,103694016.0
2012-10-25,2.68,2.7,2.68,2.67,30565002.0,76598304.0
2012-10-24,2.69,2.7,2.69,2.68,28275592.0,70945336.0
2012-10-23,2.7,2.71,2.69,2.69,20417420.0,51423392.0
2012-10-22,2.69,2.71,2.7,2.68,39921768.0,100669472.0
2012-10-19,2.69,2.7,2.7,2.68,48359776.0,121613024.0
2012-10-18,2.7,2.71,2.69,2.68,62636076.0,157733392.0
2012-10-17,2.68,2.7,2.69,2.68,35832284.0,89947664.0
2012-10-16,2.69,2.7,2.68,2.67,31706070.0,79218752.0
2012-10-15,2.68,2.7,2.69,2.67,42645468.0,106985960.0
2012-10-12,2.67,2.7,2.68,2.67,62289692.0,156021008.0
2012-10-11,2.66,2.68,2.67,2.64,48436140.0,119885064.0
2012-10-10,2.67,2.67,2.66,2.64,44281336.0,109675024.0
2012-10-09,2.65,2.69,2.67,2.64,74725680.0,186064576.0
2012-10-08,2.63,2.65,2.65,2.62,45962504.0,112792488.0
2012-09-28,2.61,2.65,2.64,2.61,72986064.0,178359952.0
2012-09-27,2.56,2.64,2.63,2.56,89659984.0,218146512.0
2012-09-26,2.58,2.59,2.58,2.55,35919504.0,86034432.0
2012-09-25,2.59,2.6,2.59,2.58,22952188.0,55224984.0
2012-09-24,2.59,2.6,2.59,2.58,58130944.0,140051216.0
2012-09-21,2.6,2.61,2.59,2.59,62289792.0,150625248.0
2012-09-20,2.6,2.62,2.61,2.59,54102912.0,131155720.0
2012-09-19,2.62,2.63,2.62,2.6,56159664.0,136685488.0
2012-09-18,2.64,2.64,2.62,2.62,27545156.0,67379736.0
2012-09-17,2.65,2.67,2.64,2.63,52193168.0,128960176.0
2012-09-14,2.64,2.67,2.66,2.63,62367160.0,154088048.0
2012-09-13,2.63,2.65,2.63,2.62,30664298.0,75332416.0
2012-09-12,2.65,2.66,2.64,2.62,40304760.0,98985512.0
2012-09-11,2.65,2.65,2.65,2.62,38935764.0,95517168.0
2012-09-10,2.66,2.67,2.66,2.64,56756852.0,140452240.0
2012-09-07,2.61,2.68,2.67,2.6,141317728.0,348722912.0
2012-09-06,2.6,2.61,2.61,2.59,35686776.0,86172928.0
2012-09-05,2.63,2.63,2.6,2.59,66445984.0,161032496.0
2012-09-04,2.63,2.64,2.63,2.62,46764248.0,114482280.0
2012-09-03,2.65,2.66,2.63,2.63,49676140.0,122287488.0
2012-08-31,2.67,2.67,2.66,2.65,41167560.0,102074504.0
2012-08-30,2.66,2.68,2.67,2.66,62700580.0,156143456.0
2012-08-29,2.68,2.69,2.68,2.66,20337364.0,50627680.0
2012-08-28,2.67,2.69,2.67,2.66,30847824.0,77043992.0
2012-08-27,2.65,2.68,2.67,2.65,53157116.0,132158664.0
2012-08-24,2.66,2.66,2.66,2.65,49099640.0,121555024.0
2012-08-23,2.66,2.67,2.66,2.65,55291012.0,137063632.0
2012-08-22,2.66,2.67,2.67,2.65,39645032.0,98186312.0
2012-08-21,2.67,2.68,2.66,2.66,53374096.0,132665120.0
2012-08-20,2.68,2.7,2.68,2.66,30300170.0,75585704.0
2012-08-17,2.7,2.71,2.69,2.68,39085932.0,98199512.0
2012-08-16,2.69,2.71,2.7,2.69,14674016.0,36929576.0
2012-08-15,2.73,2.74,2.69,2.69,34835796.0,88009992.0
2012-08-14,2.71,2.74,2.73,2.71,66267072.0,168674464.0
2012-08-13,2.7,2.73,2.71,2.7,44744664.0,113574336.0
2012-08-10,2.71,2.73,2.71,2.7,31022692.0,78647176.0
2012-08-09,2.69,2.71,2.71,2.69,34423184.0,86869968.0
2012-08-08,2.68,2.71,2.69,2.68,48305564.0,121856672.0
2012-08-07,2.69,2.7,2.68,2.68,30272212.0,75807272.0
2012-08-06,2.7,2.71,2.68,2.68,41906372.0,105235856.0
2012-08-03,2.69,2.71,2.7,2.69,22008294.0,55523392.0
2012-08-02,2.68,2.7,2.69,2.68,23973558.0,60150164.0
2012-08-01,2.69,2.7,2.68,2.68,29344716.0,73745456.0
2012-07-31,2.68,2.7,2.7,2.67,41806792.0,104970952.0
2012-07-30,2.66,2.69,2.67,2.65,42110056.0,105079696.0
2012-07-27,2.64,2.67,2.66,2.63,39118736.0,96730216.0
2012-07-26,2.62,2.64,2.63,2.62,24477788.0,60068584.0
2012-07-25,2.62,2.64,2.63,2.62,21008248.0,51371212.0
2012-07-24,2.65,2.65,2.62,2.62,42578452.0,104499624.0
2012-07-23,2.66,2.67,2.64,2.63,34312904.0,84743016.0
2012-07-20,2.67,2.68,2.67,2.65,29811444.0,74093528.0
2012-07-19,2.68,2.69,2.67,2.67,31775166.0,79383848.0
2012-07-18,2.68,2.69,2.67,2.66,37963584.0,94859776.0
2012-07-17,2.66,2.68,2.67,2.65,44781616.0,111298216.0
2012-07-16,2.66,2.66,2.66,2.64,60706404.0,150161728.0
2012-07-13,2.64,2.66,2.65,2.64,35168220.0,86780168.0
2012-07-12,2.66,2.67,2.64,2.63,77542200.0,191233984.0
2012-07-11,2.68,2.69,2.66,2.65,50195772.0,124921512.0
2012-07-10,2.69,2.7,2.68,2.67,45583100.0,114142760.0
2012-07-09,2.74,2.76,2.69,2.68,77200224.0,196074048.0
2012-07-06,2.74,2.75,2.74,2.73,33654472.0,85901120.0
2012-07-05,2.75,2.76,2.76,2.75,35687036.0,91615912.0
2012-07-04,2.76,2.77,2.76,2.75,36893152.0,94729544.0
2012-07-03,2.77,2.78,2.76,2.76,29959284.0,77208384.0
2012-07-02,2.77,2.78,2.77,2.76,50291952.0,129756120.0
2012-06-29,2.74,2.78,2.78,2.74,66279120.0,170797984.0
2012-06-28,2.75,2.76,2.74,2.74,36529432.0,93616960.0
2012-06-27,2.74,2.75,2.75,2.73,37428908.0,95468928.0
2012-06-26,2.73,2.75,2.74,2.73,35417864.0,90227072.0
2012-06-25,2.73,2.75,2.73,2.71,52361848.0,133621928.0
2012-06-21,2.74,2.75,2.73,2.71,73693712.0,187559376.0
2012-06-20,2.76,2.76,2.74,2.73,45339876.0,115849368.0
2012-06-19,2.73,2.73,2.73,2.7,62349032.0,166439600.0
2012-06-18,2.71,2.73,2.73,2.7,51567768.0,137480256.0
2012-06-15,2.67,2.73,2.7,2.66,92104704.0,243480352.0
2012-06-14,2.67,2.68,2.67,2.65,64759304.0,169062848.0
2012-06-13,2.67,2.68,2.67,2.66,76652216.0,200400560.0
2012-06-12,2.67,2.67,2.66,2.65,57605536.0,150400656.0
2012-06-11,2.67,2.68,2.67,2.66,101420992.0,265645488.0
2012-06-07,2.69,2.7,2.68,2.67,36282796.0,95696112.0
2012-06-06,2.68,2.69,2.69,2.67,28350648.0,74669768.0
2012-06-05,2.67,2.68,2.67,2.66,37305088.0,97795432.0
2012-06-04,2.7,2.71,2.66,2.66,72754088.0,191653552.0
2012-06-01,2.7,2.73,2.7,2.7,38416576.0,102195304.0
2012-05-31,2.73,2.73,2.69,2.69,74093488.0,196877216.0
2012-05-30,2.73,2.75,2.75,2.73,52553200.0,140802336.0
2012-05-29,2.71,2.75,2.75,2.7,56048992.0,149678912.0
2012-05-28,2.7,2.73,2.71,2.7,59969288.0,159273504.0
2012-05-25,2.7,2.71,2.69,2.69,30339232.0,80460664.0
2012-05-24,2.7,2.71,2.7,2.69,35709596.0,94628320.0
2012-05-23,2.71,2.73,2.7,2.7,26776548.0,71126864.0
2012-05-22,2.71,2.71,2.71,2.7,35815032.0,95100416.0
2012-05-21,2.73,2.73,2.7,2.69,60731200.0,161301120.0
2012-05-18,2.73,2.75,2.7,2.69,86998192.0,231640352.0
2012-05-17,2.73,2.77,2.75,2.71,56869820.0,152741024.0
2012-05-16,2.75,2.75,2.73,2.71,73893488.0,197565248.0
2012-05-15,2.75,2.75,2.75,2.73,64827768.0,173923088.0
2012-05-14,2.79,2.79,2.75,2.73,79791976.0,215838832.0
2012-05-11,2.79,2.81,2.79,2.78,65724988.0,179590000.0
2012-05-10,2.79,2.81,2.8,2.78,55757364.0,152488400.0
2012-05-09,2.81,2.81,2.78,2.78,75335040.0,205883952.0
2012-05-08,2.79,2.82,2.82,2.78,104131456.0,285364288.0
2012-05-07,2.79,2.8,2.79,2.78,81140968.0,221749632.0
2012-05-04,2.79,2.81,2.79,2.78,99328056.0,271352832.0
2012-05-03,2.79,2.79,2.79,2.77,61399868.0,167023360.0
2012-05-02,2.8,2.8,2.79,2.78,124189592.0,339059872.0
2012-04-27,2.79,2.8,2.78,2.78,53652240.0,146129872.0
2012-04-26,2.79,2.81,2.79,2.78,48934620.0,133423552.0
2012-04-25,2.79,2.8,2.8,2.78,47160128.0,128911232.0
2012-04-24,2.78,2.81,2.8,2.77,91645536.0,250534976.0
2012-04-23,2.79,2.79,2.77,2.77,47812200.0,130024696.0
2012-04-20,2.77,2.8,2.79,2.75,78028688.0,212170224.0
2012-04-19,2.75,2.78,2.77,2.75,59553640.0,161329936.0
2012-04-18,2.73,2.78,2.77,2.73,108941296.0,294550400.0
2012-04-17,2.71,2.73,2.73,2.71,52758440.0,140902304.0
2012-04-16,2.73,2.73,2.71,2.71,49999476.0,133489640.0
2012-04-13,2.73,2.75,2.73,2.73,62169652.0,166614384.0
2012-04-12,2.69,2.73,2.73,2.69,90991520.0,242298720.0
2012-04-11,2.69,2.71,2.69,2.68,73589256.0,194501600.0
2012-04-10,2.68,2.7,2.69,2.68,33085724.0,87320152.0
2012-04-09,2.68,2.7,2.68,2.68,25765500.0,67821832.0
2012-04-06,2.7,2.71,2.69,2.68,44463976.0,117426056.0
2012-04-05,2.71,2.73,2.7,2.68,140306192.0,371017408.0
2012-03-30,2.69,2.73,2.73,2.69,96216184.0,255435904.0
2012-03-29,2.7,2.71,2.7,2.69,81570080.0,215946448.0
2012-03-28,2.7,2.73,2.7,2.7,95292176.0,253326960.0
2012-03-27,2.71,2.71,2.7,2.7,68922576.0,182779360.0
2012-03-26,2.69,2.71,2.71,2.69,99912904.0,264515984.0
2012-03-23,2.7,2.71,2.69,2.68,109588920.0,289625216.0
2012-03-22,2.67,2.7,2.7,2.67,169436624.0,446258720.0
2012-03-21,2.68,2.69,2.67,2.66,135760400.0,355773440.0
2012-03-20,2.7,2.71,2.67,2.67,129373952.0,340791936.0
2012-03-19,2.73,2.73,2.7,2.69,133559680.0,354730848.0
2012-03-16,2.73,2.73,2.73,2.71,119618888.0,319721280.0
2012-03-15,2.75,2.78,2.73,2.71,230373280.0,621654464.0
2012-03-14,2.78,2.8,2.75,2.75,157718960.0,428756704.0
2012-03-13,2.77,2.78,2.77,2.75,69344544.0,187976928.0
2012-03-12,2.75,2.77,2.75,2.75,76810304.0,206918304.0
2012-03-09,2.77,2.78,2.77,2.75,89240712.0,241321744.0
2012-03-08,2.75,2.78,2.77,2.75,77402384.0,209339600.0
2012-03-07,2.75,2.77,2.75,2.73,86397072.0,232791568.0
2012-03-06,2.79,2.8,2.77,2.75,75021592.0,203736496.0
2012-03-05,2.81,2.81,2.79,2.78,108813408.0,297624960.0
2012-03-02,2.8,2.81,2.8,2.79,74282560.0,203751216.0
2012-03-01,2.8,2.81,2.8,2.79,35428076.0,97169680.0
2012-02-29,2.81,2.82,2.81,2.79,59775488.0,164003936.0
2012-02-28,2.79,2.82,2.82,2.79,112472640.0,309419808.0
2012-02-27,2.8,2.81,2.8,2.78,148939344.0,407709728.0
2012-02-24,2.77,2.8,2.8,2.75,127666832.0,347006528.0
2012-02-23,2.78,2.78,2.77,2.77,59718984.0,162052720.0
2012-02-22,2.78,2.79,2.78,2.75,80748312.0,218980192.0
2012-02-21,2.78,2.79,2.78,2.77,33052260.0,89963696.0
2012-02-20,2.79,2.8,2.78,2.77,79268544.0,216279248.0
2012-02-17,2.75,2.77,2.75,2.75,41841836.0,113204496.0
2012-02-16,2.75,2.77,2.75,2.75,55656640.0,150089120.0
2012-02-15,2.75,2.78,2.75,2.75,71977360.0,194801008.0
2012-02-14,2.77,2.77,2.75,2.75,57386848.0,154930016.0
2012-02-13,2.77,2.78,2.77,2.75,60565216.0,164014640.0
2012-02-10,2.78,2.81,2.78,2.77,82018896.0,223715728.0
2012-02-09,2.81,2.82,2.79,2.78,51126616.0,139719168.0
2012-02-08,2.78,2.83,2.81,2.77,72550672.0,199172576.0
2012-02-07,2.8,2.81,2.78,2.77,54997160.0,149949696.0
2012-02-06,2.81,2.82,2.81,2.79,65516664.0,179869824.0
2012-02-03,2.79,2.82,2.81,2.78,131592824.0,360612320.0
2012-02-02,2.75,2.79,2.79,2.73,109422768.0,296519840.0
2012-02-01,2.75,2.77,2.73,2.73,68407520.0,184259152.0
2012-01-31,2.75,2.75,2.75,2.73,108784368.0,291857152.0
2012-01-30,2.79,2.79,2.73,2.73,116110752.0,312947744.0
2012-01-20,2.77,2.79,2.78,2.75,152252176.0,412517344.0
2012-01-19,2.75,2.77,2.75,2.73,94004672.0,253916832.0
2012-01-18,2.75,2.75,2.75,2.71,126405640.0,339461952.0
2012-01-17,2.7,2.75,2.75,2.69,122383768.0,326730912.0
2012-01-13,2.7,2.71,2.7,2.69,69265136.0,183878400.0
2012-01-12,2.73,2.73,2.7,2.7,93682232.0,249596592.0
2012-01-11,2.75,2.75,2.73,2.73,76799624.0,206008080.0
2012-01-10,2.73,2.75,2.75,2.71,87197728.0,233754704.0
2012-01-09,2.7,2.73,2.73,2.68,89918280.0,239344896.0
2012-01-06,2.69,2.73,2.71,2.69,79769712.0,211840160.0
2012-01-05,2.65,2.71,2.7,2.65,143180848.0,378868160.0
2012-01-04,2.67,2.68,2.65,2.64,79900880.0,208896544.0
2011-12-30,2.65,2.67,2.67,2.64,101892064.0,265189584.0
2011-12-29,2.63,2.65,2.65,2.62,47704608.0,123674976.0
2011-12-28,2.63,2.64,2.64,2.6,77180216.0,198844256.0
2011-12-27,2.63,2.65,2.64,2.62,49399180.0,127537992.0
2011-12-26,2.63,2.64,2.63,2.62,44124220.0,113750448.0
2011-12-23,2.64,2.66,2.63,2.63,75772728.0,196594512.0
2011-12-22,2.64,2.67,2.65,2.63,127337872.0,330566336.0
2011-12-21,2.63,2.66,2.65,2.62,110575176.0,286884032.0
2011-12-20,2.61,2.64,2.63,2.6,57551864.0,147816912.0
2011-12-19,2.6,2.62,2.61,2.57,77553656.0,197608800.0
2011-12-16,2.57,2.63,2.62,2.56,98782104.0,251193232.0
2011-12-15,2.59,2.6,2.58,2.56,44753624.0,113002312.0
2011-12-14,2.59,2.6,2.59,2.57,31752090.0,80564936.0
2011-12-13,2.62,2.64,2.59,2.58,72010616.0,185134832.0
2011-12-12,2.64,2.65,2.62,2.62,23646340.0,61025040.0
2011-12-09,2.62,2.65,2.64,2.62,43889360.0,113578680.0
2011-12-08,2.62,2.64,2.63,2.6,40819536.0,105039176.0
2011-12-07,2.6,2.63,2.62,2.6,26414722.0,67834128.0
2011-12-06,2.64,2.65,2.61,2.6,46944500.0,120574304.0
2011-12-05,2.63,2.65,2.65,2.62,67092920.0,173882800.0
2011-12-02,2.63,2.64,2.63,2.6,44245056.0,113682072.0
2011-12-01,2.63,2.68,2.65,2.61,115558320.0,299696320.0
2011-11-30,2.62,2.63,2.59,2.58,68929752.0,176132144.0
2011-11-29,2.61,2.63,2.62,2.6,41291476.0,105813704.0
2011-11-28,2.58,2.61,2.6,2.58,24454148.0,62251080.0
2011-11-25,2.61,2.62,2.59,2.58,27175680.0,69178512.0
2011-11-24,2.59,2.63,2.62,2.58,47586260.0,121835760.0
2011-11-23,2.6,2.61,2.61,2.58,48604368.0,123468072.0
2011-11-22,2.58,2.6,2.59,2.57,31302508.0,79482392.0
2011-11-21,2.61,2.61,2.59,2.58,28932644.0,73492392.0
2011-11-18,2.63,2.64,2.6,2.6,50680352.0,130042200.0
2011-11-17,2.64,2.65,2.64,2.63,32704232.0,84691040.0
2011-11-16,2.69,2.69,2.64,2.63,73819136.0,192623328.0
2011-11-15,2.71,2.71,2.69,2.67,62708012.0,165232240.0
2011-11-14,2.7,2.73,2.71,2.69,93231496.0,248127808.0
2011-11-11,2.67,2.7,2.7,2.67,48040028.0,126538360.0
2011-11-10,2.69,2.7,2.68,2.67,71983592.0,189202816.0
2011-11-09,2.69,2.73,2.71,2.68,90277224.0,238965040.0
2011-11-08,2.69,2.7,2.69,2.67,69175904.0,182232816.0
2011-11-07,2.71,2.73,2.69,2.68,57665748.0,152757008.0
2011-11-04,2.73,2.73,2.73,2.7,123715704.0,329377504.0
2011-11-03,2.73,2.73,2.71,2.7,168736544.0,449649760.0
2011-11-02,2.69,2.73,2.73,2.68,86583328.0,229497104.0
2011-11-01,2.71,2.75,2.73,2.69,94303176.0,251323568.0
2011-10-31,2.73,2.75,2.73,2.73,95929904.0,257103696.0
2011-10-28,2.75,2.78,2.73,2.73,188242368.0,507374880.0
2011-10-27,2.71,2.73,2.73,2.7,96478616.0,257687216.0
2011-10-26,2.7,2.75,2.7,2.69,143202896.0,381972544.0
2011-10-25,2.68,2.73,2.71,2.67,142416912.0,377086080.0
2011-10-24,2.63,2.7,2.68,2.63,179725152.0,470987872.0
2011-10-21,2.61,2.64,2.63,2.59,76512112.0,196758848.0
2011-10-20,2.63,2.64,2.6,2.59,75762720.0,194318032.0
2011-10-19,2.65,2.66,2.64,2.64,77799168.0,202397760.0
2011-10-18,2.63,2.68,2.67,2.61,216712368.0,561545600.0
2011-10-17,2.64,2.66,2.66,2.63,129111712.0,335204352.0
2011-10-14,2.62,2.66,2.65,2.59,165999872.0,426718912.0
2011-10-13,2.62,2.65,2.64,2.59,151881824.0,389246912.0
2011-10-12,2.56,2.65,2.63,2.55,299782688.0,768931136.0
2011-10-11,2.6,2.63,2.57,2.55,214753056.0,543984000.0
2011-10-10,2.5,2.53,2.52,2.48,111113136.0,272211040.0
2011-09-30,2.51,2.53,2.51,2.49,130944176.0,322135136.0
2011-09-29,2.51,2.52,2.51,2.49,75190040.0,184776224.0
2011-09-28,2.54,2.55,2.52,2.5,84269432.0,208091248.0
2011-09-27,2.54,2.55,2.53,2.51,94188728.0,233429888.0
2011-09-26,2.55,2.56,2.53,2.51,83000208.0,206298048.0
2011-09-23,2.55,2.56,2.56,2.52,161772736.0,402610816.0
2011-09-22,2.59,2.61,2.57,2.56,102458080.0,258935488.0
2011-09-21,2.58,2.63,2.61,2.57,141000544.0,360258048.0
2011-09-20,2.57,2.59,2.58,2.56,54731288.0,138046912.0
2011-09-19,2.59,2.6,2.57,2.56,94923088.0,239747232.0
2011-09-16,2.6,2.61,2.6,2.59,82412912.0,210017696.0
2011-09-15,2.6,2.61,2.59,2.59,90680232.0,230868448.0
2011-09-14,2.62,2.63,2.61,2.58,113628344.0,289610432.0
2011-09-13,2.61,2.63,2.62,2.6,54968840.0,140773344.0
2011-09-09,2.63,2.65,2.63,2.62,67459072.0,174213760.0
2011-09-08,2.63,2.64,2.63,2.62,53784020.0,138618768.0
2011-09-07,2.61,2.64,2.63,2.6,104233256.0,267757392.0
2011-09-06,2.6,2.61,2.61,2.58,113208800.0,288070464.0
2011-09-05,2.62,2.63,2.6,2.6,115272792.0,295776032.0
2011-09-02,2.64,2.65,2.63,2.62,70232784.0,181338704.0
2011-09-01,2.65,2.67,2.65,2.64,56096452.0,145877520.0
2011-08-31,2.64,2.66,2.66,2.63,89444720.0,232158208.0
2011-08-30,2.66,2.69,2.65,2.64,147188368.0,384754528.0
2011-08-29,2.66,2.66,2.65,2.63,113925872.0,295869632.0
2011-08-26,2.69,2.7,2.67,2.65,134682576.0,353725600.0
2011-08-25,2.64,2.71,2.69,2.64,211875664.0,558981696.0
2011-08-24,2.65,2.66,2.63,2.63,45265592.0,117625272.0
2011-08-23,2.63,2.65,2.65,2.61,49217216.0,127054848.0
2011-08-22,2.62,2.64,2.62,2.61,64927424.0,167085424.0
2011-08-19,2.6,2.64,2.62,2.59,86512040.0,221871072.0
2011-08-18,2.68,2.69,2.64,2.63,82376016.0,214913488.0
2011-08-17,2.67,2.7,2.68,2.67,59964976.0,157957168.0
2011-08-16,2.69,2.71,2.68,2.67,87528568.0,231019456.0
2011-08-15,2.67,2.7,2.69,2.64,144515952.0,379242976.0
2011-08-12,2.68,2.68,2.67,2.65,90820760.0,237620016.0
2011-08-11,2.6,2.68,2.67,2.59,130443632.0,339673216.0
2011-08-10,2.66,2.67,2.64,2.62,131527656.0,342178656.0
2011-08-09,2.6,2.64,2.64,2.58,139385360.0,356557920.0
2011-08-08,2.66,2.67,2.63,2.62,134383136.0,348849408.0
2011-08-05,2.68,2.69,2.67,2.66,83635464.0,219373200.0
2011-08-04,2.73,2.73,2.71,2.7,23902908.0,63458064.0
2011-08-03,2.69,2.73,2.73,2.68,96388136.0,255751600.0
2011-08-02,2.71,2.73,2.7,2.69,33675016.0,89295360.0
2011-08-01,2.73,2.75,2.73,2.7,57426464.0,153636352.0
2011-07-29,2.69,2.78,2.73,2.68,134114064.0,358571456.0
2011-07-28,2.69,2.7,2.69,2.68,58993544.0,155565296.0
2011-07-27,2.69,2.71,2.7,2.68,73722264.0,195043840.0
2011-07-26,2.69,2.73,2.7,2.68,149280144.0,394957792.0
2011-07-25,2.73,2.75,2.69,2.68,134785808.0,358015680.0
2011-07-22,2.75,2.77,2.75,2.73,102860416.0,276592928.0
2011-07-21,2.77,2.78,2.77,2.73,155456448.0,418908960.0
2011-07-20,2.78,2.8,2.78,2.75,129115720.0,350683424.0
2011-07-19,2.78,2.79,2.78,2.75,132658656.0,360476288.0
2011-07-18,2.75,2.79,2.79,2.75,243729952.0,661308992.0
2011-07-15,2.75,2.78,2.75,2.73,168332400.0,454436288.0
2011-07-14,2.75,2.77,2.75,2.73,148721824.0,400973568.0
2011-07-13,2.73,2.77,2.77,2.71,204725632.0,550570048.0
2011-07-12,2.73,2.73,2.71,2.68,192768528.0,510497792.0
2011-07-11,2.73,2.75,2.73,2.71,84512600.0,226337072.0
2011-07-08,2.73,2.75,2.75,2.7,147643440.0,395555040.0
2011-07-07,2.77,2.79,2.73,2.7,285278016.0,763537472.0
2011-07-06,2.8,2.8,2.75,2.73,217111712.0,584537152.0
2011-07-05,2.83,2.83,2.8,2.79,110641728.0,304055488.0
2011-07-04,2.81,2.84,2.83,2.79,133470600.0,367823264.0
2011-07-01,2.86,2.87,2.8,2.78,161490016.0,445271808.0
2011-06-30,2.83,2.86,2.86,2.82,110024208.0,306652256.0
2011-06-29,2.85,2.86,2.84,2.82,142343344.0,395380672.0
2011-06-28,2.85,2.86,2.85,2.83,116087488.0,323670432.0
2011-06-27,2.85,2.86,2.86,2.83,107279216.0,299312960.0
2011-06-24,2.78,2.86,2.85,2.77,168321168.0,466503008.0
2011-06-23,2.75,2.79,2.79,2.73,89116032.0,241031104.0
2011-06-22,2.7,2.78,2.75,2.69,139957216.0,375587072.0
2011-06-21,2.68,2.73,2.7,2.68,103744400.0,274929536.0
2011-06-20,2.69,2.7,2.69,2.66,126521064.0,332456032.0
2011-06-17,2.73,2.73,2.69,2.69,48619016.0,129117664.0
2011-06-16,2.7,2.72,2.71,2.69,105282408.0,284479200.0
2011-06-15,2.72,2.73,2.71,2.71,78918736.0,214590864.0
2011-06-14,2.72,2.75,2.73,2.71,170790768.0,466514272.0
2011-06-13,2.72,2.74,2.73,2.69,107736512.0,291790176.0
2011-06-10,2.73,2.75,2.73,2.7,99907000.0,271763424.0
2011-06-09,2.76,2.77,2.73,2.71,196066432.0,535193856.0
2011-06-07,2.79,2.8,2.78,2.76,98117960.0,272271808.0
2011-06-03,2.76,2.81,2.8,2.76,172621504.0,480962880.0
2011-06-02,2.81,2.83,2.77,2.73,214605248.0,593849152.0
2011-06-01,2.86,2.86,2.84,2.82,132291056.0,375967936.0
2011-05-31,2.82,2.85,2.84,2.81,128988240.0,365306912.0
2011-05-30,2.77,2.85,2.84,2.76,135059376.0,381157600.0
2011-05-27,2.8,2.82,2.78,2.77,128491024.0,359145408.0
2011-05-26,2.79,2.82,2.8,2.78,163296896.0,457262240.0
2011-05-25,2.85,2.86,2.78,2.77,168256688.0,471437888.0
2011-05-24,2.86,2.88,2.85,2.84,104104800.0,297517088.0
2011-05-23,2.92,2.93,2.87,2.86,103939624.0,299716928.0
2011-05-20,2.92,2.94,2.93,2.91,72741912.0,212983616.0
2011-05-19,2.92,2.95,2.92,2.91,89248160.0,261508896.0
2011-05-18,2.88,2.93,2.92,2.87,98916088.0,287402016.0
2011-05-17,2.88,2.9,2.89,2.84,127319296.0,365756288.0
2011-05-16,2.89,2.91,2.88,2.86,106519736.0,307041184.0
2011-05-13,2.88,2.91,2.9,2.84,102669664.0,294965664.0
2011-05-12,2.9,2.91,2.88,2.86,70266176.0,203040272.0
2011-05-11,2.92,2.93,2.91,2.89,68241720.0,198725024.0
2011-05-10,2.89,2.93,2.93,2.87,66342608.0,192236736.0
2011-05-09,2.92,2.94,2.89,2.88,72581792.0,210632272.0
2011-05-06,2.9,2.94,2.92,2.88,137392832.0,401458944.0
2011-05-05,2.84,2.94,2.93,2.83,231634240.0,670348608.0
2011-05-04,2.9,2.91,2.86,2.83,156344048.0,450222432.0
2011-05-03,2.92,2.93,2.92,2.89,110364912.0,321157472.0
2011-04-29,2.95,2.96,2.94,2.88,224555632.0,652935488.0
2011-04-28,2.92,3.01,2.96,2.9,397912096.0,1183250560.0
2011-04-27,2.89,2.94,2.9,2.88,226640528.0,661362496.0
2011-04-26,2.87,2.9,2.88,2.86,111671680.0,321634624.0
2011-04-25,2.88,2.91,2.88,2.86,138948720.0,400896608.0
2011-04-22,2.92,2.93,2.88,2.87,115207272.0,333473568.0
2011-04-21,2.95,2.96,2.92,2.91,170416640.0,499617536.0
2011-04-20,2.92,2.95,2.94,2.89,167188624.0,488434304.0
2011-04-19,2.96,2.97,2.91,2.91,160453088.0,470493056.0
2011-04-18,2.97,3.01,2.98,2.95,252996176.0,755336384.0
2011-04-15,2.96,3.0,2.98,2.94,233277072.0,694725952.0
2011-04-14,2.9,3.0,2.96,2.89,483372800.0,1434704384.0
2011-04-13,2.83,2.9,2.9,2.82,162740752.0,464399200.0
2011-04-12,2.86,2.88,2.84,2.84,133115728.0,380423808.0
2011-04-11,2.86,2.9,2.87,2.86,240611104.0,693642560.0
2011-04-08,2.86,2.87,2.86,2.83,133550824.0,380314496.0
2011-04-07,2.86,2.91,2.87,2.84,339076064.0,976058752.0
2011-04-06,2.79,2.88,2.86,2.78,591280448.0,1680666112.0
2011-04-01,2.76,2.8,2.79,2.75,210775008.0,585497216.0
2011-03-31,2.75,2.78,2.76,2.72,224126144.0,617135104.0
2011-03-30,2.75,2.77,2.75,2.72,237817168.0,653972480.0
2011-03-29,2.71,2.78,2.74,2.7,349966912.0,959689728.0
2011-03-28,2.71,2.74,2.72,2.7,363428352.0,990547392.0
2011-03-25,2.68,2.71,2.7,2.67,310371776.0,836316608.0
2011-03-24,2.67,2.68,2.68,2.66,117044656.0,312496256.0
2011-03-23,2.65,2.68,2.67,2.65,138797824.0,370386144.0
2011-03-22,2.65,2.66,2.66,2.63,154554688.0,409820128.0
2011-03-21,2.63,2.65,2.65,2.62,120722288.0,317872128.0
2011-03-18,2.63,2.64,2.63,2.62,118883776.0,312711008.0
2011-03-17,2.63,2.63,2.62,2.61,123115712.0,322148672.0
2011-03-16,2.62,2.65,2.64,2.62,110482208.0,290647680.0
2011-03-15,2.63,2.64,2.63,2.6,192229632.0,503268032.0
2011-03-14,2.63,2.65,2.63,2.62,135093808.0,355687520.0
2011-03-11,2.65,2.67,2.64,2.64,124263504.0,329569088.0
2011-03-10,2.69,2.7,2.66,2.65,134664032.0,359229120.0
2011-03-09,2.7,2.72,2.69,2.68,178657616.0,482920384.0
2011-03-08,2.7,2.71,2.7,2.68,149308016.0,402090848.0
2011-03-07,2.68,2.72,2.7,2.68,359118048.0,968748416.0
2011-03-04,2.66,2.69,2.68,2.66,223421792.0,597488832.0
2011-03-03,2.63,2.7,2.67,2.62,552478272.0,1471257216.0
2011-03-01,2.61,2.63,2.62,2.61,144376288.0,377775424.0
2011-02-28,2.61,2.62,2.61,2.6,80204600.0,209170128.0
2011-02-25,2.6,2.62,2.61,2.59,86723712.0,225918624.0
2011-02-24,2.6,2.61,2.6,2.59,87094736.0,226025952.0
2011-02-23,2.6,2.61,2.6,2.59,103394992.0,268385392.0
2011-02-22,2.64,2.64,2.6,2.59,263860896.0,688278976.0
2011-02-21,2.64,2.65,2.65,2.62,144481936.0,380484896.0
2011-02-18,2.66,2.66,2.65,2.64,98643368.0,261419120.0
2011-02-17,2.66,2.68,2.67,2.65,96829464.0,257848048.0
2011-02-16,2.66,2.67,2.67,2.64,142377232.0,377158432.0
2011-02-15,2.67,2.68,2.66,2.65,201988416.0,539440704.0
2011-02-14,2.61,2.69,2.68,2.61,393967648.0,1044478336.0
2011-02-11,2.61,2.62,2.61,2.6,151543792.0,394979712.0
2011-02-10,2.62,2.62,2.61,2.6,83779256.0,218682800.0
2011-02-09,2.61,2.62,2.6,2.6,74017768.0,193027504.0
2011-02-01,2.61,2.63,2.62,2.6,83664056.0,218845856.0
2011-01-31,2.6,2.62,2.62,2.59,82919776.0,216339392.0
2011-01-28,2.61,2.61,2.61,2.59,74271224.0,193194256.0
2011-01-27,2.6,2.62,2.62,2.58,140061760.0,363989920.0
2011-01-26,2.6,2.61,2.61,2.59,50351660.0,131027784.0
2011-01-25,2.59,2.6,2.6,2.58,85809384.0,222379360.0
2011-01-24,2.61,2.61,2.59,2.58,128018408.0,332233920.0
2011-01-21,2.58,2.64,2.62,2.57,132121576.0,345327520.0
2011-01-20,2.61,2.62,2.58,2.57,118323568.0,306775072.0
2011-01-19,2.6,2.62,2.61,2.59,116573576.0,303377504.0
2011-01-18,2.59,2.61,2.6,2.58,117040496.0,303898144.0
2011-01-17,2.63,2.64,2.59,2.58,181175008.0,472577280.0
2011-01-14,2.66,2.67,2.65,2.64,108555624.0,287917760.0
2011-01-13,2.66,2.68,2.67,2.64,154089600.0,410088384.0
2011-01-12,2.64,2.66,2.66,2.63,248191088.0,657342784.0
2011-01-11,2.63,2.65,2.63,2.61,147442160.0,388071392.0
2011-01-10,2.64,2.66,2.63,2.62,168495568.0,445055264.0
2011-01-07,2.6,2.68,2.65,2.6,307153024.0,814806208.0
2011-01-06,2.63,2.64,2.61,2.61,114108760.0,299025568.0
2011-01-05,2.65,2.67,2.63,2.62,136713376.0,362070944.0
2011-01-04,2.66,2.67,2.67,2.63,132367912.0,351364768.0
