date,open,high,close,low,volume,amount
2015-12-31,9.71,9.76,9.71,9.67,81563098.0,525513511.0
2015-12-30,9.79,9.79,9.74,9.67,81941308.0,527396376.0
2015-12-29,9.76,9.82,9.79,9.67,72203810.0,466395605.0
2015-12-28,10.04,10.06,9.76,9.73,130048616.0,852982104.0
2015-12-25,10.09,10.1,10.03,9.98,107692819.0,717201541.0
2015-12-24,10.04,10.13,10.1,9.97,125589216.0,838443776.0
2015-12-23,10.0,10.18,10.03,9.95,155399104.0,1036628160.0
2015-12-22,10.06,10.09,10.0,9.95,96636242.0,641133312.0
2015-12-21,9.92,10.19,10.09,9.88,177484720.0,1183113984.0
2015-12-18,9.88,10.21,9.97,9.88,138584896.0,921470720.0
2015-12-17,9.88,9.98,9.91,9.82,88488984.0,581516288.0
2015-12-16,9.88,9.92,9.82,9.79,50517992.0,330110464.0
2015-12-15,10.03,10.04,9.89,9.83,57855504.0,380220864.0
2015-12-14,9.68,10.06,10.03,9.64,140850496.0,927018752.0
2015-12-11,9.7,9.8,9.71,9.65,74397176.0,479409312.0
2015-12-10,9.74,9.95,9.73,9.68,79185536.0,514760256.0
2015-12-09,9.7,9.83,9.76,9.65,66993079.0,433095608.0
2015-12-08,9.83,9.88,9.71,9.67,79294880.0,512900576.0
2015-12-07,9.98,10.06,9.88,9.82,74451780.0,489072612.0
2015-12-04,10.16,10.21,9.97,9.91,158160864.0,1055136960.0
2015-12-03,9.92,10.39,10.33,9.91,387920045.0,2629908221.0
2015-12-02,9.52,10.1,10.01,9.5,259434528.0,1696990592.0
2015-12-01,9.67,9.7,9.54,9.44,92093765.0,582315506.0
2015-11-30,9.41,9.71,9.64,9.36,160823264.0,1022228352.0
2015-11-27,9.8,9.83,9.38,9.32,143023360.0,909106368.0
2015-11-26,9.91,9.94,9.83,9.82,93063448.0,609933760.0
2015-11-25,9.86,9.92,9.89,9.77,87862296.0,573514112.0
2015-11-24,9.94,9.97,9.88,9.77,87809440.0,573453120.0
2015-11-23,10.04,10.1,9.98,9.95,86718304.0,575616512.0
2015-11-20,10.12,10.21,10.07,10.03,104079088.0,697078784.0
2015-11-19,10.06,10.19,10.16,10.0,100868568.0,672910528.0
2015-11-18,10.0,10.25,10.06,9.92,152060192.0,1016496896.0
2015-11-17,10.06,10.3,10.0,9.95,167813760.0,1127198080.0
2015-11-16,9.86,10.13,10.04,9.85,109033552.0,722637888.0
2015-11-13,10.04,10.25,10.01,9.98,132003040.0,883919040.0
2015-11-12,10.44,10.49,10.16,10.13,167088704.0,1138784384.0
2015-11-11,10.42,10.44,10.4,10.22,192324560.0,1315743360.0
2015-11-10,10.25,10.66,10.44,10.12,303340128.0,2090405760.0
2015-11-09,10.04,10.78,10.42,10.04,482613952.0,3362038272.0
2015-11-06,9.8,10.01,9.95,9.71,236424944.0,1544644096.0
2015-11-05,9.61,10.1,9.88,9.56,378459872.0,2490268928.0
2015-11-04,9.32,9.65,9.61,9.3,145615856.0,917724736.0
2015-11-03,9.41,9.46,9.3,9.29,65049760.0,403678176.0
2015-11-02,9.5,9.57,9.39,9.38,74311104.0,468729376.0
2015-10-30,9.59,9.64,9.57,9.54,75543864.0,480559136.0
2015-10-29,9.65,9.67,9.59,9.57,70608704.0,450021408.0
2015-10-28,9.71,9.76,9.67,9.65,83293344.0,535793056.0
2015-10-27,9.76,9.77,9.76,9.62,98886744.0,635223744.0
2015-10-26,9.83,9.89,9.77,9.74,118782400.0,772774464.0
2015-10-23,9.8,9.83,9.79,9.71,131715096.0,853192576.0
2015-10-22,9.79,10.01,9.85,9.71,175190832.0,1143218688.0
2015-10-21,9.63,10.21,10.06,9.54,347346400.0,2249127424.0
2015-10-20,9.63,9.65,9.62,9.48,113590848.0,720213952.0
2015-10-19,9.62,9.79,9.65,9.54,159388928.0,1022166400.0
2015-10-16,9.52,9.62,9.57,9.5,120432072.0,762806336.0
2015-10-15,9.42,9.5,9.5,9.36,84572064.0,530225952.0
2015-10-14,9.42,9.52,9.36,9.36,66894948.0,418503232.0
2015-10-13,9.56,9.56,9.47,9.44,86197480.0,542373056.0
2015-10-12,9.42,9.71,9.56,9.38,150850800.0,954981056.0
2015-10-09,9.36,9.46,9.38,9.32,77078608.0,480136768.0
2015-10-08,9.35,9.42,9.32,9.27,93370360.0,577656192.0
2015-09-30,9.21,9.3,9.17,9.15,59838876.0,365863680.0
2015-09-29,9.23,9.26,9.2,9.14,58834960.0,358771520.0
2015-09-28,9.35,9.36,9.3,9.26,51314300.0,316781920.0
2015-09-25,9.2,9.5,9.46,9.2,125241600.0,773747840.0
2015-09-24,9.35,9.35,9.24,9.18,62995312.0,386474752.0
2015-09-23,9.36,9.44,9.27,9.26,78035520.0,482411168.0
2015-09-22,9.33,9.53,9.44,9.32,98878592.0,618604608.0
2015-09-21,9.27,9.35,9.33,9.24,86394768.0,534022464.0
2015-09-18,9.44,9.48,9.33,9.3,94411344.0,588068416.0
2015-09-17,9.53,9.62,9.41,9.38,146684128.0,926539072.0
2015-09-16,9.59,9.94,9.65,9.29,251732624.0,1589476608.0
2015-09-15,9.42,9.79,9.68,9.39,307175200.0,1968697216.0
2015-09-14,9.48,9.82,9.54,9.18,236874432.0,1499792384.0
2015-09-11,9.56,9.62,9.46,9.44,91349752.0,578135424.0
2015-09-10,9.44,9.73,9.59,9.38,154211968.0,980362560.0
2015-09-09,9.44,9.64,9.54,9.33,205369280.0,1292485760.0
2015-09-08,9.27,9.73,9.48,9.09,235395536.0,1467630464.0
2015-09-07,10.15,10.15,9.44,9.44,365172448.0,2372624896.0
2015-09-02,9.77,10.55,10.49,9.57,993646016.0,6734183424.0
2015-09-01,9.2,10.22,10.19,9.08,977743488.0,6351123968.0
2015-08-31,8.62,9.65,9.61,8.41,495155968.0,2925852416.0
2015-08-28,8.61,8.88,8.78,8.47,416725600.0,2396423936.0
2015-08-27,8.14,8.62,8.54,7.8,412299744.0,2224021248.0
2015-08-26,7.72,8.22,7.93,7.58,478274848.0,2499504384.0
2015-08-25,8.07,8.47,7.62,7.6,464029184.0,2459853824.0
2015-08-24,9.03,9.03,8.44,8.32,517248576.0,2936717056.0
2015-08-21,9.35,9.5,9.24,9.21,269581568.0,1667946624.0
2015-08-20,9.57,9.65,9.44,9.41,205230112.0,1297397248.0
2015-08-19,9.63,9.76,9.61,9.29,339273952.0,2142083840.0
2015-08-18,10.1,10.28,9.7,9.63,320755264.0,2131764224.0
2015-08-17,10.22,10.22,10.13,10.07,187328560.0,1257448576.0
2015-08-14,10.28,10.28,10.22,10.19,183543024.0,1245427584.0
2015-08-13,10.27,10.33,10.25,10.13,188624128.0,1279404160.0
2015-08-12,10.25,10.36,10.25,10.22,193306160.0,1317530880.0
2015-08-11,10.54,10.54,10.4,10.36,296683008.0,2050991616.0
2015-08-10,10.22,10.63,10.59,10.19,334488288.0,2315180032.0
2015-08-07,10.25,10.34,10.25,10.18,177884800.0,1211407104.0
2015-08-06,10.21,10.33,10.19,10.16,130097568.0,883312896.0
2015-08-05,10.49,10.49,10.28,10.28,167858736.0,1155154560.0
2015-08-04,10.51,10.55,10.53,10.27,239515120.0,1658571904.0
2015-08-03,10.18,10.55,10.53,10.13,351086048.0,2414161152.0
2015-07-31,10.19,10.37,10.31,10.07,279906752.0,1896605184.0
2015-07-30,10.57,10.57,10.25,10.22,320465728.0,2207552256.0
2015-07-29,10.44,10.59,10.55,10.28,359856096.0,2487508480.0
2015-07-28,10.15,10.89,10.55,10.15,584137216.0,4090780672.0
2015-07-27,11.31,11.41,10.36,10.36,551750272.0,3993307136.0
2015-07-24,11.73,11.76,11.51,11.49,409364544.0,3165009152.0
2015-07-23,11.58,11.79,11.73,11.51,416092128.0,3226159360.0
2015-07-22,11.69,11.73,11.58,11.57,339257792.0,2617408256.0
2015-07-21,11.82,11.93,11.7,11.66,386277568.0,3007752960.0
2015-07-20,12.03,12.06,11.9,11.85,410832992.0,3248487936.0
2015-07-17,12.09,12.14,12.06,11.84,471203904.0,3751953408.0
2015-07-16,12.26,12.44,12.03,11.82,511637184.0,4114520064.0
2015-07-15,11.85,12.32,12.26,11.76,821527616.0,6601648128.0
2015-07-14,12.08,12.37,12.08,11.61,844775616.0,6664130560.0
2015-07-13,12.44,12.79,12.32,12.08,974826880.0,7975764992.0
2015-07-10,12.26,13.56,12.82,11.93,1357404032.0,11675114496.0
2015-07-09,12.08,13.12,12.62,11.31,1353413504.0,11019539456.0
2015-07-08,12.44,13.69,12.08,12.08,1551347584.0,12881930240.0
2015-07-07,12.8,13.84,13.42,12.68,1368620800.0,12175280128.0
2015-07-06,13.12,13.13,13.1,12.44,1578604160.0,13463941120.0
2015-07-03,12.71,12.83,11.94,11.51,978438656.0,7957442560.0
2015-07-02,12.56,13.18,12.79,12.18,1294881792.0,10960492544.0
2015-07-01,12.23,13.26,12.47,12.03,1325024000.0,11024047104.0
2015-06-30,11.55,12.43,12.43,11.46,1237057280.0,9802141696.0
2015-06-29,11.54,11.66,11.29,10.4,927371840.0,6938337792.0
2015-06-26,11.61,12.12,11.14,10.69,853230272.0,6491867648.0
2015-06-25,12.55,12.65,11.82,11.69,786433216.0,6409875456.0
2015-06-24,12.06,12.21,12.18,11.7,693610496.0,5482478592.0
2015-06-23,11.43,12.03,11.96,11.13,661746432.0,5127750144.0
2015-06-19,12.06,12.18,11.43,11.38,730622144.0,5714176512.0
2015-06-18,13.12,13.16,12.24,12.21,1158978944.0,9729729536.0
2015-06-17,13.86,14.45,13.56,13.54,1667875840.0,15508198400.0
2015-06-16,13.06,13.65,13.45,12.98,973644736.0,8665802752.0
2015-06-15,13.31,13.66,13.19,13.09,942071040.0,8354452480.0
2015-06-12,13.5,13.56,13.4,12.85,916068928.0,8003425792.0
2015-06-11,13.77,13.81,13.36,13.21,964047360.0,8604601344.0
2015-06-10,13.72,14.1,13.83,13.59,949596800.0,8715258880.0
2015-06-09,14.02,14.63,14.17,13.62,1782219904.0,16695907328.0
2015-06-08,12.5,13.48,13.48,12.27,979146560.0,8523202048.0
2015-06-05,12.5,12.79,12.26,11.93,1422465024.0,11651559424.0
2015-06-04,11.41,12.24,12.24,11.36,1759388672.0,14002726912.0
2015-06-03,10.99,11.19,11.13,10.74,807772224.0,5859481088.0
2015-06-02,10.77,10.88,10.85,10.62,932495936.0,6895516672.0
2015-06-01,9.94,10.91,10.91,9.83,1323365248.0,9608605696.0
2015-05-29,9.79,10.08,9.92,9.67,537952768.0,3658933248.0
2015-05-28,10.23,10.26,9.7,9.67,518613664.0,3582882560.0
2015-05-27,10.27,10.34,10.21,10.14,373887552.0,2628441088.0
2015-05-26,10.26,10.29,10.26,10.11,404542880.0,2835519488.0
2015-05-25,10.07,10.24,10.23,10.04,490002208.0,3426675200.0
2015-05-22,9.83,10.04,10.02,9.78,484789088.0,3313878784.0
2015-05-21,9.76,9.8,9.78,9.67,281508672.0,1884145152.0
2015-05-20,9.85,9.92,9.76,9.69,394184288.0,2657561856.0
2015-05-19,9.48,9.8,9.76,9.46,345559776.0,2302965760.0
2015-05-18,9.56,9.67,9.5,9.47,247991152.0,1630577152.0
2015-05-15,9.78,9.85,9.63,9.57,295460736.0,1967232640.0
2015-05-14,9.92,9.94,9.82,9.79,300139008.0,2035586176.0
2015-05-13,9.88,9.92,9.86,9.79,388297152.0,2630069504.0
2015-05-12,9.79,9.91,9.83,9.73,449632672.0,3032102144.0
2015-05-11,9.64,9.85,9.82,9.54,464398848.0,3091716608.0
2015-05-08,9.69,9.73,9.67,9.48,268968896.0,1777999104.0
2015-05-07,9.64,9.78,9.59,9.56,324998144.0,2155085312.0
2015-05-06,9.82,9.98,9.67,9.6,372839520.0,2512759808.0
2015-05-05,10.17,10.21,9.73,9.72,487149952.0,3322153728.0
2015-05-04,10.1,10.36,10.21,9.98,375728512.0,2635440384.0
2015-04-30,10.26,10.33,10.07,10.05,375552096.0,2628203008.0
2015-04-29,10.33,10.33,10.24,10.11,412360064.0,2901660672.0
2015-04-28,10.23,10.78,10.39,10.17,1084861440.0,7785564160.0
2015-04-27,9.96,10.24,10.21,9.96,622833792.0,4335935488.0
2015-04-24,10.01,10.08,9.91,9.79,556183936.0,3796393728.0
2015-04-23,10.36,10.4,10.18,10.04,535065856.0,3764702464.0
2015-04-22,10.21,10.36,10.34,10.11,595401344.0,4186432000.0
2015-04-21,10.04,10.17,10.15,9.89,539570240.0,3727922176.0
2015-04-20,10.65,10.65,10.04,9.98,822763712.0,5858590208.0
2015-04-17,10.62,10.74,10.52,10.43,747733248.0,5426030592.0
2015-04-16,10.12,10.45,10.42,10.07,585727808.0,4122698240.0
2015-04-15,9.95,10.36,10.18,9.89,805313472.0,5615659008.0
2015-04-14,10.07,10.07,9.95,9.89,480660352.0,3294873856.0
2015-04-13,10.1,10.18,10.08,9.91,743461312.0,5131848704.0
2015-04-10,9.66,9.89,9.86,9.6,620467776.0,4168132864.0
2015-04-09,9.76,9.92,9.64,9.6,734460800.0,4912677376.0
2015-04-08,9.56,9.73,9.72,9.44,794384064.0,5240472064.0
2015-04-07,9.4,9.54,9.53,9.37,664765696.0,4320236032.0
2015-04-03,9.25,9.32,9.31,9.21,343340608.0,2188157440.0
2015-04-02,9.43,9.44,9.28,9.21,385007360.0,2461122048.0
2015-04-01,9.29,9.43,9.35,9.25,381992448.0,2450792192.0
2015-03-31,9.59,9.67,9.29,9.28,573530048.0,3742714880.0
2015-03-30,9.25,9.48,9.44,9.21,583985536.0,3766071296.0
2015-03-27,9.18,9.29,9.19,9.09,311092928.0,1966419200.0
2015-03-26,9.06,9.25,9.16,9.02,319732704.0,2010357120.0
2015-03-25,9.31,9.37,9.13,9.11,385454080.0,2442928128.0
2015-03-24,9.48,9.6,9.38,9.35,515865632.0,3340165632.0
2015-03-23,9.53,9.57,9.5,9.43,434967520.0,2836373504.0
2015-03-20,9.38,9.62,9.43,9.25,530578784.0,3435966720.0
2015-03-19,9.53,9.53,9.37,9.29,367037280.0,2369277952.0
2015-03-18,9.29,9.54,9.51,9.29,520375232.0,3372692224.0
2015-03-17,9.37,9.48,9.31,9.21,395824992.0,2529920256.0
2015-03-16,9.19,9.27,9.22,9.06,332374368.0,2098194944.0
2015-03-13,9.25,9.44,9.15,9.05,482458816.0,3075862016.0
2015-03-12,9.09,9.43,9.25,8.95,625599232.0,3956624384.0
2015-03-11,8.83,9.08,8.89,8.83,321108480.0,1977270272.0
2015-03-10,8.95,9.0,8.84,8.77,377657216.0,2306848768.0
2015-03-09,8.51,8.99,8.9,8.36,518678880.0,3119147264.0
2015-03-06,8.28,8.49,8.48,8.25,247036736.0,1424144768.0
2015-03-05,8.45,8.47,8.26,8.16,300332192.0,1714676480.0
2015-03-04,8.57,8.61,8.51,8.44,181215520.0,1061545536.0
2015-03-03,8.81,8.81,8.55,8.55,287155712.0,1710282624.0
2015-03-02,8.86,8.9,8.84,8.74,315131328.0,1905016832.0
2015-02-27,8.92,8.96,8.84,8.8,203469152.0,1242418688.0
2015-02-26,8.74,8.93,8.9,8.65,208645392.0,1265329408.0
2015-02-25,8.89,8.9,8.76,8.7,152223280.0,921604352.0
2015-02-17,8.87,8.95,8.87,8.84,119429864.0,729998528.0
2015-02-16,8.9,8.9,8.84,8.79,150942864.0,916061184.0
2015-02-13,8.9,9.05,8.89,8.83,227031968.0,1395482240.0
2015-02-12,8.93,8.95,8.89,8.77,91959448.0,559458752.0
2015-02-11,8.96,9.03,8.9,8.86,116781536.0,717001024.0
2015-02-10,8.77,9.0,8.95,8.71,197374608.0,1205622784.0
2015-02-09,8.57,8.84,8.77,8.47,213995120.0,1272328576.0
2015-02-06,8.68,8.83,8.58,8.49,205823744.0,1227801984.0
2015-02-05,9.24,9.24,8.73,8.71,432401472.0,2678993152.0
2015-02-04,8.96,9.02,8.76,8.74,195182560.0,1194947584.0
2015-02-03,8.79,8.95,8.93,8.65,225362880.0,1360873088.0
2015-02-02,8.84,8.93,8.67,8.65,273577696.0,1651999872.0
2015-01-30,9.27,9.31,9.06,9.05,201649696.0,1271800192.0
2015-01-29,9.15,9.28,9.19,9.05,245861264.0,1548535680.0
2015-01-28,9.4,9.48,9.29,9.25,347517088.0,2232867840.0
2015-01-27,9.8,9.85,9.5,9.34,476303808.0,3116684288.0
2015-01-26,9.94,9.98,9.83,9.64,324138176.0,2180853504.0
2015-01-23,10.04,10.33,9.98,9.88,436110496.0,3026419968.0
2015-01-22,9.91,10.11,10.01,9.82,462001344.0,3162656256.0
2015-01-21,9.5,10.04,9.95,9.34,575265664.0,3846062592.0
2015-01-20,9.47,9.63,9.43,9.18,466939584.0,3028735488.0
2015-01-19,9.51,9.95,9.44,9.44,733376704.0,4860065280.0
2015-01-16,10.11,10.75,10.49,9.99,819274944.0,5822498816.0
2015-01-15,9.64,9.99,9.96,9.53,322818112.0,2171963648.0
2015-01-14,9.48,9.78,9.64,9.47,307802304.0,2036703488.0
2015-01-13,9.38,9.51,9.44,9.31,181708768.0,1178228736.0
2015-01-12,9.41,9.57,9.43,9.21,348078112.0,2244689408.0
2015-01-09,9.4,10.11,9.46,9.34,602059776.0,4010379776.0
2015-01-08,9.88,9.94,9.5,9.43,411691296.0,2718756096.0
2015-01-07,9.91,10.02,9.83,9.66,416414688.0,2815040512.0
2015-01-06,10.1,10.66,10.04,9.98,573292096.0,4031761664.0
2015-01-05,9.94,10.4,10.26,9.78,662083200.0,4590560768.0
2014-12-31,9.72,10.01,9.89,9.5,702555008.0,4739209728.0
2014-12-30,9.19,9.7,9.62,9.12,637545664.0,4148498432.0
2014-12-29,9.51,9.79,9.22,9.02,791224576.0,5099338752.0
2014-12-26,8.84,9.24,9.19,8.79,481976928.0,2998897152.0
2014-12-25,8.65,8.93,8.84,8.44,434311744.0,2608694784.0
2014-12-24,8.99,9.05,8.49,8.32,500420288.0,2977065984.0
2014-12-23,9.28,9.51,8.97,8.96,543934272.0,3461750272.0
2014-12-22,9.06,9.82,9.47,8.95,872883008.0,5668608512.0
2014-12-19,8.83,9.13,9.03,8.68,616770368.0,3801234688.0
2014-12-18,9.08,9.09,8.83,8.65,649536704.0,3955284736.0
2014-12-17,8.51,9.13,8.95,8.41,965033216.0,5830589952.0
2014-12-16,8.09,8.44,8.44,8.0,566470400.0,3212535808.0
2014-12-15,8.15,8.2,8.1,7.91,347191456.0,1917368320.0
2014-12-12,8.22,8.48,8.28,8.16,352051680.0,2006664320.0
2014-12-11,8.15,8.49,8.2,8.04,482084896.0,2734733312.0
2014-12-10,8.28,8.57,8.38,7.78,683038912.0,3829449984.0
2014-12-09,8.96,9.29,8.28,8.25,864551104.0,5251991040.0
2014-12-08,8.87,9.31,9.16,8.73,723659264.0,4507115520.0
2014-12-05,9.09,9.59,9.09,8.73,938665664.0,5867396096.0
2014-12-04,8.49,9.02,9.01,8.26,722488256.0,4318143488.0
2014-12-03,8.68,9.06,8.52,8.26,845859648.0,5074989568.0
2014-12-02,7.8,8.67,8.67,7.77,798466496.0,4533412864.0
2014-12-01,7.94,8.44,7.88,7.83,874575360.0,4857664000.0
2014-11-28,7.1,7.77,7.77,7.04,961722624.0,4947163648.0
2014-11-27,6.88,7.08,7.05,6.85,593188352.0,2851687168.0
2014-11-26,6.53,6.84,6.76,6.52,398150848.0,1824985088.0
2014-11-25,6.43,6.56,6.53,6.39,251805536.0,1117566592.0
2014-11-24,6.36,6.5,6.44,6.31,337481120.0,1489587328.0
2014-11-21,6.36,6.47,6.44,6.33,145206368.0,638530240.0
2014-11-20,6.33,6.4,6.37,6.31,122116472.0,533659072.0
2014-11-19,6.34,6.4,6.36,6.33,96036912.0,419863904.0
2014-11-18,6.56,6.56,6.37,6.34,189768960.0,836693248.0
2014-11-17,6.75,6.76,6.55,6.52,195915184.0,886631872.0
2014-11-14,6.75,6.76,6.69,6.6,151560224.0,694605696.0
2014-11-13,6.78,6.91,6.75,6.71,194112512.0,907536000.0
2014-11-12,6.76,6.84,6.76,6.62,230484272.0,1063532736.0
2014-11-11,6.52,7.1,6.85,6.5,616335104.0,2882455040.0
2014-11-10,6.39,6.49,6.46,6.37,230584464.0,1019310400.0
2014-11-07,6.28,6.42,6.3,6.25,194431456.0,847462656.0
2014-11-06,6.3,6.31,6.27,6.23,71584560.0,308780384.0
2014-11-05,6.31,6.33,6.28,6.27,79487424.0,343464448.0
2014-11-04,6.37,6.39,6.31,6.27,134283584.0,582085696.0
2014-11-03,6.43,6.44,6.36,6.33,164486608.0,721081920.0
2014-10-31,6.23,6.5,6.42,6.21,338151616.0,1478228096.0
2014-10-30,6.14,6.25,6.23,6.11,164712080.0,700052800.0
2014-10-29,6.09,6.18,6.15,6.07,103388368.0,434729920.0
2014-10-28,6.01,6.08,6.08,6.01,71163384.0,295591360.0
2014-10-27,6.14,6.15,6.05,6.01,97093824.0,402741824.0
2014-10-24,6.14,6.18,6.14,6.12,61520028.0,258966496.0
2014-10-23,6.17,6.21,6.12,6.12,89212392.0,376586464.0
2014-10-22,6.17,6.2,6.15,6.14,57292704.0,241619792.0
2014-10-21,6.18,6.2,6.15,6.14,52809440.0,222815360.0
2014-10-20,6.17,6.2,6.17,6.15,51210816.0,216166256.0
2014-10-17,6.18,6.21,6.15,6.08,97941640.0,412494336.0
2014-10-16,6.15,6.3,6.2,6.14,136765168.0,583144384.0
2014-10-15,6.14,6.21,6.18,6.12,65368576.0,275799968.0
2014-10-14,6.15,6.21,6.15,6.12,80648280.0,339769568.0
2014-10-13,6.2,6.21,6.18,6.14,84851168.0,358076992.0
2014-10-10,6.24,6.27,6.23,6.21,87518664.0,373210208.0
2014-10-09,6.29,6.3,6.27,6.24,71725376.0,307736640.0
2014-10-08,6.29,6.29,6.29,6.23,92800304.0,397310560.0
2014-09-30,6.29,6.3,6.27,6.24,83282008.0,356566144.0
2014-09-29,6.29,6.33,6.29,6.24,119332328.0,511889600.0
2014-09-26,6.3,6.33,6.29,6.24,64863944.0,278744576.0
2014-09-25,6.37,6.4,6.32,6.32,106447488.0,462869536.0
2014-09-24,6.21,6.37,6.33,6.2,163109840.0,701281216.0
2014-09-23,6.23,6.27,6.24,6.18,65470568.0,279244608.0
2014-09-22,6.39,6.4,6.24,6.21,117186792.0,503540768.0
2014-09-19,6.42,6.45,6.43,6.37,116494960.0,511198432.0
2014-09-18,6.3,6.53,6.42,6.29,282281152.0,1239742976.0
2014-09-17,6.3,6.33,6.3,6.27,86192400.0,371343872.0
2014-09-16,6.32,6.42,6.29,6.27,165554080.0,718100672.0
2014-09-15,6.33,6.36,6.3,6.27,96226680.0,414954720.0
2014-09-12,6.3,6.33,6.32,6.24,53448488.0,229640832.0
2014-09-11,6.3,6.4,6.3,6.27,92755832.0,401269120.0
2014-09-10,6.36,6.37,6.3,6.26,90183528.0,388952928.0
2014-09-09,6.43,6.45,6.34,6.33,76084944.0,331573504.0
2014-09-05,6.4,6.45,6.43,6.37,88248304.0,386763072.0
2014-09-04,6.36,6.4,6.39,6.33,71453032.0,311205376.0
2014-09-03,6.33,6.46,6.36,6.32,149613712.0,654518464.0
2014-09-02,6.15,6.36,6.36,6.11,165596992.0,707075648.0
2014-09-01,6.14,6.17,6.14,6.08,64895720.0,272087456.0
2014-08-29,6.08,6.14,6.12,6.05,63075552.0,263160032.0
2014-08-28,6.15,6.18,6.05,6.05,92355496.0,387216992.0
2014-08-27,6.18,6.2,6.15,6.14,55116500.0,232559008.0
2014-08-26,6.14,6.24,6.2,6.14,92440272.0,391128896.0
2014-08-25,6.24,6.24,6.15,6.14,85382560.0,360074624.0
2014-08-22,6.2,6.24,6.24,6.17,65684472.0,279139296.0
2014-08-21,6.24,6.26,6.21,6.17,91001808.0,385779840.0
2014-08-20,6.27,6.29,6.26,6.23,73400008.0,314092064.0
2014-08-19,6.33,6.34,6.29,6.23,89897000.0,386551712.0
2014-08-18,6.33,6.4,6.33,6.3,92309696.0,400419552.0
2014-08-15,6.29,6.34,6.32,6.24,91346224.0,393506496.0
2014-08-14,6.33,6.34,6.27,6.26,98258408.0,423158464.0
2014-08-13,6.36,6.4,6.3,6.23,135752336.0,586390336.0
2014-08-12,6.43,6.45,6.36,6.34,153441696.0,669296960.0
2014-08-11,6.43,6.52,6.46,6.43,146932256.0,650045824.0
2014-08-08,6.36,6.5,6.43,6.36,175272224.0,771819008.0
2014-08-07,6.45,6.5,6.37,6.36,170278192.0,747809472.0
2014-08-06,6.4,6.46,6.43,6.33,178281344.0,780360640.0
2014-08-05,6.5,6.58,6.46,6.4,249600224.0,1104104448.0
2014-08-04,6.58,6.65,6.58,6.43,246372352.0,1104119424.0
2014-08-01,6.65,6.72,6.53,6.52,373577728.0,1693067008.0
2014-07-31,6.42,6.75,6.72,6.36,508908736.0,2292336640.0
2014-07-30,6.4,6.61,6.42,6.37,460794304.0,2046736384.0
2014-07-29,6.36,6.68,6.58,6.21,767163008.0,3360630272.0
2014-07-28,5.7,6.17,6.17,5.7,577892032.0,2413050368.0
2014-07-25,5.58,5.63,5.61,5.57,71854496.0,275221600.0
2014-07-24,5.45,5.6,5.58,5.44,146238848.0,553475328.0
2014-07-23,5.41,5.47,5.44,5.41,56363500.0,209856368.0
2014-07-22,5.38,5.44,5.41,5.38,43215196.0,160166544.0
2014-07-21,5.41,5.42,5.39,5.38,29693868.0,109609808.0
2014-07-18,5.38,5.44,5.42,5.38,40084384.0,148378336.0
2014-07-17,5.45,5.45,5.41,5.38,50863556.0,188228528.0
2014-07-16,5.39,5.48,5.45,5.38,101465616.0,376017120.0
2014-07-15,5.35,5.39,5.39,5.35,73078096.0,269154496.0
2014-07-14,5.37,5.38,5.37,5.33,72031440.0,263991792.0
2014-07-11,5.35,5.39,5.35,5.32,107036592.0,392864800.0
2014-07-10,5.34,5.36,5.32,5.31,70417648.0,275569184.0
2014-07-09,5.41,5.41,5.34,5.32,60596948.0,238279968.0
2014-07-08,5.41,5.42,5.41,5.36,44475000.0,175935728.0
2014-07-07,5.38,5.42,5.41,5.36,58243492.0,230416896.0
2014-07-04,5.34,5.39,5.36,5.32,65847836.0,258485072.0
2014-07-03,5.32,5.34,5.32,5.29,43733296.0,170521824.0
2014-07-02,5.29,5.32,5.32,5.28,43619324.0,169395648.0
2014-07-01,5.31,5.32,5.29,5.27,30677072.0,118979816.0
2014-06-30,5.28,5.31,5.29,5.27,34364916.0,133388288.0
2014-06-27,5.27,5.28,5.28,5.25,31932804.0,123212312.0
2014-06-26,5.25,5.29,5.27,5.25,29941500.0,115756296.0
2014-06-25,5.28,5.28,5.25,5.24,29116518.0,112252008.0
2014-06-24,5.25,5.29,5.28,5.25,27723800.0,107164856.0
2014-06-23,5.24,5.29,5.27,5.23,40106680.0,154667184.0
2014-06-20,5.21,5.25,5.24,5.21,38578388.0,148013168.0
2014-06-19,5.25,5.27,5.21,5.2,51299708.0,196862016.0
2014-06-18,5.28,5.29,5.25,5.24,60579088.0,233817008.0
2014-06-17,5.32,5.34,5.29,5.27,64162232.0,249282288.0
2014-06-16,5.29,5.35,5.35,5.28,82670768.0,322152064.0
2014-06-13,5.23,5.32,5.29,5.21,111573968.0,431710112.0
2014-06-12,5.23,5.24,5.24,5.21,37552752.0,143888064.0
2014-06-11,5.25,5.25,5.24,5.21,42414536.0,162767808.0
2014-06-10,5.21,5.25,5.25,5.2,67243248.0,257558896.0
2014-06-09,5.17,5.24,5.2,5.17,42259700.0,161348608.0
2014-06-06,5.23,5.24,5.17,5.17,34315480.0,130747808.0
2014-06-05,5.19,5.24,5.23,5.16,50595744.0,192990832.0
2014-06-04,5.21,5.21,5.19,5.16,33324176.0,126536480.0
2014-06-03,5.2,5.23,5.21,5.2,39803424.0,152107808.0
2014-05-30,5.21,5.21,5.2,5.19,38037232.0,144893040.0
2014-05-29,5.23,5.23,5.21,5.2,40613132.0,155262352.0
2014-05-28,5.19,5.23,5.21,5.17,43124340.0,164372992.0
2014-05-27,5.19,5.21,5.19,5.17,37120392.0,141217568.0
2014-05-26,5.21,5.21,5.19,5.17,28966284.0,110259848.0
2014-05-23,5.19,5.2,5.2,5.14,41430776.0,157079968.0
2014-05-22,5.17,5.23,5.17,5.16,61886972.0,235708144.0
2014-05-21,5.12,5.19,5.17,5.1,58584528.0,221132960.0
2014-05-20,5.12,5.14,5.13,5.12,38452152.0,144594400.0
2014-05-19,5.13,5.14,5.1,5.09,43408960.0,162721472.0
2014-05-16,5.13,5.16,5.14,5.12,53572956.0,201826192.0
2014-05-15,5.16,5.2,5.14,5.13,95394712.0,361068736.0
2014-05-14,5.13,5.14,5.14,5.1,33504956.0,125983184.0
2014-05-13,5.13,5.14,5.13,5.1,40800600.0,153297120.0
2014-05-12,5.09,5.14,5.13,5.08,74044568.0,277864736.0
2014-05-09,5.08,5.09,5.08,5.05,28823066.0,107172216.0
2014-05-08,5.06,5.1,5.06,5.05,42747172.0,159184896.0
2014-05-07,5.06,5.08,5.06,5.05,37415496.0,138922288.0
2014-05-06,5.05,5.09,5.08,5.04,36467208.0,135511392.0
2014-05-05,5.05,5.08,5.06,5.02,55226756.0,204103072.0
2014-04-30,5.09,5.09,5.06,5.05,52252776.0,193705408.0
2014-04-29,5.06,5.09,5.06,5.04,65084804.0,241234880.0
2014-04-28,5.09,5.1,5.06,5.05,62301388.0,231649136.0
2014-04-25,5.09,5.14,5.09,5.08,62428664.0,233989696.0
2014-04-24,5.09,5.12,5.09,5.06,42153272.0,157088704.0
2014-04-23,5.09,5.1,5.09,5.08,46225368.0,172360432.0
2014-04-22,5.08,5.12,5.1,5.06,50759520.0,189304992.0
2014-04-21,5.14,5.19,5.08,5.08,53998680.0,202844592.0
2014-04-18,5.16,5.17,5.16,5.12,35952056.0,135583520.0
2014-04-17,5.19,5.2,5.16,5.16,31771100.0,120484568.0
2014-04-16,5.16,5.21,5.17,5.14,55878248.0,212119344.0
2014-04-15,5.27,5.28,5.17,5.16,83116656.0,317091296.0
2014-04-14,5.29,5.32,5.28,5.25,50910936.0,197019872.0
2014-04-11,5.28,5.34,5.31,5.25,120642808.0,467704000.0
2014-04-10,5.24,5.35,5.29,5.21,128549264.0,496750848.0
2014-04-09,5.25,5.27,5.24,5.2,104337272.0,400241280.0
2014-04-08,5.13,5.29,5.25,5.12,169960928.0,649902016.0
2014-04-04,5.1,5.14,5.13,5.08,62512592.0,234510080.0
2014-04-03,5.2,5.21,5.1,5.08,108936128.0,410207648.0
2014-04-02,5.16,5.2,5.19,5.14,61663244.0,233794912.0
2014-04-01,5.14,5.2,5.16,5.13,54590096.0,206541456.0
2014-03-31,5.2,5.2,5.16,5.12,84760392.0,320009248.0
2014-03-28,5.14,5.25,5.21,5.14,102641280.0,390921216.0
2014-03-27,5.16,5.23,5.16,5.1,71222176.0,269518112.0
2014-03-26,5.19,5.2,5.16,5.14,40895184.0,154860016.0
2014-03-25,5.19,5.21,5.16,5.14,48919836.0,185454400.0
2014-03-24,5.2,5.24,5.21,5.14,118043864.0,449414592.0
2014-03-21,4.94,5.16,5.14,4.93,124537672.0,462985952.0
2014-03-20,4.97,5.04,4.97,4.95,37494200.0,137368160.0
2014-03-19,4.98,5.0,4.98,4.94,31832566.0,115738224.0
2014-03-18,5.01,5.02,5.0,4.98,33024316.0,120888936.0
2014-03-17,5.01,5.02,5.01,4.98,29287190.0,107376560.0
2014-03-14,5.01,5.05,4.98,4.95,52148464.0,190923280.0
2014-03-13,5.0,5.16,5.05,4.98,89483216.0,331955872.0
2014-03-12,4.95,5.01,4.97,4.9,65225220.0,236774416.0
2014-03-11,4.95,5.01,4.95,4.94,47821064.0,173909936.0
2014-03-10,5.04,5.05,4.97,4.94,69157744.0,252779520.0
2014-03-07,5.09,5.13,5.06,5.05,43874000.0,163564896.0
2014-03-06,5.08,5.12,5.09,5.05,49919128.0,185940656.0
2014-03-05,5.12,5.13,5.08,5.06,43951716.0,163912752.0
2014-03-04,5.12,5.13,5.13,5.06,56782984.0,212010832.0
2014-03-03,5.14,5.16,5.13,5.1,66013224.0,248043328.0
2014-02-28,5.16,5.2,5.17,5.12,51510616.0,194550192.0
2014-02-27,5.16,5.21,5.19,5.1,75112776.0,284499488.0
2014-02-26,5.13,5.17,5.14,5.1,37262780.0,140329440.0
2014-02-25,5.19,5.21,5.16,5.13,52877984.0,200475888.0
2014-02-24,5.24,5.24,5.17,5.13,100610832.0,380914112.0
2014-02-21,5.32,5.35,5.27,5.24,51032208.0,197696272.0
2014-02-20,5.34,5.49,5.32,5.31,92178216.0,363478720.0
2014-02-19,5.23,5.39,5.35,5.2,89208592.0,347596064.0
2014-02-18,5.31,5.32,5.23,5.21,47238980.0,181826112.0
2014-02-17,5.35,5.36,5.31,5.29,50578508.0,197045360.0
2014-02-14,5.34,5.36,5.32,5.31,50428668.0,196931072.0
2014-02-13,5.28,5.43,5.35,5.25,117624112.0,460979200.0
2014-02-12,5.27,5.36,5.29,5.25,74340192.0,288987840.0
2014-02-11,5.2,5.34,5.28,5.19,130768672.0,504983712.0
2014-02-10,5.16,5.2,5.19,5.14,65539048.0,248891504.0
2014-02-07,5.14,5.14,5.14,5.09,35350240.0,132485144.0
2014-01-30,5.19,5.2,5.16,5.16,26525000.0,100514184.0
2014-01-29,5.2,5.21,5.19,5.17,32012106.0,121932152.0
2014-01-28,5.13,5.21,5.19,5.12,71124816.0,269344800.0
2014-01-27,5.09,5.13,5.12,5.08,90916768.0,340204608.0
2014-01-24,5.09,5.14,5.1,5.08,46876672.0,175533520.0
2014-01-23,5.14,5.14,5.1,5.1,33085408.0,124141416.0
2014-01-22,5.09,5.17,5.16,5.08,53780476.0,202276688.0
2014-01-21,5.08,5.12,5.09,5.06,33321388.0,124350096.0
2014-01-20,5.09,5.09,5.08,5.05,32265932.0,119797496.0
2014-01-17,5.12,5.13,5.08,5.06,44992448.0,167944240.0
2014-01-16,5.13,5.16,5.13,5.09,37814080.0,141847456.0
2014-01-15,5.17,5.19,5.13,5.1,39736496.0,149429776.0
2014-01-14,5.21,5.23,5.17,5.14,55034272.0,208791376.0
2014-01-13,5.2,5.24,5.21,5.19,44518784.0,169942640.0
2014-01-10,5.16,5.2,5.19,5.14,37357256.0,141551008.0
2014-01-09,5.16,5.23,5.17,5.14,39753224.0,151025584.0
2014-01-08,5.14,5.24,5.19,5.13,47952084.0,182189344.0
2014-01-07,5.09,5.17,5.14,5.08,48477576.0,182450048.0
2014-01-06,5.17,5.17,5.12,5.08,73494736.0,275265600.0
2014-01-03,5.2,5.23,5.17,5.13,64039688.0,242603648.0
2014-01-02,5.21,5.24,5.21,5.19,57317904.0,218979008.0
2013-12-31,5.17,5.27,5.24,5.14,125516928.0,479260256.0
2013-12-30,5.34,5.36,5.19,5.14,203907616.0,781325056.0
2013-12-27,5.28,5.35,5.31,5.27,77578328.0,301271296.0
2013-12-26,5.34,5.35,5.25,5.24,49026064.0,189960160.0
2013-12-25,5.39,5.41,5.34,5.31,40420068.0,158324848.0
2013-12-24,5.41,5.43,5.36,5.34,33875984.0,133759872.0
2013-12-23,5.36,5.43,5.38,5.32,47384528.0,186870704.0
2013-12-20,5.51,5.54,5.27,4.98,82661776.0,328998656.0
2013-12-19,5.6,5.61,5.51,5.49,51498776.0,209822912.0
2013-12-18,5.58,5.62,5.57,5.55,35682848.0,146001072.0
2013-12-17,5.55,5.64,5.57,5.54,51348016.0,210218320.0
2013-12-16,5.62,5.65,5.55,5.54,48584220.0,199171152.0
2013-12-13,5.58,5.62,5.58,5.57,45631208.0,186972112.0
2013-12-12,5.64,5.66,5.62,5.61,32602300.0,134561216.0
2013-12-11,5.72,5.73,5.65,5.64,41372428.0,172044960.0
2013-12-10,5.76,5.77,5.73,5.72,42966916.0,181043952.0
2013-12-09,5.76,5.79,5.73,5.73,26095954.0,110067032.0
2013-12-06,5.77,5.8,5.76,5.72,51801868.0,218239232.0
2013-12-05,5.81,5.83,5.79,5.76,46360040.0,196653760.0
2013-12-04,5.75,5.86,5.81,5.73,89297184.0,380335424.0
2013-12-03,5.72,5.79,5.76,5.69,69548032.0,292464096.0
2013-12-02,5.69,5.79,5.72,5.65,118384416.0,495550560.0
2013-11-29,5.69,5.71,5.65,5.65,35187456.0,146204544.0
2013-11-28,5.62,5.71,5.68,5.61,55101792.0,228849664.0
2013-11-27,5.61,5.65,5.62,5.57,50964216.0,209501552.0
2013-11-26,5.62,5.65,5.61,5.58,31497758.0,129572952.0
2013-11-25,5.62,5.68,5.62,5.61,39223320.0,162194496.0
2013-11-22,5.66,5.68,5.64,5.62,38758344.0,160355120.0
2013-11-21,5.66,5.68,5.65,5.6,53210864.0,219524560.0
2013-11-20,5.68,5.72,5.68,5.65,46128488.0,192121776.0
2013-11-19,5.68,5.71,5.65,5.64,65615440.0,272388960.0
2013-11-18,5.54,5.71,5.68,5.51,108672464.0,446044256.0
2013-11-15,5.46,5.55,5.51,5.45,92351600.0,372922816.0
2013-11-14,5.53,5.53,5.43,5.41,68949344.0,275870080.0
2013-11-13,5.65,5.65,5.5,5.49,72473784.0,295657056.0
2013-11-12,5.66,5.69,5.68,5.65,43252896.0,179826592.0
2013-11-11,5.65,5.68,5.64,5.62,32393072.0,133953608.0
2013-11-08,5.65,5.71,5.65,5.64,36287168.0,150760448.0
2013-11-07,5.68,5.69,5.68,5.64,39708688.0,164947184.0
2013-11-06,5.68,5.71,5.66,5.65,44484296.0,185084608.0
2013-11-05,5.72,5.73,5.72,5.66,46775580.0,195196768.0
2013-11-04,5.79,5.8,5.73,5.71,39245956.0,165181424.0
2013-11-01,5.72,5.77,5.76,5.71,54462892.0,228920880.0
2013-10-31,5.76,5.76,5.72,5.68,77430160.0,324234656.0
2013-10-30,5.77,5.83,5.81,5.71,71394672.0,302332544.0
2013-10-29,5.69,5.84,5.77,5.69,114035920.0,481789344.0
2013-10-28,5.68,5.69,5.68,5.61,41611584.0,172508000.0
2013-10-25,5.69,5.75,5.66,5.65,65366792.0,272796512.0
2013-10-24,5.72,5.75,5.68,5.66,63212968.0,263940976.0
2013-10-23,5.76,5.86,5.73,5.72,76549216.0,324312064.0
2013-10-22,5.79,5.79,5.75,5.72,33992092.0,143214496.0
2013-10-21,5.76,5.81,5.8,5.71,51320640.0,216506160.0
2013-10-18,5.72,5.79,5.75,5.71,34843940.0,146807728.0
2013-10-17,5.79,5.8,5.72,5.71,42504352.0,178945680.0
2013-10-16,5.79,5.8,5.76,5.73,60907920.0,256995824.0
2013-10-15,5.84,5.84,5.8,5.77,47455320.0,201980704.0
2013-10-14,5.9,5.91,5.84,5.8,88580584.0,379978528.0
2013-10-11,5.8,5.96,5.9,5.76,136890288.0,587180352.0
2013-10-10,5.88,5.88,5.76,5.73,73969048.0,313989184.0
2013-10-09,5.8,5.91,5.87,5.77,68029264.0,291982240.0
2013-10-08,5.83,5.87,5.84,5.75,77736992.0,330837888.0
2013-09-30,5.86,5.91,5.87,5.8,65572680.0,281085472.0
2013-09-27,5.71,5.77,5.76,5.71,49272712.0,206905536.0
2013-09-26,5.84,5.86,5.71,5.68,99898872.0,419043200.0
2013-09-25,5.84,6.0,5.86,5.83,86776376.0,375884224.0
2013-09-24,6.05,6.06,5.87,5.81,147878720.0,639361408.0
2013-09-23,6.07,6.09,6.07,5.98,89742720.0,397248832.0
2013-09-18,6.02,6.07,6.05,5.94,109374640.0,483037568.0
2013-09-17,6.22,6.32,6.02,6.0,156734608.0,700946432.0
2013-09-16,6.46,6.5,6.24,6.2,203134304.0,936724544.0
2013-09-13,6.29,6.66,6.39,6.28,313158784.0,1481264768.0
2013-09-12,6.09,6.51,6.36,6.06,414188384.0,1914279808.0
2013-09-11,6.17,6.29,6.13,6.11,225854512.0,1023459520.0
2013-09-10,6.21,6.28,6.18,6.0,339822720.0,1525942656.0
2013-09-09,5.69,6.16,6.16,5.69,476720768.0,2096666496.0
2013-09-06,5.42,5.65,5.6,5.42,170336160.0,694109440.0
2013-09-05,5.46,5.46,5.43,5.42,32696552.0,130253616.0
2013-09-04,5.45,5.49,5.46,5.43,57580064.0,230251568.0
2013-09-03,5.39,5.46,5.46,5.38,81336648.0,323673664.0
2013-09-02,5.39,5.41,5.38,5.35,60751552.0,239478400.0
2013-08-30,5.35,5.41,5.38,5.31,69242824.0,272087936.0
2013-08-29,5.39,5.42,5.35,5.32,53405492.0,210026112.0
2013-08-28,5.32,5.41,5.36,5.25,85445648.0,334626112.0
2013-08-27,5.35,5.36,5.35,5.29,64712136.0,252683312.0
2013-08-26,5.28,5.36,5.34,5.25,72175560.0,281057120.0
2013-08-23,5.34,5.36,5.27,5.2,66324388.0,256916368.0
2013-08-22,5.35,5.41,5.32,5.31,60066416.0,235970464.0
2013-08-21,5.43,5.43,5.36,5.34,52416216.0,206389248.0
2013-08-20,5.42,5.5,5.41,5.38,81614040.0,324451008.0
2013-08-19,5.34,5.43,5.42,5.32,71839384.0,283070592.0
2013-08-16,5.32,5.88,5.36,5.29,191556528.0,767127168.0
2013-08-15,5.38,5.42,5.35,5.32,46886304.0,184715792.0
2013-08-14,5.41,5.46,5.38,5.36,61134188.0,242503264.0
2013-08-13,5.38,5.42,5.41,5.34,56607252.0,222971664.0
2013-08-12,5.28,5.39,5.39,5.25,81568744.0,318548480.0
2013-08-09,5.28,5.31,5.25,5.2,53078892.0,204468224.0
2013-08-08,5.25,5.29,5.25,5.23,46444880.0,178964144.0
2013-08-07,5.24,5.29,5.24,5.23,50901620.0,196620304.0
2013-08-06,5.23,5.28,5.24,5.2,38372672.0,147351088.0
2013-08-05,5.23,5.25,5.25,5.2,37269204.0,142723296.0
2013-08-02,5.25,5.28,5.21,5.2,37705448.0,144569248.0
2013-08-01,5.14,5.25,5.23,5.13,56254188.0,214647952.0
2013-07-31,5.13,5.17,5.13,5.1,51705136.0,194927840.0
2013-07-30,5.05,5.17,5.1,5.04,61979512.0,231906336.0
2013-07-29,5.1,5.1,5.04,5.02,69150464.0,256063440.0
2013-07-26,5.14,5.17,5.13,5.12,45712308.0,172281440.0
2013-07-25,5.19,5.21,5.17,5.14,59363352.0,225200224.0
2013-07-24,5.23,5.24,5.17,5.13,81327952.0,308641696.0
2013-07-23,5.2,5.32,5.25,5.17,90339576.0,347988512.0
2013-07-22,5.2,5.2,5.17,5.14,80978160.0,306917504.0
2013-07-19,5.35,5.35,5.24,5.23,79325792.0,306864832.0
2013-07-18,5.41,5.42,5.34,5.31,55373116.0,216789792.0
2013-07-17,5.43,5.47,5.39,5.38,59084936.0,234771936.0
2013-07-16,5.43,5.45,5.45,5.36,55055348.0,217818944.0
2013-07-15,5.41,5.54,5.45,5.38,84409408.0,337691328.0
2013-07-12,5.49,5.51,5.35,5.35,100184480.0,399642272.0
2013-07-11,5.29,5.61,5.5,5.28,170979200.0,683243136.0
2013-07-10,5.23,5.28,5.27,5.22,78530912.0,320425664.0
2013-07-09,5.19,5.23,5.23,5.18,45891512.0,185376816.0
2013-07-08,5.22,5.23,5.19,5.17,56358792.0,227166080.0
2013-07-05,5.24,5.29,5.24,5.23,50345600.0,205400720.0
2013-07-04,5.15,5.25,5.24,5.14,86875584.0,351546912.0
2013-07-03,5.19,5.19,5.15,5.11,57169592.0,228361440.0
2013-07-02,5.22,5.23,5.19,5.17,63784572.0,257138288.0
2013-07-01,5.23,5.25,5.22,5.17,100444584.0,405896192.0
2013-06-28,5.17,5.29,5.24,5.14,121707240.0,493694240.0
2013-06-27,5.17,5.24,5.15,5.13,122022544.0,490773472.0
2013-06-26,5.24,5.25,5.14,5.1,114501624.0,459258048.0
2013-06-25,5.17,5.27,5.23,5.0,162959088.0,649457600.0
2013-06-24,5.47,5.47,5.19,5.18,154616896.0,633269696.0
2013-06-21,5.49,5.54,5.46,5.45,67055624.0,286209632.0
2013-06-20,5.67,5.69,5.53,5.53,70553696.0,306462016.0
2013-06-19,5.73,5.73,5.69,5.64,45965740.0,202986352.0
2013-06-18,5.8,5.81,5.75,5.71,64550616.0,287972320.0
2013-06-17,5.81,5.83,5.76,5.75,42538836.0,191002896.0
2013-06-14,5.8,5.82,5.77,5.75,66955736.0,300456288.0
2013-06-13,5.87,5.87,5.81,5.69,103918656.0,465042592.0
2013-06-07,5.96,5.99,5.91,5.9,50292376.0,231971456.0
2013-06-06,6.01,6.03,5.95,5.94,42585800.0,197826272.0
2013-06-05,6.05,6.07,6.01,6.0,41254216.0,193180352.0
2013-06-04,6.08,6.08,6.04,6.03,51176568.0,240413376.0
2013-06-03,6.07,6.11,6.08,6.07,40972384.0,193435664.0
2013-05-31,6.12,6.13,6.07,6.07,44121728.0,208971520.0
2013-05-30,6.13,6.16,6.11,6.09,54870288.0,260882256.0
2013-05-29,6.18,6.21,6.13,6.12,63484088.0,304157984.0
2013-05-28,6.08,6.18,6.18,6.05,63175400.0,299937088.0
2013-05-27,6.09,6.13,6.08,6.07,47012044.0,222605696.0
2013-05-24,6.12,6.14,6.12,6.08,46997304.0,222956864.0
2013-05-23,6.14,6.17,6.09,6.07,54419948.0,258354176.0
2013-05-22,6.16,6.18,6.17,6.11,50850060.0,242820880.0
2013-05-21,6.14,6.17,6.14,6.11,48520732.0,231039200.0
2013-05-20,6.11,6.22,6.16,6.11,75891240.0,363148256.0
2013-05-17,6.01,6.12,6.09,5.99,81894888.0,385064512.0
2013-05-16,5.95,6.04,6.0,5.92,75794736.0,352178496.0
2013-05-15,5.96,5.98,5.96,5.94,26938444.0,124649552.0
2013-05-14,6.01,6.04,5.95,5.94,61657256.0,285833408.0
2013-05-13,6.12,6.12,6.03,6.0,67771488.0,318191200.0
2013-05-10,6.07,6.12,6.11,6.07,41714344.0,197399424.0
2013-05-09,6.11,6.12,6.09,6.05,35515680.0,167824032.0
2013-05-08,6.08,6.12,6.09,6.05,54415328.0,257459776.0
2013-05-07,6.07,6.08,6.03,6.01,50010760.0,234480464.0
2013-05-06,6.07,6.12,6.08,6.04,47030432.0,222058672.0
2013-05-03,5.99,6.13,6.04,5.98,60095296.0,282978816.0
2013-05-02,5.98,6.0,5.98,5.95,39125852.0,181420464.0
2013-04-26,6.0,6.01,5.96,5.94,41941464.0,194626048.0
2013-04-25,5.98,6.0,5.99,5.91,56877764.0,263241568.0
2013-04-24,5.94,6.04,5.99,5.91,48330956.0,224068800.0
2013-04-23,6.09,6.11,5.91,5.91,52298124.0,242487504.0
2013-04-22,6.09,6.11,6.08,6.07,44219592.0,209017920.0
2013-04-19,5.96,6.14,6.09,5.94,105779504.0,497192960.0
2013-04-18,5.87,5.96,5.95,5.86,50168824.0,230203168.0
2013-04-17,5.98,5.98,5.9,5.89,61088512.0,280791168.0
2013-04-16,5.99,6.01,5.96,5.94,65166972.0,301951072.0
2013-04-15,5.99,6.03,6.01,5.94,62836216.0,292172736.0
2013-04-12,6.01,6.03,5.99,5.96,35411736.0,164774992.0
2013-04-11,6.04,6.07,6.0,6.0,39789624.0,186416640.0
2013-04-10,6.04,6.05,6.01,5.99,35049800.0,163671808.0
2013-04-09,6.05,6.09,6.04,6.03,47703780.0,224089392.0
2013-04-08,6.03,6.07,6.03,5.99,69217272.0,323534816.0
2013-04-03,6.08,6.14,6.09,6.07,41895736.0,198462816.0
2013-04-02,6.05,6.09,6.07,6.03,43919464.0,206348640.0
2013-04-01,6.04,6.07,6.04,6.0,42670040.0,199896512.0
2013-03-29,6.05,6.09,6.07,6.03,41864316.0,197071440.0
2013-03-28,6.12,6.12,6.04,5.99,135285264.0,634135872.0
2013-03-27,6.2,6.33,6.26,6.2,65586040.0,318124736.0
2013-03-26,6.29,6.31,6.18,6.17,71155672.0,343365088.0
2013-03-25,6.29,6.34,6.31,6.27,60969936.0,298704800.0
2013-03-22,6.26,6.29,6.26,6.22,55306984.0,268838432.0
2013-03-21,6.3,6.33,6.26,6.22,83452112.0,407015680.0
2013-03-20,6.05,6.3,6.29,6.04,168483152.0,812303168.0
2013-03-19,6.01,6.07,6.04,6.0,60408048.0,282647840.0
2013-03-18,6.08,6.13,6.0,5.99,82074352.0,385757056.0
2013-03-15,6.05,6.27,6.09,6.03,92794136.0,442153216.0
2013-03-14,6.03,6.08,6.07,6.01,45012820.0,211519376.0
2013-03-13,6.07,6.09,6.04,6.03,42057432.0,197768336.0
2013-03-12,6.12,6.18,6.08,6.04,77540088.0,367093280.0
2013-03-11,6.17,6.17,6.11,6.08,41767372.0,198198896.0
2013-03-08,6.17,6.2,6.17,6.13,50235284.0,240373680.0
2013-03-07,6.29,6.31,6.16,6.05,118722304.0,572252992.0
2013-03-06,6.36,6.39,6.34,6.27,120772912.0,592436160.0
2013-03-05,6.12,6.36,6.35,6.12,159650816.0,771461888.0
2013-03-04,6.31,6.39,6.11,6.05,195380992.0,938115840.0
2013-03-01,6.48,6.52,6.42,6.34,87715592.0,438051872.0
2013-02-28,6.35,6.49,6.48,6.3,135174512.0,671944832.0
2013-02-27,6.35,6.44,6.29,6.27,108382976.0,532524320.0
2013-02-26,6.38,6.52,6.34,6.32,88809960.0,443400896.0
2013-02-25,6.44,6.48,6.42,6.36,39011156.0,194369872.0
2013-02-22,6.39,6.49,6.4,6.36,82707608.0,412824800.0
2013-02-21,6.58,6.61,6.38,6.34,137030240.0,686105600.0
2013-02-20,6.76,6.76,6.67,6.56,113269056.0,582801280.0
2013-02-19,6.8,6.85,6.72,6.68,73785264.0,386495424.0
2013-02-18,6.83,6.94,6.8,6.8,98705632.0,526128640.0
2013-02-08,6.8,6.85,6.8,6.72,81492448.0,429874144.0
2013-02-07,6.98,6.99,6.8,6.7,139164288.0,737881792.0
2013-02-06,6.97,7.01,6.99,6.88,96317808.0,520442880.0
2013-02-05,7.08,7.15,6.93,6.89,186512992.0,1011339584.0
2013-02-04,7.17,7.32,7.14,7.12,138732464.0,778507328.0
2013-02-01,6.96,7.17,7.16,6.89,153639808.0,843932800.0
2013-01-31,6.83,7.01,6.96,6.81,170253744.0,915231232.0
2013-01-30,6.74,6.84,6.81,6.67,139976640.0,733635200.0
2013-01-29,6.78,6.79,6.75,6.66,165741440.0,863806528.0
2013-01-28,6.57,6.76,6.75,6.56,135334448.0,704757376.0
2013-01-25,6.57,6.61,6.56,6.48,58680248.0,298061984.0
2013-01-24,6.57,6.76,6.57,6.5,198137024.0,1023424768.0
2013-01-23,6.48,6.57,6.56,6.47,87563040.0,443907072.0
2013-01-22,6.39,6.68,6.5,6.35,187446704.0,949279360.0
2013-01-21,6.42,6.44,6.43,6.34,88553664.0,439081120.0
2013-01-18,6.35,6.44,6.4,6.32,59569192.0,294886240.0
2013-01-17,6.36,6.38,6.3,6.25,86679296.0,423794080.0
2013-01-16,6.48,6.52,6.39,6.22,68096256.0,338732544.0
2013-01-15,6.48,6.58,6.49,6.44,101775768.0,512997472.0
2013-01-14,6.23,6.54,6.49,6.22,103044016.0,512481024.0
2013-01-11,6.34,6.36,6.25,6.21,61746300.0,301475584.0
2013-01-10,6.32,6.36,6.31,6.27,75036216.0,368025920.0
2013-01-09,6.42,6.43,6.32,6.3,85105424.0,420360832.0
2013-01-08,6.56,6.57,6.42,6.39,72659352.0,363411744.0
2013-01-07,6.52,6.65,6.52,6.5,98027680.0,499414720.0
2013-01-04,6.47,6.59,6.52,6.43,186052160.0,940606400.0
2012-12-31,6.23,6.43,6.36,6.23,172774560.0,854498112.0
2012-12-28,6.13,6.31,6.22,6.11,109253344.0,526540256.0
2012-12-27,6.13,6.2,6.12,6.08,66653620.0,317167456.0
2012-12-26,6.16,6.2,6.12,6.09,107587800.0,513927904.0
2012-12-25,5.94,6.2,6.16,5.92,140396144.0,665691904.0
2012-12-24,5.91,6.03,5.95,5.9,76603552.0,355133408.0
2012-12-21,5.96,5.99,5.91,5.89,63722016.0,293273696.0
2012-12-20,5.96,6.0,5.95,5.9,58175724.0,268460096.0
2012-12-19,6.03,6.09,5.99,5.99,89826184.0,420652288.0
2012-12-18,5.92,6.08,6.01,5.89,173727680.0,810167296.0
2012-12-17,5.96,6.01,5.94,5.87,112654776.0,519128128.0
2012-12-14,5.66,5.95,5.94,5.63,271611712.0,1233189760.0
2012-12-13,5.69,5.71,5.63,5.62,77458288.0,340257504.0
2012-12-12,5.71,5.76,5.72,5.69,84817640.0,376757696.0
2012-12-11,5.75,5.76,5.71,5.71,65924548.0,293185728.0
2012-12-10,5.75,5.81,5.77,5.72,104068936.0,466023648.0
2012-12-07,5.62,5.75,5.73,5.62,96303952.0,425727744.0
2012-12-06,5.59,5.66,5.64,5.58,72182352.0,314977472.0
2012-12-05,5.44,5.64,5.59,5.44,105591656.0,456003904.0
2012-12-04,5.42,5.47,5.44,5.42,26005756.0,110100488.0
2012-12-03,5.45,5.46,5.42,5.38,32801452.0,137994944.0
2012-11-30,5.45,5.49,5.45,5.44,34196728.0,145090944.0
2012-11-29,5.42,5.49,5.45,5.4,40400280.0,170974432.0
2012-11-28,5.38,5.44,5.42,5.37,31920342.0,133921920.0
2012-11-27,5.37,5.41,5.38,5.36,29045944.0,121443056.0
2012-11-26,5.41,5.42,5.37,5.36,25034524.0,104713200.0
2012-11-23,5.42,5.45,5.44,5.4,21757224.0,91711880.0
2012-11-22,5.41,5.44,5.41,5.36,14449775.0,60516416.0
2012-11-21,5.37,5.44,5.42,5.36,20284456.0,84956776.0
2012-11-20,5.4,5.4,5.36,5.35,16065140.0,66873724.0
2012-11-19,5.37,5.4,5.38,5.35,14951936.0,62363256.0
2012-11-16,5.4,5.4,5.37,5.35,26776542.0,111621840.0
2012-11-15,5.41,5.44,5.38,5.37,20571588.0,86264816.0
2012-11-14,5.44,5.46,5.44,5.4,23370654.0,98534384.0
2012-11-13,5.51,5.51,5.44,5.41,33879904.0,143046272.0
2012-11-12,5.49,5.53,5.5,5.46,28699520.0,122438776.0
2012-11-09,5.49,5.51,5.49,5.45,18151026.0,77239520.0
2012-11-08,5.55,5.57,5.5,5.46,24341452.0,104159872.0
2012-11-07,5.58,5.6,5.58,5.54,17188140.0,74261112.0
2012-11-06,5.6,5.63,5.59,5.5,37485132.0,161638240.0
2012-11-05,5.6,5.63,5.6,5.56,37795528.0,164473808.0
2012-11-02,5.5,5.6,5.58,5.49,37048588.0,159524784.0
2012-11-01,5.44,5.55,5.5,5.44,29114472.0,124479976.0
2012-10-31,5.44,5.46,5.44,5.41,22408972.0,94489928.0
2012-10-30,5.44,5.47,5.45,5.38,37033788.0,155742048.0
2012-10-29,5.5,5.51,5.42,5.41,27943222.0,118333720.0
2012-10-26,5.62,5.64,5.5,5.49,25377030.0,109373272.0
2012-10-25,5.62,5.63,5.63,5.59,21691052.0,94573600.0
2012-10-24,5.58,5.64,5.63,5.56,23011092.0,100389208.0
2012-10-23,5.64,5.66,5.6,5.59,18469220.0,80628048.0
2012-10-22,5.6,5.66,5.66,5.59,34955664.0,152827600.0
2012-10-19,5.6,5.64,5.62,5.58,30185672.0,131686928.0
2012-10-18,5.6,5.63,5.6,5.56,35648032.0,155228448.0
2012-10-17,5.56,5.6,5.58,5.54,38836424.0,168054176.0
2012-10-16,5.54,5.58,5.55,5.51,28646176.0,123414672.0
2012-10-15,5.58,5.58,5.55,5.51,26392144.0,113524848.0
2012-10-12,5.55,5.63,5.57,5.53,34165112.0,147858288.0
2012-10-11,5.53,5.55,5.54,5.46,31694816.0,135624912.0
2012-10-10,5.54,5.56,5.54,5.53,20284174.0,87192688.0
2012-10-09,5.45,5.59,5.55,5.44,49291264.0,212111504.0
2012-10-08,5.49,5.56,5.44,5.4,26887836.0,113929936.0
2012-09-28,5.38,5.53,5.49,5.36,70420624.0,298316352.0
2012-09-27,5.28,5.47,5.45,5.25,67716120.0,283660928.0
2012-09-26,5.28,5.29,5.27,5.24,22790416.0,93378096.0
2012-09-25,5.29,5.31,5.27,5.24,19278320.0,78867848.0
2012-09-24,5.29,5.32,5.32,5.24,34764088.0,142597728.0
2012-09-21,5.29,5.36,5.31,5.29,29769338.0,122957920.0
2012-09-20,5.37,5.4,5.32,5.31,39579336.0,164313024.0
2012-09-19,5.4,5.41,5.38,5.36,29272778.0,122355336.0
2012-09-18,5.41,5.42,5.38,5.36,30952236.0,129475528.0
2012-09-17,5.45,5.47,5.42,5.41,36309516.0,153650848.0
2012-09-14,5.45,5.5,5.45,5.42,55522784.0,235547456.0
2012-09-13,5.42,5.46,5.42,5.41,27924428.0,117836008.0
2012-09-12,5.51,5.55,5.42,5.4,75003176.0,317260960.0
2012-09-11,5.53,5.54,5.5,5.47,27596900.0,117704928.0
2012-09-10,5.54,5.59,5.54,5.53,38557560.0,165923568.0
2012-09-07,5.42,5.66,5.58,5.41,99971496.0,429852000.0
2012-09-06,5.4,5.44,5.4,5.36,32076656.0,134346944.0
2012-09-05,5.42,5.45,5.4,5.37,33540252.0,140438592.0
2012-09-04,5.49,5.49,5.42,5.41,63355920.0,267970528.0
2012-09-03,5.56,5.58,5.51,5.45,97579216.0,416353696.0
2012-08-31,5.62,5.63,5.57,5.55,37732432.0,163759408.0
2012-08-30,5.58,5.66,5.66,5.54,56549360.0,246455328.0
2012-08-29,5.66,5.68,5.6,5.59,29619494.0,129548784.0
2012-08-28,5.63,5.69,5.67,5.62,33305230.0,146381600.0
2012-08-27,5.62,5.67,5.63,5.59,44280352.0,193901744.0
2012-08-24,5.63,5.66,5.62,5.6,37506996.0,164090496.0
2012-08-23,5.6,5.67,5.64,5.59,45380912.0,198502672.0
2012-08-22,5.59,5.64,5.63,5.54,31585326.0,136935504.0
2012-08-21,5.64,5.66,5.59,5.58,43938076.0,191362080.0
2012-08-20,5.66,5.69,5.64,5.59,23890464.0,104344824.0
2012-08-17,5.71,5.73,5.69,5.67,31347406.0,138818672.0
2012-08-16,5.69,5.77,5.71,5.66,26364668.0,116864872.0
2012-08-15,5.76,5.8,5.69,5.68,27894508.0,123955416.0
2012-08-14,5.75,5.81,5.77,5.73,34499068.0,154992608.0
2012-08-13,5.73,5.78,5.76,5.72,45343760.0,202747328.0
2012-08-10,5.71,5.73,5.72,5.69,25666438.0,113951848.0
2012-08-09,5.67,5.71,5.68,5.64,25987780.0,114551600.0
2012-08-08,5.63,5.69,5.67,5.62,44940396.0,197901184.0
2012-08-07,5.66,5.68,5.62,5.6,40884088.0,178825792.0
2012-08-06,5.71,5.73,5.66,5.66,43772916.0,192967808.0
2012-08-03,5.71,5.75,5.72,5.71,29870492.0,132731568.0
2012-08-02,5.63,5.77,5.71,5.6,60996544.0,269621024.0
2012-08-01,5.64,5.66,5.6,5.59,34008880.0,148218736.0
2012-07-31,5.54,5.64,5.64,5.54,40098544.0,174454432.0
2012-07-30,5.51,5.58,5.54,5.51,51901360.0,223811984.0
2012-07-27,5.4,5.49,5.44,5.38,35501684.0,150157168.0
2012-07-26,5.36,5.42,5.38,5.35,27518656.0,115089584.0
2012-07-25,5.37,5.4,5.35,5.35,27746640.0,115766064.0
2012-07-24,5.41,5.44,5.36,5.35,51053960.0,213070480.0
2012-07-23,5.51,5.53,5.42,5.4,45384052.0,191304640.0
2012-07-20,5.58,5.59,5.53,5.51,37408088.0,161191360.0
2012-07-19,5.58,5.63,5.58,5.56,48296632.0,209768560.0
2012-07-18,5.6,5.6,5.57,5.55,34946812.0,151408848.0
2012-07-17,5.59,5.62,5.59,5.58,28540370.0,124015920.0
2012-07-16,5.62,5.62,5.58,5.55,47565000.0,206183920.0
2012-07-13,5.59,5.62,5.6,5.56,33473986.0,145242832.0
2012-07-12,5.62,5.66,5.58,5.54,72517184.0,313892288.0
2012-07-11,5.62,5.67,5.63,5.6,27653962.0,121057568.0
2012-07-10,5.64,5.69,5.62,5.6,35433020.0,155390512.0
2012-07-09,5.76,5.78,5.62,5.6,59548724.0,262572448.0
2012-07-06,5.75,5.8,5.77,5.72,37496904.0,167387520.0
2012-07-05,5.8,5.81,5.8,5.78,25375688.0,114216040.0
2012-07-04,5.8,5.83,5.81,5.8,32445284.0,146437216.0
2012-07-03,5.78,5.83,5.8,5.77,31083820.0,140102704.0
2012-07-02,5.85,5.85,5.8,5.77,43037480.0,193638048.0
2012-06-29,5.8,5.86,5.85,5.77,49933048.0,225480736.0
2012-06-27,5.83,5.86,5.8,5.78,34444784.0,156070576.0
2012-06-26,5.81,5.87,5.83,5.81,42975760.0,195049792.0
2012-06-25,5.81,5.86,5.81,5.78,48711176.0,220670848.0
2012-06-21,5.83,5.86,5.81,5.76,33541944.0,151238224.0
2012-06-20,5.85,5.87,5.83,5.82,24092608.0,109436000.0
2012-06-19,5.81,5.86,5.82,5.78,23677460.0,107059712.0
2012-06-18,5.86,5.86,5.81,5.78,36354284.0,164061840.0
2012-06-15,5.75,5.87,5.83,5.73,43734484.0,197177440.0
2012-06-14,5.76,5.76,5.73,5.72,23952004.0,106597920.0
2012-06-13,5.75,5.78,5.76,5.72,38412200.0,171576464.0
2012-06-12,5.8,5.81,5.73,5.69,43747708.0,194810816.0
2012-06-11,5.82,5.86,5.81,5.78,35541196.0,160599168.0
2012-06-08,5.87,5.87,5.8,5.73,56721432.0,255934128.0
2012-06-07,5.94,5.95,5.87,5.87,36085560.0,165945792.0
2012-06-06,5.89,5.94,5.92,5.86,43138580.0,197859680.0
2012-06-05,5.89,5.91,5.87,5.86,34865188.0,159198592.0
2012-06-04,5.92,5.92,5.86,5.86,45402968.0,207538000.0
2012-06-01,5.92,6.0,5.95,5.92,58041632.0,268148000.0
2012-05-31,6.01,6.01,5.94,5.92,42389600.0,196333312.0
2012-05-30,6.03,6.05,6.01,5.98,34899712.0,166205344.0
2012-05-29,5.99,6.05,6.04,5.94,60052744.0,285589056.0
2012-05-28,5.92,6.0,5.99,5.91,47319864.0,223566416.0
2012-05-25,5.95,5.99,5.95,5.92,36322304.0,171660496.0
2012-05-24,5.94,5.99,5.95,5.92,32530380.0,153757680.0
2012-05-23,5.95,5.98,5.94,5.91,35871016.0,169096784.0
2012-05-22,5.95,5.98,5.96,5.91,36434276.0,171688144.0
2012-05-21,5.89,5.95,5.94,5.89,34425312.0,161771296.0
2012-05-18,5.91,5.92,5.89,5.88,53374112.0,249841888.0
2012-05-17,5.91,5.96,5.94,5.89,37648916.0,177010720.0
2012-05-16,5.95,5.98,5.9,5.89,53143724.0,249735552.0
2012-05-15,6.0,6.05,5.98,5.95,70908848.0,337007904.0
2012-05-14,6.1,6.12,6.03,6.0,58501604.0,281320672.0
2012-05-11,6.12,6.15,6.06,6.06,53785600.0,260518016.0
2012-05-10,6.1,6.18,6.15,6.05,133272120.0,645144832.0
2012-05-08,6.19,6.2,6.17,6.15,89720672.0,439487392.0
2012-05-07,6.19,6.23,6.18,6.15,80722464.0,395893824.0
2012-05-04,6.19,6.24,6.21,6.18,82506928.0,405935200.0
2012-05-03,6.2,6.23,6.2,6.15,43206252.0,212164080.0
2012-05-02,6.24,6.25,6.21,6.2,82660904.0,408610080.0
2012-04-27,6.13,6.18,6.17,6.1,51714992.0,252357488.0
2012-04-26,6.14,6.18,6.13,6.09,49822408.0,241955568.0
2012-04-25,6.12,6.17,6.13,6.09,57537176.0,279544544.0
2012-04-24,6.09,6.23,6.14,6.08,84318000.0,410963392.0
2012-04-23,6.09,6.1,6.09,6.06,33226978.0,160409184.0
2012-04-20,6.05,6.14,6.12,6.04,47853032.0,231186176.0
2012-04-19,6.04,6.08,6.08,6.01,41313980.0,197895584.0
2012-04-18,5.95,6.06,6.05,5.92,59799288.0,285012448.0
2012-04-17,5.95,5.96,5.94,5.91,30935568.0,145547504.0
2012-04-16,5.94,5.98,5.95,5.92,28247000.0,133256320.0
2012-04-13,5.95,5.99,5.98,5.91,61854532.0,291615872.0
2012-04-12,5.86,5.96,5.95,5.85,59741272.0,279882272.0
2012-04-11,5.86,5.91,5.86,5.85,31400906.0,146215104.0
2012-04-10,5.85,5.9,5.89,5.84,26921886.0,125165456.0
2012-04-09,5.86,5.88,5.84,5.84,23966748.0,111193552.0
2012-04-06,5.88,5.9,5.89,5.85,34198816.0,159268304.0
2012-04-05,5.91,5.92,5.89,5.84,72221200.0,336528512.0
2012-03-30,5.88,5.96,5.94,5.86,38629220.0,181462816.0
2012-03-29,5.9,5.94,5.86,5.84,43026340.0,201022880.0
2012-03-28,5.98,6.0,5.91,5.91,40074528.0,189770080.0
2012-03-27,5.99,6.0,5.99,5.96,21047192.0,99789776.0
2012-03-26,5.96,5.99,5.98,5.95,18061148.0,85496984.0
2012-03-23,5.98,5.98,5.95,5.92,38596516.0,182316928.0
2012-03-22,5.98,6.01,5.98,5.94,40133656.0,190182240.0
2012-03-21,6.03,6.03,5.96,5.96,39572492.0,188034384.0
2012-03-20,6.03,6.04,5.99,5.96,40174272.0,191217968.0
2012-03-19,6.09,6.1,6.04,6.03,56985904.0,273943712.0
2012-03-16,6.12,6.18,6.1,6.08,75946928.0,368258240.0
2012-03-14,6.21,6.25,6.14,6.12,84901456.0,417157888.0
2012-03-13,6.14,6.2,6.19,6.13,35260336.0,172790864.0
2012-03-12,6.19,6.2,6.13,6.13,51849808.0,253157792.0
2012-03-09,6.19,6.23,6.2,6.17,35792436.0,175950432.0
2012-03-08,6.18,6.23,6.18,6.17,44706984.0,219642464.0
2012-03-07,6.18,6.25,6.17,6.15,46257328.0,227485792.0
2012-03-06,6.29,6.32,6.21,6.21,53516512.0,266036432.0
2012-03-05,6.38,6.39,6.29,6.28,63476592.0,319539104.0
2012-03-02,6.33,6.39,6.37,6.32,48373776.0,243806688.0
2012-03-01,6.34,6.37,6.32,6.32,32974846.0,165924096.0
2012-02-29,6.39,6.39,6.33,6.32,43165884.0,217123872.0
2012-02-28,6.3,6.42,6.39,6.29,112376296.0,568339584.0
2012-02-27,6.3,6.34,6.29,6.27,85596168.0,428580896.0
2012-02-24,6.25,6.29,6.29,6.2,103075776.0,509992800.0
2012-02-23,6.24,6.27,6.24,6.21,52726208.0,260859504.0
2012-02-22,6.25,6.28,6.25,6.2,38028424.0,188173504.0
2012-02-21,6.27,6.27,6.25,6.19,32847696.0,162648848.0
2012-02-20,6.29,6.32,6.24,6.23,48197528.0,239716512.0
2012-02-17,6.18,6.24,6.22,6.18,66897536.0,329759232.0
2012-02-16,6.17,6.23,6.14,6.12,46819712.0,229213488.0
2012-02-15,6.14,6.24,6.17,6.13,41731560.0,204888432.0
2012-02-14,6.18,6.19,6.17,6.1,54600576.0,265547648.0
2012-02-13,6.2,6.24,6.17,6.14,97152360.0,476836000.0
2012-02-10,6.32,6.38,6.24,6.23,87405288.0,436830176.0
2012-02-09,6.38,6.41,6.34,6.33,51900248.0,261817648.0
2012-02-08,6.24,6.43,6.41,6.21,100719480.0,505685472.0
2012-02-07,6.37,6.38,6.25,6.23,71132096.0,354838752.0
2012-02-06,6.33,6.42,6.41,6.32,93499016.0,472648544.0
2012-02-03,6.19,6.37,6.33,6.18,90824712.0,452190560.0
2012-02-02,6.05,6.23,6.21,6.03,66185100.0,322651360.0
2012-02-01,6.09,6.14,6.03,6.01,32055542.0,154375872.0
2012-01-31,6.12,6.15,6.1,6.08,28665236.0,138967920.0
2012-01-30,6.21,6.25,6.1,6.09,63400996.0,309600800.0
2012-01-20,6.12,6.21,6.2,6.09,71532840.0,348955392.0
2012-01-19,6.0,6.12,6.09,5.99,66334588.0,319473856.0
2012-01-18,6.1,6.12,6.0,5.98,54747436.0,262468944.0
2012-01-17,5.96,6.14,6.12,5.91,87898504.0,420114208.0
2012-01-16,5.95,6.0,5.98,5.95,37353816.0,177258640.0
2012-01-13,6.0,6.03,6.0,5.92,60783900.0,288374336.0
2012-01-12,5.95,6.04,5.98,5.94,62842572.0,298832192.0
2012-01-11,5.98,6.01,5.95,5.94,49609196.0,235064688.0
2012-01-10,5.91,6.0,5.98,5.88,81933096.0,386427008.0
2012-01-09,5.8,5.94,5.93,5.79,83258352.0,387547104.0
2012-01-06,5.72,5.86,5.8,5.72,75901360.0,349354112.0
2012-01-05,5.61,5.8,5.75,5.6,109265496.0,495813088.0
2012-01-04,5.67,5.67,5.61,5.6,50240228.0,225053856.0
2011-12-30,5.65,5.66,5.65,5.61,56624232.0,253193216.0
2011-12-29,5.66,5.67,5.62,5.61,39938924.0,178536736.0
2011-12-28,5.65,5.69,5.67,5.6,52143784.0,233643952.0
2011-12-27,5.66,5.74,5.64,5.64,43956584.0,198265408.0
2011-12-26,5.66,5.71,5.67,5.63,23865244.0,107353984.0
2011-12-23,5.67,5.74,5.7,5.65,31811806.0,143873008.0
2011-12-22,5.58,5.69,5.67,5.58,64788400.0,289382688.0
2011-12-21,5.66,5.69,5.6,5.58,42957192.0,192160960.0
2011-12-20,5.66,5.72,5.62,5.6,51669656.0,231863856.0
2011-12-19,5.66,5.7,5.67,5.56,49799132.0,222088976.0
2011-12-16,5.67,5.74,5.7,5.58,58868592.0,264508800.0
2011-12-15,5.8,5.83,5.67,5.66,50767576.0,231049872.0
2011-12-14,5.8,5.84,5.81,5.8,23597144.0,108849088.0
2011-12-13,5.84,5.89,5.81,5.8,52153664.0,242014800.0
2011-12-12,5.8,5.86,5.84,5.76,30242380.0,139555712.0
2011-12-09,5.79,5.83,5.8,5.77,16370773.0,75314664.0
2011-12-08,5.79,5.85,5.81,5.74,21483560.0,98674672.0
2011-12-07,5.8,5.81,5.77,5.74,21730970.0,99601336.0
2011-12-06,5.79,5.83,5.77,5.76,31724128.0,145906192.0
2011-12-05,5.76,5.81,5.8,5.74,54817552.0,251684912.0
2011-12-02,5.75,5.77,5.74,5.7,37132576.0,168976880.0
2011-12-01,5.8,5.93,5.74,5.7,93757104.0,432021472.0
2011-11-30,5.76,5.79,5.66,5.62,41469796.0,187133104.0
2011-11-29,5.77,5.81,5.77,5.74,20085240.0,92147504.0
2011-11-28,5.76,5.81,5.72,5.71,20544596.0,93848744.0
2011-11-25,5.77,5.8,5.72,5.72,24300924.0,110959208.0
2011-11-24,5.76,5.84,5.8,5.74,25234148.0,115876152.0
2011-11-23,5.88,5.9,5.79,5.76,25623432.0,118353672.0
2011-11-22,5.89,5.92,5.85,5.83,22329844.0,104122464.0
2011-11-21,5.9,5.91,5.89,5.86,20349992.0,95043688.0
2011-11-18,5.91,6.0,5.9,5.89,36745504.0,172832704.0
2011-11-17,5.98,5.99,5.94,5.92,28256080.0,133603288.0
2011-11-16,6.09,6.1,5.95,5.91,66634892.0,316514688.0
2011-11-15,6.09,6.12,6.1,6.06,29333382.0,141586800.0
2011-11-14,6.09,6.14,6.12,6.06,34128736.0,165277632.0
2011-11-11,6.0,6.08,6.04,6.0,32828302.0,157545296.0
2011-11-10,6.08,6.1,6.01,6.01,42312552.0,203461152.0
2011-11-09,6.14,6.14,6.13,6.09,45781476.0,222110512.0
2011-11-08,6.05,6.13,6.1,6.03,64611592.0,312190272.0
2011-11-07,6.03,6.06,6.05,6.0,39177532.0,187654480.0
2011-11-04,6.08,6.09,6.05,6.01,51073896.0,244976208.0
2011-11-03,6.03,6.1,6.01,6.01,67097324.0,322028928.0
2011-11-02,5.88,6.04,6.03,5.88,48788728.0,229873504.0
2011-11-01,5.94,6.0,5.93,5.9,46282448.0,218548992.0
2011-10-31,5.99,6.01,5.94,5.9,47568456.0,224688288.0
2011-10-28,6.04,6.09,6.01,5.98,73752880.0,352683680.0
2011-10-27,5.96,6.0,5.99,5.95,39905948.0,189399424.0
2011-10-26,5.9,5.99,5.94,5.89,58995852.0,278754304.0
2011-10-25,5.84,5.96,5.91,5.83,69116512.0,323580160.0
2011-10-24,5.72,5.89,5.88,5.7,64832448.0,298642880.0
2011-10-21,5.66,5.72,5.69,5.62,42518376.0,191617248.0
2011-10-20,5.71,5.75,5.64,5.61,47173416.0,212303040.0
2011-10-19,5.74,5.79,5.72,5.71,41161072.0,187566400.0
2011-10-18,5.76,5.81,5.71,5.69,42498700.0,193867520.0
2011-10-17,5.8,5.85,5.8,5.77,36592872.0,168577984.0
2011-10-14,5.77,5.79,5.79,5.74,28789184.0,131642784.0
2011-10-13,5.77,5.8,5.79,5.75,56661528.0,259316912.0
2011-10-12,5.63,5.85,5.81,5.63,80112768.0,366659840.0
2011-10-11,5.77,5.81,5.67,5.61,66847400.0,303637952.0
2011-10-10,5.65,5.66,5.62,5.58,28447456.0,126863416.0
2011-09-30,5.66,5.71,5.65,5.62,31235208.0,140493824.0
2011-09-29,5.6,5.69,5.66,5.58,40635780.0,182148384.0
2011-09-28,5.69,5.71,5.61,5.58,24290000.0,108760424.0
2011-09-27,5.63,5.7,5.65,5.6,28046716.0,125629376.0
2011-09-26,5.65,5.7,5.58,5.55,39495236.0,175932928.0
2011-09-23,5.67,5.76,5.7,5.61,66352928.0,298593728.0
2011-09-22,5.84,5.88,5.75,5.74,36846596.0,169712720.0
2011-09-21,5.79,5.95,5.88,5.75,41289600.0,192300784.0
2011-09-20,5.74,5.79,5.77,5.72,20825312.0,95127792.0
2011-09-19,5.8,5.81,5.72,5.72,21402792.0,97838728.0
2011-09-16,5.84,5.88,5.84,5.79,30375236.0,140531520.0
2011-09-15,5.84,5.88,5.79,5.79,33006442.0,152612304.0
2011-09-14,5.89,5.9,5.85,5.76,33947164.0,157197104.0
2011-09-13,5.81,5.89,5.86,5.81,28367390.0,131447856.0
2011-09-09,5.92,6.0,5.89,5.85,36135616.0,169669536.0
2011-09-08,5.94,5.95,5.88,5.86,24823112.0,116272968.0
2011-09-07,5.88,5.96,5.92,5.84,31752356.0,148667680.0
2011-09-06,5.85,5.91,5.85,5.83,31319264.0,145572928.0
2011-09-05,5.92,5.94,5.88,5.85,36370080.0,169851280.0
2011-09-02,6.0,6.03,5.96,5.94,28824410.0,136715136.0
2011-09-01,6.0,6.08,6.01,5.98,34195120.0,163333952.0
2011-08-31,5.99,6.05,6.0,5.95,35342208.0,168256336.0
2011-08-30,6.0,6.14,6.0,5.96,58533956.0,280970176.0
2011-08-29,6.04,6.04,5.96,5.95,42440608.0,201373968.0
2011-08-26,6.06,6.12,6.1,6.03,41708192.0,200600896.0
2011-08-25,5.92,6.13,6.1,5.89,98529600.0,472125536.0
2011-08-24,5.92,5.92,5.89,5.85,32890020.0,153920144.0
2011-08-23,5.81,5.95,5.9,5.81,38619920.0,180115696.0
2011-08-22,5.86,5.89,5.8,5.76,28528318.0,131663952.0
2011-08-19,5.84,5.91,5.85,5.8,41237692.0,191192128.0
2011-08-18,6.01,6.03,5.93,5.88,41251476.0,195181792.0
2011-08-17,5.98,6.05,6.0,5.96,26320488.0,125536848.0
2011-08-16,5.99,6.04,5.98,5.95,52621784.0,250300304.0
2011-08-15,5.89,6.01,5.99,5.84,46151536.0,217177728.0
2011-08-12,5.91,5.92,5.88,5.84,31882310.0,148619296.0
2011-08-11,5.72,5.9,5.89,5.66,72310088.0,334345696.0
2011-08-10,5.84,5.88,5.79,5.74,97086056.0,447695744.0
2011-08-09,5.55,5.79,5.72,5.52,117129336.0,523532672.0
2011-08-08,5.76,5.81,5.65,5.61,89672568.0,405301792.0
2011-08-05,5.86,5.86,5.77,5.77,68348352.0,315690944.0
2011-08-04,5.96,6.0,5.95,5.94,19416656.0,91815424.0
2011-08-03,5.92,5.99,5.96,5.9,30081228.0,141968800.0
2011-08-02,5.99,6.0,5.96,5.92,36327868.0,171589600.0
2011-08-01,6.05,6.06,6.03,6.0,30609202.0,146595456.0
2011-07-29,5.99,6.18,6.06,5.92,66480688.0,318841184.0
2011-07-28,6.0,6.01,5.96,5.96,36742816.0,174310112.0
2011-07-27,6.05,6.08,6.04,6.0,52751876.0,252422400.0
2011-07-26,6.08,6.12,6.08,6.05,28713456.0,138528496.0
2011-07-25,6.19,6.2,6.06,6.06,67389424.0,328194240.0
2011-07-22,6.25,6.27,6.21,6.2,38454128.0,189759392.0
2011-07-21,6.32,6.32,6.23,6.23,50082900.0,248438624.0
2011-07-20,6.35,6.35,6.3,6.28,40957328.0,205184880.0
2011-07-19,6.38,6.38,6.32,6.3,32419860.0,162954080.0
2011-07-18,6.38,6.39,6.38,6.36,46532164.0,259898736.0
2011-07-15,6.34,6.38,6.37,6.32,50831372.0,283097248.0
2011-07-14,6.36,6.38,6.36,6.3,53072328.0,294737312.0
2011-07-13,6.32,6.39,6.36,6.3,40360624.0,224562496.0
2011-07-12,6.34,6.35,6.32,6.3,40236396.0,222623328.0
2011-07-11,6.36,6.39,6.36,6.34,40865904.0,228006976.0
2011-07-08,6.35,6.42,6.36,6.33,53244440.0,297414976.0
2011-07-07,6.38,6.41,6.33,6.32,61815652.0,343713120.0
2011-07-06,6.37,6.38,6.34,6.3,49553076.0,274683456.0
2011-07-05,6.42,6.43,6.38,6.37,48407064.0,271002240.0
2011-07-04,6.33,6.44,6.42,6.3,88194480.0,492903904.0
2011-07-01,6.35,6.35,6.32,6.28,63668816.0,351516160.0
2011-06-30,6.29,6.37,6.33,6.28,87092768.0,482802080.0
2011-06-29,6.36,6.38,6.28,6.27,94255072.0,521411072.0
2011-06-27,6.43,6.44,6.39,6.37,76167832.0,427262432.0
2011-06-24,6.29,6.46,6.44,6.29,94192064.0,525968256.0
2011-06-23,6.26,6.34,6.32,6.25,44564872.0,244930448.0
2011-06-22,6.28,6.3,6.27,6.25,38901832.0,213619584.0
2011-06-21,6.27,6.29,6.27,6.25,41769172.0,229063248.0
2011-06-20,6.3,6.32,6.26,6.24,36907420.0,202668240.0
2011-06-17,6.33,6.35,6.29,6.28,45523440.0,252049184.0
2011-06-16,6.34,6.35,6.32,6.29,33285146.0,184088464.0
2011-06-15,6.38,6.39,6.35,6.35,27534918.0,153560720.0
2011-06-14,6.41,6.45,6.39,6.38,44031340.0,247258016.0
2011-06-13,6.38,6.42,6.41,6.36,25417704.0,142113200.0
2011-06-10,6.36,6.45,6.42,6.34,41574204.0,232622048.0
2011-06-09,6.37,6.41,6.34,6.34,24879244.0,138588560.0
2011-06-08,6.39,6.41,6.39,6.34,40641504.0,226546656.0
2011-06-07,6.36,6.41,6.38,6.34,26253540.0,146622016.0
2011-06-03,6.36,6.39,6.37,6.33,28590120.0,159299248.0
2011-06-02,6.43,6.49,6.36,6.32,67483672.0,377794048.0
2011-06-01,6.55,6.58,6.5,6.47,44686536.0,254556400.0
2011-05-31,6.55,6.6,6.58,6.52,35455548.0,203558496.0
2011-05-30,6.49,6.57,6.54,6.46,37405364.0,213429440.0
2011-05-27,6.46,6.57,6.5,6.43,55777676.0,317423264.0
2011-05-26,6.46,6.51,6.46,6.44,25676408.0,145513888.0
2011-05-25,6.51,6.52,6.43,6.43,38630248.0,218657456.0
2011-05-24,6.55,6.58,6.51,6.49,42864240.0,245310240.0
2011-05-23,6.68,6.69,6.54,6.52,59185536.0,342016832.0
2011-05-20,6.66,6.73,6.69,6.66,31256676.0,183454912.0
2011-05-19,6.7,6.74,6.66,6.66,30425480.0,178356512.0
2011-05-18,6.63,6.7,6.69,6.62,34204604.0,199919632.0
2011-05-17,6.58,6.69,6.63,6.55,52106640.0,302734752.0
2011-05-16,6.63,6.66,6.59,6.57,41546648.0,240500416.0
2011-05-13,6.63,6.68,6.66,6.57,59325656.0,344653888.0
2011-05-12,6.61,6.69,6.62,6.61,46734876.0,271976192.0
2011-05-11,6.67,6.69,6.63,6.63,29030016.0,169185328.0
2011-05-10,6.61,6.68,6.66,6.6,32575416.0,189598272.0
2011-05-09,6.65,6.67,6.6,6.58,48954864.0,283925792.0
2011-05-06,6.61,6.68,6.63,6.61,57850196.0,336767040.0
2011-05-05,6.63,6.7,6.69,6.59,63370280.0,369036320.0
2011-05-04,6.75,6.76,6.66,6.63,78633336.0,461258400.0
2011-05-03,6.79,6.81,6.78,6.74,67065224.0,397810688.0
2011-04-29,6.9,6.9,6.79,6.73,99013440.0,588712832.0
2011-04-28,6.86,6.99,6.89,6.83,115535944.0,699010496.0
2011-04-27,6.81,6.88,6.81,6.77,70758584.0,423464128.0
2011-04-26,6.77,6.82,6.78,6.74,56141872.0,333214464.0
2011-04-25,6.75,6.81,6.75,6.73,53641144.0,317548160.0
2011-04-22,6.83,6.85,6.78,6.76,42379928.0,252405472.0
2011-04-21,6.84,6.91,6.84,6.82,46228040.0,277656416.0
2011-04-20,6.86,6.9,6.81,6.79,56372192.0,337718304.0
2011-04-19,6.92,6.96,6.82,6.82,95163464.0,572703936.0
2011-04-18,6.99,7.04,6.98,6.94,76400968.0,467820032.0
2011-04-15,6.92,7.04,7.02,6.91,78580312.0,480355776.0
2011-04-14,6.97,7.05,6.94,6.93,93717712.0,573810560.0
2011-04-13,6.83,6.97,6.96,6.82,107609352.0,647806848.0
2011-04-12,6.83,6.91,6.86,6.81,80123168.0,481673120.0
2011-04-11,6.85,6.97,6.84,6.83,107770824.0,651244544.0
2011-04-08,6.85,6.9,6.84,6.83,72723752.0,436368960.0
2011-04-07,6.92,6.93,6.88,6.84,115782952.0,699655168.0
2011-04-06,6.69,6.94,6.92,6.69,261596128.0,1572447360.0
2011-04-01,6.5,6.66,6.63,6.49,107468520.0,621592512.0
2011-03-31,6.59,6.59,6.5,6.49,74832512.0,427871840.0
2011-03-30,6.55,6.57,6.55,6.52,89389480.0,512277696.0
2011-03-29,6.5,6.61,6.53,6.47,124754640.0,716612864.0
2011-03-28,6.51,6.58,6.49,6.47,88212160.0,504624832.0
2011-03-25,6.39,6.51,6.47,6.38,88302504.0,499688992.0
2011-03-24,6.41,6.41,6.37,6.36,48105488.0,268881696.0
2011-03-23,6.35,6.39,6.38,6.33,60376300.0,336675872.0
2011-03-22,6.32,6.36,6.35,6.28,55776728.0,309125056.0
2011-03-21,6.33,6.33,6.3,6.27,54321280.0,299649344.0
2011-03-18,6.35,6.36,6.29,6.28,52264512.0,289292768.0
2011-03-17,6.3,6.35,6.3,6.29,48817984.0,270014944.0
2011-03-16,6.33,6.37,6.35,6.29,49790480.0,275997152.0
2011-03-15,6.38,6.39,6.33,6.26,88654512.0,489740576.0
2011-03-14,6.43,6.47,6.41,6.39,41458064.0,233114800.0
2011-03-11,6.45,6.51,6.41,6.38,49012764.0,277146368.0
2011-03-10,6.57,6.57,6.46,6.45,58526472.0,333277728.0
2011-03-09,6.6,6.62,6.58,6.57,55338396.0,319628576.0
2011-03-08,6.57,6.62,6.57,6.54,63374400.0,365294976.0
2011-03-07,6.57,6.62,6.57,6.52,82807936.0,476928000.0
2011-03-04,6.46,6.55,6.53,6.46,65316964.0,371937472.0
2011-03-03,6.41,6.57,6.47,6.39,108032088.0,614323392.0
2011-03-02,6.34,6.44,6.39,6.34,56716636.0,317596768.0
2011-03-01,6.35,6.41,6.37,6.34,46851760.0,261323024.0
2011-02-28,6.33,6.36,6.34,6.28,37706944.0,208931792.0
2011-02-25,6.29,6.36,6.33,6.27,40465980.0,223762112.0
2011-02-24,6.29,6.32,6.28,6.26,52989816.0,291254336.0
2011-02-22,6.44,6.45,6.29,6.28,77872800.0,432221312.0
2011-02-21,6.41,6.45,6.44,6.41,57657984.0,324506944.0
2011-02-18,6.46,6.49,6.44,6.43,39286900.0,221741408.0
2011-02-17,6.49,6.55,6.47,6.45,62611616.0,355968352.0
2011-02-16,6.47,6.5,6.46,6.44,42939128.0,243084704.0
2011-02-15,6.5,6.54,6.47,6.47,64138928.0,365503680.0
2011-02-14,6.35,6.53,6.51,6.35,94996904.0,537653632.0
2011-02-11,6.35,6.37,6.35,6.32,44606440.0,247605424.0
2011-02-10,6.28,6.36,6.35,6.26,36878300.0,203950016.0
2011-02-09,6.35,6.38,6.28,6.27,39203580.0,217078896.0
2011-02-01,6.34,6.38,6.37,6.32,25358132.0,141191776.0
2011-01-31,6.28,6.35,6.33,6.27,39873216.0,220499024.0
2011-01-28,6.29,6.32,6.27,6.26,30331104.0,166742976.0
2011-01-27,6.28,6.33,6.32,6.22,52044060.0,285980800.0
2011-01-26,6.3,6.33,6.29,6.27,31778828.0,174925264.0
2011-01-25,6.26,6.33,6.27,6.26,40701300.0,224219552.0
2011-01-24,6.26,6.3,6.27,6.22,36624796.0,200971456.0
2011-01-21,6.19,6.39,6.26,6.19,74785928.0,411823168.0
2011-01-20,6.27,6.29,6.2,6.19,51928528.0,283592928.0
2011-01-19,6.26,6.3,6.28,6.21,46764616.0,256253680.0
2011-01-18,6.27,6.3,6.25,6.24,36901068.0,202336512.0
2011-01-17,6.44,6.49,6.27,6.24,80603800.0,448884032.0
2011-01-14,6.46,6.51,6.46,6.44,41240544.0,233818608.0
2011-01-13,6.53,6.54,6.49,6.45,34761208.0,197780704.0
2011-01-12,6.49,6.52,6.51,6.43,45868360.0,260311120.0
2011-01-11,6.37,6.49,6.47,6.37,55795496.0,314703456.0
2011-01-10,6.49,6.54,6.38,6.37,69200416.0,391393152.0
2011-01-07,6.37,6.62,6.51,6.33,126303544.0,720956096.0
2011-01-06,6.39,6.47,6.38,6.36,49776068.0,279273120.0
2011-01-05,6.3,6.43,6.42,6.29,100620336.0,560150656.0
2011-01-04,6.29,6.35,6.33,6.22,70832064.0,390549056.0
