date,open,high,close,low,volume,amount
2015-12-31,6.8,6.81,6.77,6.77,97925207.0,449656193.0
2015-12-30,6.8,6.83,6.81,6.77,82408564.0,378882612.0
2015-12-29,6.78,6.81,6.81,6.77,124565023.0,572319054.0
2015-12-28,6.87,6.89,6.78,6.78,146697558.0,678333541.0
2015-12-25,6.87,6.89,6.87,6.86,86776633.0,403425511.0
2015-12-24,6.92,6.92,6.87,6.83,162346688.0,753829632.0
2015-12-23,6.89,6.96,6.9,6.86,236911376.0,1106403840.0
2015-12-22,6.93,6.98,6.9,6.87,146002853.0,683260194.0
2015-12-21,6.8,6.96,6.93,6.78,250020944.0,1164770432.0
2015-12-18,6.81,6.96,6.83,6.8,197836896.0,918940032.0
2015-12-17,6.8,6.86,6.83,6.78,92519952.0,427421376.0
2015-12-16,6.81,6.83,6.78,6.75,83805024.0,384868800.0
2015-12-15,6.86,6.87,6.8,6.78,90021440.0,415001728.0
2015-12-14,6.75,6.87,6.87,6.74,149183984.0,687866752.0
2015-12-11,6.8,6.81,6.78,6.74,111942528.0,512158208.0
2015-12-10,6.87,6.95,6.81,6.8,126544976.0,588094720.0
2015-12-09,6.81,6.9,6.89,6.8,90689996.0,420770340.0
2015-12-08,6.84,6.92,6.83,6.75,172415072.0,794501568.0
2015-12-07,6.95,6.96,6.87,6.84,125971505.0,586484752.0
2015-12-04,7.09,7.11,6.93,6.92,205777280.0,975947200.0
2015-12-03,6.92,7.26,7.18,6.87,702118888.0,3379124154.0
2015-12-02,6.71,6.99,6.98,6.7,401160224.0,1866487040.0
2015-12-01,6.78,6.78,6.72,6.68,189093553.0,858728002.0
2015-11-30,6.75,6.84,6.83,6.74,208152848.0,956407040.0
2015-11-27,6.89,6.92,6.77,6.71,156770864.0,722141120.0
2015-11-26,6.87,6.93,6.92,6.87,184004128.0,859312192.0
2015-11-25,6.83,6.9,6.89,6.81,193052112.0,895611456.0
2015-11-24,6.86,6.87,6.86,6.78,190858640.0,881859968.0
2015-11-23,6.89,6.89,6.87,6.81,169488384.0,785636032.0
2015-11-20,6.9,6.92,6.89,6.86,140072832.0,651784448.0
2015-11-19,6.89,6.93,6.92,6.87,116716688.0,545087040.0
2015-11-18,6.89,6.96,6.92,6.84,167032976.0,780102592.0
2015-11-17,6.87,6.96,6.9,6.84,182921040.0,855381568.0
2015-11-16,6.75,6.87,6.87,6.74,160922192.0,742615296.0
2015-11-13,6.84,6.87,6.8,6.8,132284096.0,610780160.0
2015-11-12,6.92,6.95,6.87,6.83,151435184.0,705887616.0
2015-11-11,6.96,6.98,6.95,6.89,194574320.0,912946368.0
2015-11-10,7.04,7.08,6.99,6.95,261928000.0,1240416128.0
2015-11-09,6.93,7.27,7.09,6.89,524861536.0,2526205952.0
2015-11-06,6.83,6.87,6.87,6.77,243645216.0,1123743104.0
2015-11-05,6.7,6.98,6.86,6.68,450953536.0,2092087424.0
2015-11-04,6.56,6.75,6.74,6.55,215693184.0,972451968.0
2015-11-03,6.68,6.7,6.58,6.56,137880160.0,616684736.0
2015-11-02,6.72,6.8,6.68,6.68,115745632.0,527258368.0
2015-10-30,6.77,6.8,6.75,6.74,115987536.0,530913888.0
2015-10-29,6.8,6.83,6.77,6.75,132176816.0,606674560.0
2015-10-28,6.8,6.9,6.81,6.77,177382832.0,819665600.0
2015-10-27,6.81,6.92,6.84,6.77,171854864.0,795044864.0
2015-10-26,6.84,6.86,6.83,6.78,140614464.0,648250624.0
2015-10-23,6.81,6.87,6.81,6.75,205449504.0,947384256.0
2015-10-22,6.78,6.98,6.87,6.74,260276992.0,1203285248.0
2015-10-21,6.65,7.32,7.05,6.62,395609280.0,1810248576.0
2015-10-20,6.62,6.67,6.65,6.61,88230184.0,396069984.0
2015-10-19,6.65,6.7,6.64,6.62,126978376.0,571823936.0
2015-10-16,6.65,6.67,6.65,6.62,137963104.0,620409280.0
2015-10-15,6.55,6.64,6.64,6.52,113760992.0,507596672.0
2015-10-14,6.55,6.58,6.55,6.52,88456672.0,391745024.0
2015-10-13,6.64,6.65,6.58,6.55,123003384.0,548936704.0
2015-10-12,6.58,6.71,6.67,6.55,186416592.0,837960768.0
2015-10-09,6.5,6.58,6.56,6.49,118418896.0,524746176.0
2015-10-08,6.5,6.53,6.47,6.46,120700712.0,530081600.0
2015-09-30,6.4,6.46,6.38,6.38,71715968.0,311465568.0
2015-09-29,6.44,6.44,6.38,6.37,93585840.0,405256096.0
2015-09-28,6.52,6.56,6.47,6.44,93773144.0,410812160.0
2015-09-25,6.44,6.61,6.58,6.43,179878960.0,792278272.0
2015-09-24,6.47,6.5,6.46,6.43,77556000.0,339021024.0
2015-09-23,6.52,6.55,6.46,6.44,110786304.0,486081056.0
2015-09-22,6.53,6.59,6.56,6.5,135949648.0,602505600.0
2015-09-21,6.53,6.56,6.53,6.44,164594624.0,723810624.0
2015-09-18,6.67,6.7,6.58,6.53,162282992.0,727310016.0
2015-09-17,6.67,6.77,6.68,6.65,214363152.0,974248960.0
2015-09-16,6.62,6.78,6.7,6.56,238809952.0,1073991424.0
2015-09-15,6.61,6.77,6.71,6.56,382841472.0,1729309184.0
2015-09-14,6.53,6.8,6.68,6.46,426149920.0,1920341376.0
2015-09-11,6.58,6.61,6.55,6.53,128608432.0,572234112.0
2015-09-10,6.59,6.64,6.61,6.55,184433632.0,822389632.0
2015-09-09,6.58,6.7,6.65,6.53,366216704.0,1636333824.0
2015-09-08,6.56,6.71,6.65,6.43,404199392.0,1800877184.0
2015-09-07,6.99,7.02,6.68,6.64,648542784.0,2988526848.0
2015-09-02,6.46,7.32,7.32,6.41,1394605696.0,6542697984.0
2015-09-01,6.19,6.7,6.65,6.16,1018541248.0,4491813888.0
2015-08-31,6.18,6.22,6.19,6.07,300230656.0,1250690560.0
2015-08-28,6.24,6.31,6.25,6.15,368256320.0,1547716480.0
2015-08-27,6.0,6.28,6.27,5.84,563720576.0,2303939072.0
2015-08-26,5.87,6.07,5.99,5.63,596108352.0,2368997888.0
2015-08-25,5.88,6.22,5.75,5.63,533607808.0,2138834944.0
2015-08-24,6.62,6.62,6.06,6.04,527506400.0,2243120896.0
2015-08-21,6.68,6.83,6.71,6.68,391604672.0,1788192512.0
2015-08-20,6.78,6.81,6.72,6.71,226557472.0,1036189248.0
2015-08-19,6.81,6.87,6.75,6.68,340343488.0,1555867392.0
2015-08-18,6.96,7.0,6.84,6.84,323620224.0,1517727488.0
2015-08-17,7.02,7.04,6.96,6.93,222751488.0,1049689216.0
2015-08-14,7.08,7.09,7.05,7.04,167583840.0,799466816.0
2015-08-13,7.08,7.14,7.08,7.0,203310336.0,972276352.0
2015-08-12,7.14,7.15,7.09,7.08,196837904.0,948524928.0
2015-08-11,7.23,7.24,7.2,7.15,312398720.0,1520043136.0
2015-08-10,7.14,7.27,7.27,7.09,434953344.0,2116314624.0
2015-08-07,7.14,7.17,7.15,7.09,184998480.0,894413248.0
2015-08-06,7.08,7.17,7.11,7.06,164819728.0,794823808.0
2015-08-05,7.17,7.2,7.12,7.12,225129360.0,1090274432.0
2015-08-04,7.14,7.21,7.2,7.12,255171680.0,1236804352.0
2015-08-03,7.08,7.23,7.2,7.02,480986560.0,2319874560.0
2015-07-31,7.05,7.18,7.14,7.0,306775168.0,1467023104.0
2015-07-30,7.17,7.18,7.08,7.08,312166464.0,1503512960.0
2015-07-29,7.09,7.23,7.18,7.09,377276288.0,1824651648.0
2015-07-28,7.04,7.36,7.14,6.98,598084288.0,2895525888.0
2015-07-27,7.48,7.54,7.12,7.04,631610816.0,3140444672.0
2015-07-24,7.61,7.63,7.54,7.52,437818848.0,2241409792.0
2015-07-23,7.55,7.63,7.61,7.54,378126848.0,1942306432.0
2015-07-22,7.58,7.64,7.57,7.55,331839840.0,1702971136.0
2015-07-21,7.61,7.67,7.61,7.55,410062304.0,2110593792.0
2015-07-20,7.66,7.7,7.64,7.6,495904800.0,2567507712.0
2015-07-17,7.71,7.74,7.7,7.61,551775424.0,2864933632.0
2015-07-16,7.79,7.94,7.71,7.61,741363456.0,3888617216.0
2015-07-15,7.55,7.83,7.79,7.54,1060248960.0,5521335808.0
2015-07-14,7.68,7.77,7.61,7.45,1096512640.0,5625904640.0
2015-07-13,7.97,8.0,7.79,7.71,1403223296.0,7451598336.0
2015-07-10,7.98,8.72,8.19,7.85,2116259072.0,11959769088.0
2015-07-09,8.08,8.69,8.25,7.54,2008218240.0,11073784832.0
2015-07-08,8.01,8.6,8.08,7.64,2970797056.0,16225472512.0
2015-07-07,8.1,8.78,8.48,7.92,2248404480.0,12789666816.0
2015-07-06,8.11,8.21,8.19,7.68,2949582336.0,16699620352.0
2015-07-03,7.5,7.7,7.51,7.3,1177261312.0,6290095104.0
2015-07-02,7.29,7.75,7.7,7.12,1432633856.0,7516680704.0
2015-07-01,7.36,7.41,7.27,7.23,606218112.0,3141718272.0
2015-06-30,7.16,7.49,7.47,7.08,965041280.0,4972056576.0
2015-06-29,7.13,7.22,7.17,6.65,918854144.0,4584033792.0
2015-06-26,7.23,7.32,7.05,6.86,775787072.0,3910574592.0
2015-06-25,7.51,7.56,7.29,7.25,537049216.0,2819105024.0
2015-06-24,7.33,7.41,7.39,7.26,485095328.0,2513574656.0
2015-06-23,7.08,7.36,7.33,7.05,687707904.0,3499038720.0
2015-06-19,7.19,7.27,7.03,7.0,569782080.0,2884750080.0
2015-06-18,7.44,7.44,7.23,7.17,505935456.0,2624346880.0
2015-06-17,7.49,7.53,7.49,7.37,484857088.0,2553292544.0
2015-06-16,7.49,7.6,7.4,7.36,533868448.0,2823396864.0
2015-06-15,7.71,7.8,7.53,7.51,700285504.0,3785027584.0
2015-06-12,7.68,7.7,7.7,7.6,485218880.0,2625858304.0
2015-06-11,7.67,7.73,7.67,7.57,497674688.0,2687770368.0
2015-06-10,7.7,7.75,7.68,7.66,745505728.0,4060887296.0
2015-06-09,8.0,8.05,7.81,7.71,1312909696.0,7303845888.0
2015-06-08,7.53,7.98,7.97,7.5,1726158080.0,9499321344.0
2015-06-05,7.66,7.71,7.53,7.4,874789056.0,4673268224.0
2015-06-04,7.36,7.61,7.56,7.26,876889792.0,4623463424.0
2015-06-03,7.36,7.41,7.36,7.25,444807712.0,2300977408.0
2015-06-02,7.37,7.43,7.36,7.27,519137952.0,2689808128.0
2015-06-01,7.17,7.43,7.4,7.12,767178752.0,3949707776.0
2015-05-29,7.17,7.27,7.17,7.08,538703296.0,2730794496.0
2015-05-28,7.58,7.6,7.22,7.17,685890368.0,3597809664.0
2015-05-27,7.71,7.73,7.6,7.53,591954944.0,3187843840.0
2015-05-26,7.71,7.74,7.7,7.64,491049088.0,2667503872.0
2015-05-25,7.57,7.7,7.7,7.57,507821088.0,2740220672.0
2015-05-22,7.43,7.57,7.54,7.39,571110784.0,3026571008.0
2015-05-21,7.29,7.41,7.36,7.27,404938272.0,2103803904.0
2015-05-20,7.27,7.4,7.29,7.23,502261600.0,2592655872.0
2015-05-19,7.06,7.29,7.27,7.05,485237664.0,2471092992.0
2015-05-18,7.12,7.17,7.08,7.06,338870624.0,1703567872.0
2015-05-15,7.25,7.26,7.19,7.12,459914560.0,2333028864.0
2015-05-14,7.33,7.34,7.26,7.22,427794976.0,2200069120.0
2015-05-13,7.37,7.41,7.3,7.27,447773344.0,2320210944.0
2015-05-12,7.39,7.39,7.34,7.26,447072576.0,2315241984.0
2015-05-11,7.29,7.37,7.36,7.16,545472960.0,2796222720.0
2015-05-08,7.26,7.32,7.29,7.17,352474944.0,1805319936.0
2015-05-07,7.26,7.33,7.19,7.17,440196160.0,2251034880.0
2015-05-06,7.27,7.47,7.26,7.22,589904128.0,3058482176.0
2015-05-05,7.63,7.63,7.27,7.23,792325504.0,4154907904.0
2015-05-04,7.63,7.67,7.63,7.58,435844960.0,2347049472.0
2015-04-30,7.78,7.81,7.66,7.64,618168832.0,3363326976.0
2015-04-29,7.88,7.9,7.83,7.7,737446464.0,4055593472.0
2015-04-28,7.83,8.28,7.98,7.77,1539549056.0,8668592128.0
2015-04-27,7.54,7.78,7.78,7.54,894864896.0,4866667520.0
2015-04-24,7.6,7.64,7.54,7.43,796662336.0,4249846784.0
2015-04-23,7.83,7.83,7.75,7.68,772045504.0,4226012160.0
2015-04-22,7.74,7.81,7.81,7.67,939030848.0,5135954944.0
2015-04-21,7.64,7.71,7.7,7.53,1227983616.0,6613553152.0
2015-04-20,8.05,8.05,7.67,7.64,1414169216.0,7840590336.0
2015-04-17,8.09,8.15,7.98,7.95,1154808960.0,6557324288.0
2015-04-16,7.66,7.97,7.95,7.6,944008000.0,5168773120.0
2015-04-15,7.44,7.92,7.68,7.43,1135801984.0,6130926080.0
2015-04-14,7.5,7.57,7.44,7.39,763721472.0,4035741696.0
2015-04-13,7.33,7.54,7.53,7.33,1259537920.0,6605527552.0
2015-04-10,7.09,7.25,7.22,7.08,689361088.0,3486315008.0
2015-04-09,7.15,7.27,7.12,7.08,876879808.0,4426962432.0
2015-04-08,7.09,7.15,7.13,6.96,880345152.0,4397159424.0
2015-04-07,6.98,7.08,7.08,6.93,861760832.0,4270348288.0
2015-04-03,6.81,6.92,6.89,6.78,514181856.0,2495174400.0
2015-04-02,6.95,6.96,6.86,6.81,555922240.0,2697751296.0
2015-04-01,6.83,6.96,6.92,6.82,682475776.0,3322487296.0
2015-03-31,7.06,7.09,6.88,6.82,1004747648.0,4946411008.0
2015-03-30,6.72,6.99,6.96,6.71,1137506304.0,5509450752.0
2015-03-27,6.69,6.72,6.67,6.61,454051840.0,2139574400.0
2015-03-26,6.58,6.74,6.68,6.54,467425536.0,2191190016.0
2015-03-25,6.76,6.81,6.64,6.62,650708864.0,3088804608.0
2015-03-24,6.81,6.89,6.79,6.72,777551488.0,3728768000.0
2015-03-23,6.76,6.81,6.76,6.71,534961280.0,2555339264.0
2015-03-20,6.62,6.76,6.68,6.58,596498112.0,2812444160.0
2015-03-19,6.69,6.71,6.64,6.61,517945568.0,2435866112.0
2015-03-18,6.55,6.71,6.69,6.54,620859776.0,2905011200.0
2015-03-17,6.54,6.57,6.55,6.51,454549536.0,2099251200.0
2015-03-16,6.5,6.54,6.51,6.44,391708096.0,1797078528.0
2015-03-13,6.52,6.59,6.47,6.41,505880704.0,2329716224.0
2015-03-12,6.4,6.58,6.47,6.35,665406336.0,3044381184.0
2015-03-11,6.27,6.4,6.31,6.27,318957600.0,1427555072.0
2015-03-10,6.33,6.34,6.25,6.24,342244000.0,1520247680.0
2015-03-09,6.17,6.45,6.4,6.1,526958912.0,2344408064.0
2015-03-06,6.11,6.17,6.14,6.08,219538208.0,951291968.0
2015-03-05,6.16,6.18,6.1,6.06,295341120.0,1275158912.0
2015-03-04,6.23,6.27,6.2,6.17,248473360.0,1091708160.0
2015-03-03,6.42,6.44,6.23,6.23,439941760.0,1964964736.0
2015-03-02,6.5,6.52,6.47,6.42,307229728.0,1403422848.0
2015-02-27,6.51,6.54,6.48,6.42,381156192.0,1747248000.0
2015-02-26,6.33,6.52,6.5,6.31,501162368.0,2273319424.0
2015-02-25,6.35,6.41,6.35,6.31,316108384.0,1421512192.0
2015-02-17,6.27,6.4,6.35,6.27,325581088.0,1460312064.0
2015-02-16,6.27,6.28,6.25,6.21,237106592.0,1047007232.0
2015-02-13,6.17,6.31,6.28,6.16,482503072.0,2127026560.0
2015-02-12,6.11,6.16,6.14,6.06,297367392.0,1282864128.0
2015-02-11,6.1,6.17,6.13,6.08,296336992.0,1282181760.0
2015-02-10,6.07,6.17,6.17,6.04,451046464.0,1950964736.0
2015-02-09,6.04,6.14,6.08,6.0,475547808.0,2036829440.0
2015-02-06,6.18,6.2,6.08,6.04,503713504.0,2182154752.0
2015-02-05,6.5,6.52,6.23,6.21,760964928.0,3426932736.0
2015-02-04,6.37,6.41,6.24,6.23,464394336.0,2074139776.0
2015-02-03,6.3,6.38,6.37,6.18,561586560.0,2491369472.0
2015-02-02,6.34,6.34,6.24,6.2,508024160.0,2250689536.0
2015-01-30,6.5,6.54,6.42,6.38,419427392.0,1912726784.0
2015-01-29,6.52,6.57,6.45,6.41,577536896.0,2643394304.0
2015-01-28,6.69,6.75,6.64,6.58,551296768.0,2591288832.0
2015-01-27,6.98,6.98,6.76,6.64,704101056.0,3376429824.0
2015-01-26,7.03,7.06,6.98,6.85,532652448.0,2614900736.0
2015-01-23,6.95,7.26,7.05,6.95,931939584.0,4664106496.0
2015-01-22,6.96,6.98,6.91,6.79,569659264.0,2770806784.0
2015-01-21,6.62,7.05,6.96,6.57,792843392.0,3797531392.0
2015-01-20,6.59,6.71,6.57,6.41,647920896.0,3017983744.0
2015-01-19,6.79,6.98,6.57,6.57,992468672.0,4725213696.0
2015-01-16,7.25,7.46,7.29,7.22,786854080.0,4073206016.0
2015-01-15,6.92,7.25,7.2,6.86,623208448.0,3093536256.0
2015-01-14,6.85,7.03,6.92,6.83,539696448.0,2645522688.0
2015-01-13,6.78,6.88,6.82,6.76,268526208.0,1292588672.0
2015-01-12,6.86,6.96,6.82,6.68,547037440.0,2638839552.0
2015-01-09,6.82,7.29,6.91,6.71,991590400.0,4905936896.0
2015-01-08,7.14,7.17,6.83,6.79,692049088.0,3396521216.0
2015-01-07,7.08,7.22,7.13,7.0,810596736.0,4076793856.0
2015-01-06,7.08,7.58,7.22,7.0,1497561600.0,7672745984.0
2015-01-05,6.98,7.29,7.16,6.93,1365851648.0,6849226240.0
2014-12-31,6.69,6.96,6.89,6.58,1050294656.0,5049596416.0
2014-12-30,6.52,6.76,6.67,6.47,696602752.0,3268242944.0
2014-12-29,6.76,6.82,6.52,6.44,886266688.0,4174208000.0
2014-12-26,6.33,6.57,6.54,6.3,670773440.0,3048645888.0
2014-12-25,6.2,6.37,6.31,6.14,549303040.0,2432539648.0
2014-12-24,6.38,6.41,6.13,6.03,624579776.0,2720391936.0
2014-12-23,6.51,6.61,6.34,6.31,778303168.0,3564935680.0
2014-12-22,6.31,6.79,6.67,6.31,1746555136.0,8172305408.0
2014-12-19,6.14,6.3,6.24,6.1,605437632.0,2657662720.0
2014-12-18,6.31,6.33,6.16,6.11,548007360.0,2403489536.0
2014-12-17,6.04,6.4,6.33,5.96,996465472.0,4344311296.0
2014-12-16,5.83,6.04,6.01,5.83,472326592.0,1978360448.0
2014-12-15,5.92,5.93,5.84,5.76,342045088.0,1408312832.0
2014-12-12,5.97,6.08,5.96,5.92,313792768.0,1327654272.0
2014-12-11,5.96,6.1,5.94,5.9,372197312.0,1574301184.0
2014-12-10,5.9,6.13,6.08,5.76,616082496.0,2574925824.0
2014-12-09,6.42,6.54,5.94,5.9,1137160960.0,5075552768.0
2014-12-08,6.35,6.72,6.55,6.2,871306240.0,3966081792.0
2014-12-05,6.08,6.62,6.5,5.97,1024644416.0,4580277248.0
2014-12-04,5.8,6.06,6.04,5.77,713784384.0,2985764608.0
2014-12-03,5.89,6.03,5.8,5.77,648892224.0,2697790464.0
2014-12-02,5.63,5.97,5.92,5.6,667799104.0,2730542592.0
2014-12-01,5.73,5.89,5.67,5.66,650680704.0,2639520000.0
2014-11-28,5.42,5.73,5.72,5.41,853707136.0,3356783616.0
2014-11-27,5.43,5.45,5.42,5.39,306435968.0,1174924800.0
2014-11-26,5.33,5.41,5.41,5.31,248996464.0,944879744.0
2014-11-25,5.28,5.36,5.33,5.26,160306800.0,602064256.0
2014-11-24,5.24,5.35,5.28,5.21,175637232.0,657357504.0
2014-11-21,5.22,5.31,5.28,5.19,111465976.0,413475392.0
2014-11-20,5.21,5.24,5.21,5.17,92372320.0,339571200.0
2014-11-19,5.24,5.26,5.22,5.19,107967664.0,398616832.0
2014-11-18,5.36,5.38,5.26,5.25,152253328.0,569736064.0
2014-11-17,5.49,5.5,5.31,5.29,217102240.0,827209344.0
2014-11-14,5.35,5.36,5.35,5.29,131953264.0,496181920.0
2014-11-13,5.32,5.42,5.32,5.31,186477472.0,706374400.0
2014-11-12,5.35,5.35,5.32,5.26,177572976.0,665749632.0
2014-11-11,5.22,5.55,5.39,5.22,559821568.0,2139143680.0
2014-11-10,5.09,5.19,5.19,5.08,192955648.0,700418368.0
2014-11-07,5.04,5.11,5.05,5.01,140102576.0,500760096.0
2014-11-06,5.07,5.08,5.05,5.01,117359896.0,418473856.0
2014-11-05,5.15,5.17,5.07,5.05,197428256.0,709205824.0
2014-11-04,5.14,5.18,5.15,5.11,105104288.0,381144416.0
2014-11-03,5.19,5.19,5.14,5.12,127058056.0,462810304.0
2014-10-31,5.08,5.22,5.18,5.08,216995584.0,790282560.0
2014-10-30,5.02,5.09,5.08,5.01,148966480.0,532277888.0
2014-10-29,4.98,5.04,5.01,4.97,112721584.0,398318400.0
2014-10-28,4.94,5.0,4.98,4.94,57510816.0,201800032.0
2014-10-27,4.97,4.98,4.94,4.92,66899672.0,233997088.0
2014-10-24,4.97,5.0,4.98,4.95,76048464.0,267439456.0
2014-10-23,4.95,5.0,4.98,4.94,93150376.0,327702752.0
2014-10-22,4.95,5.0,4.95,4.94,94662664.0,332294528.0
2014-10-21,4.98,4.98,4.97,4.94,65645076.0,230232816.0
2014-10-20,4.98,5.0,4.98,4.95,56422228.0,198398592.0
2014-10-17,4.98,4.98,4.98,4.95,68879040.0,241808896.0
2014-10-16,4.94,5.0,4.98,4.92,89555568.0,314377920.0
2014-10-15,4.92,4.97,4.95,4.91,51045312.0,178181968.0
2014-10-14,4.92,4.95,4.92,4.92,51424892.0,179211296.0
2014-10-13,4.95,4.97,4.92,4.92,82847056.0,288764160.0
2014-10-10,4.97,4.98,4.97,4.95,66858560.0,234263424.0
2014-10-09,4.98,5.0,4.98,4.97,70150752.0,246661728.0
2014-10-08,5.0,5.01,5.0,4.94,103554752.0,363668608.0
2014-09-30,4.98,5.0,5.0,4.97,67466304.0,237434912.0
2014-09-29,5.01,5.02,4.98,4.97,82359784.0,290542528.0
2014-09-26,5.01,5.04,5.02,4.98,48963688.0,173530768.0
2014-09-25,5.04,5.04,5.02,5.0,99746536.0,354272480.0
2014-09-24,4.92,5.02,5.01,4.92,119688352.0,420615712.0
2014-09-23,4.94,4.95,4.95,4.92,54145944.0,189055792.0
2014-09-22,5.01,5.02,4.94,4.92,73100584.0,256638960.0
2014-09-19,5.04,5.04,5.04,5.0,85829072.0,304118464.0
2014-09-18,5.04,5.05,5.04,5.0,77449624.0,275070784.0
2014-09-17,5.04,5.05,5.04,5.01,74210240.0,264173456.0
2014-09-16,5.04,5.07,5.02,5.01,119646600.0,425997792.0
2014-09-15,5.02,5.05,5.05,5.0,67819984.0,240406688.0
2014-09-12,5.02,5.05,5.05,5.01,29257710.0,103973856.0
2014-09-11,5.04,5.09,5.02,5.01,60161580.0,214417952.0
2014-09-10,5.07,5.07,5.04,5.02,66518384.0,236905184.0
2014-09-09,5.11,5.11,5.08,5.07,49912620.0,179309280.0
2014-09-05,5.08,5.11,5.11,5.07,97710992.0,351623840.0
2014-09-04,5.04,5.08,5.08,5.01,80954576.0,289018080.0
2014-09-03,4.98,5.04,5.02,4.97,89031760.0,315275872.0
2014-09-02,4.92,5.0,4.98,4.91,94003816.0,328181472.0
2014-09-01,4.91,4.95,4.92,4.88,65646664.0,228556176.0
2014-08-29,4.88,4.92,4.9,4.85,68933760.0,238208816.0
2014-08-28,4.92,4.94,4.87,4.85,61143604.0,211233344.0
2014-08-27,4.94,4.94,4.94,4.91,48391648.0,168422304.0
2014-08-26,4.94,4.97,4.94,4.92,55553104.0,193874320.0
2014-08-25,4.97,4.97,4.95,4.92,62128292.0,217130608.0
2014-08-22,4.95,4.97,4.97,4.94,45891568.0,160718144.0
2014-08-21,4.97,4.98,4.95,4.92,59879016.0,209451072.0
2014-08-20,4.97,5.0,4.98,4.95,47680676.0,167408800.0
2014-08-19,4.98,4.98,4.98,4.95,52016792.0,182500048.0
2014-08-18,4.98,5.01,4.97,4.95,76953080.0,270731296.0
2014-08-15,4.97,5.0,4.98,4.95,49403768.0,173885552.0
2014-08-14,4.98,5.01,4.97,4.95,53468956.0,188247728.0
2014-08-13,5.0,5.01,4.97,4.95,76447456.0,269019840.0
2014-08-12,5.05,5.05,5.0,4.98,48251192.0,170637056.0
2014-08-11,4.97,5.08,5.04,4.95,84838720.0,301213120.0
2014-08-08,4.98,5.0,4.97,4.91,84117584.0,295163840.0
2014-08-07,5.05,5.07,4.98,4.97,102245064.0,363092992.0
2014-08-06,5.07,5.08,5.07,5.02,72821152.0,259875184.0
2014-08-05,5.11,5.12,5.08,5.05,102705696.0,368653760.0
2014-08-04,5.08,5.12,5.11,5.07,98156080.0,353362656.0
2014-08-01,5.08,5.12,5.08,5.07,102543184.0,369978464.0
2014-07-31,5.05,5.09,5.09,5.02,74602216.0,266562208.0
2014-07-30,5.08,5.09,5.05,5.02,94851128.0,339551744.0
2014-07-29,5.09,5.11,5.08,5.05,111754288.0,401561728.0
2014-07-28,5.0,5.12,5.09,5.0,217488800.0,780449664.0
2014-07-25,4.94,4.98,4.98,4.92,68339728.0,239362688.0
2014-07-24,4.87,4.94,4.92,4.85,94244152.0,327063104.0
2014-07-23,4.85,4.88,4.87,4.84,48761920.0,167686448.0
2014-07-22,4.83,4.88,4.85,4.83,53147448.0,182250512.0
2014-07-21,4.88,4.88,4.84,4.83,40266316.0,138149792.0
2014-07-18,4.85,4.9,4.88,4.85,41842948.0,144061824.0
2014-07-17,4.88,4.88,4.88,4.85,35123796.0,120865504.0
2014-07-16,4.9,4.91,4.9,4.88,43599684.0,150728352.0
2014-07-15,4.9,4.91,4.91,4.87,58812388.0,203120144.0
2014-07-14,4.88,4.9,4.88,4.85,47915208.0,164956048.0
2014-07-11,4.87,4.91,4.87,4.87,28952724.0,99891840.0
2014-07-10,4.84,4.9,4.88,4.83,56609148.0,194960640.0
2014-07-09,4.91,4.91,4.84,4.84,41657252.0,143592608.0
2014-07-08,4.88,4.92,4.91,4.87,56055812.0,194092160.0
2014-07-07,4.84,4.88,4.88,4.83,38568768.0,132560960.0
2014-07-04,4.84,4.85,4.84,4.83,34768716.0,118962208.0
2014-07-03,4.81,4.85,4.84,4.81,40242724.0,137321664.0
2014-07-02,4.8,4.84,4.83,4.78,42913624.0,146051280.0
2014-07-01,4.81,4.83,4.8,4.78,43298612.0,146999040.0
2014-06-30,4.8,4.83,4.8,4.78,30646380.0,104236376.0
2014-06-27,4.8,4.81,4.8,4.77,33472792.0,113335624.0
2014-06-26,4.78,4.81,4.8,4.77,48194464.0,163191648.0
2014-06-25,4.83,4.83,4.78,4.77,51279144.0,173474624.0
2014-06-24,4.83,4.84,4.84,4.8,54892432.0,187063552.0
2014-06-23,4.87,4.87,4.83,4.83,55131332.0,188658560.0
2014-06-20,4.88,4.9,4.88,4.77,106996640.0,365450432.0
2014-06-19,4.91,4.92,4.88,4.85,91929176.0,341008192.0
2014-06-18,4.91,4.92,4.92,4.85,110170560.0,409642592.0
2014-06-17,4.95,4.97,4.91,4.87,107429152.0,401236800.0
2014-06-16,4.92,4.97,4.97,4.89,96202192.0,360544992.0
2014-06-13,4.87,4.92,4.92,4.87,63714956.0,237100656.0
2014-06-12,4.87,4.91,4.88,4.85,47082736.0,174600016.0
2014-06-11,4.89,4.93,4.89,4.84,79762400.0,296021696.0
2014-06-10,4.81,4.92,4.91,4.81,96285928.0,356415872.0
2014-06-09,4.75,4.84,4.81,4.75,50378808.0,184095040.0
2014-06-06,4.77,4.8,4.75,4.75,60943044.0,221037088.0
2014-06-05,4.7,4.77,4.77,4.68,75230704.0,271553152.0
2014-06-04,4.72,4.74,4.7,4.68,49748688.0,178016464.0
2014-06-03,4.68,4.74,4.71,4.68,51413736.0,184447552.0
2014-05-30,4.7,4.71,4.68,4.67,47443192.0,168772416.0
2014-05-29,4.71,4.72,4.7,4.68,33706144.0,120463080.0
2014-05-28,4.64,4.71,4.7,4.64,47696976.0,169771456.0
2014-05-27,4.62,4.67,4.64,4.62,43758928.0,154495840.0
2014-05-26,4.64,4.64,4.62,4.6,30899632.0,108660752.0
2014-05-23,4.6,4.63,4.63,4.59,29670540.0,104079432.0
2014-05-22,4.58,4.63,4.6,4.58,46632616.0,163455232.0
2014-05-21,4.55,4.59,4.59,4.54,37612836.0,130801344.0
2014-05-20,4.56,4.58,4.56,4.54,36655984.0,127029144.0
2014-05-19,4.56,4.58,4.55,4.52,42914104.0,148366240.0
2014-05-16,4.56,4.59,4.58,4.55,38486588.0,133887120.0
2014-05-15,4.54,4.58,4.56,4.52,36503304.0,126447488.0
2014-05-14,4.55,4.58,4.54,4.52,37644804.0,130153184.0
2014-05-13,4.59,4.59,4.55,4.54,38603200.0,133725792.0
2014-05-12,4.54,4.6,4.58,4.52,68788312.0,239121072.0
2014-05-09,4.52,4.56,4.54,4.51,45599432.0,157470928.0
2014-05-08,4.47,4.54,4.51,4.47,41258372.0,141691312.0
2014-05-07,4.47,4.5,4.5,4.47,31728816.0,108261312.0
2014-05-06,4.5,4.51,4.47,4.46,49064032.0,167403952.0
2014-05-05,4.5,4.51,4.5,4.46,42750972.0,145549104.0
2014-04-30,4.54,4.54,4.52,4.49,32244872.0,110570248.0
2014-04-29,4.54,4.55,4.54,4.52,37890428.0,130762816.0
2014-04-28,4.55,4.56,4.55,4.54,44103632.0,152664992.0
2014-04-25,4.52,4.55,4.54,4.5,41185616.0,142064768.0
2014-04-24,4.51,4.56,4.5,4.49,37571432.0,129185928.0
2014-04-23,4.52,4.54,4.52,4.5,33539472.0,115163320.0
2014-04-22,4.51,4.56,4.54,4.51,27277976.0,94005952.0
2014-04-21,4.55,4.59,4.52,4.52,28167420.0,97655992.0
2014-04-18,4.55,4.56,4.56,4.52,24978404.0,86379584.0
2014-04-17,4.6,4.6,4.58,4.55,29182670.0,101512592.0
2014-04-16,4.55,4.62,4.6,4.52,52377068.0,182339536.0
2014-04-15,4.59,4.6,4.55,4.52,34711016.0,120443368.0
2014-04-14,4.64,4.66,4.6,4.59,46705384.0,163920080.0
2014-04-11,4.67,4.67,4.63,4.62,80135248.0,282820800.0
2014-04-10,4.58,4.68,4.67,4.56,97100112.0,341689792.0
2014-04-09,4.59,4.62,4.58,4.56,54761656.0,190945472.0
2014-04-08,4.51,4.6,4.6,4.5,94074056.0,326594496.0
2014-04-04,4.49,4.52,4.51,4.47,31393372.0,107598872.0
2014-04-03,4.54,4.54,4.5,4.49,52315508.0,179540464.0
2014-04-02,4.54,4.55,4.52,4.5,56673464.0,195055792.0
2014-04-01,4.54,4.56,4.54,4.52,38552864.0,133253040.0
2014-03-31,4.56,4.59,4.54,4.51,60798536.0,210334032.0
2014-03-28,4.46,4.59,4.55,4.45,101965984.0,351928384.0
2014-03-27,4.46,4.5,4.45,4.42,43623784.0,147905600.0
2014-03-26,4.42,4.47,4.47,4.42,50588704.0,171295664.0
2014-03-25,4.45,4.45,4.42,4.41,33313760.0,112056920.0
2014-03-24,4.41,4.46,4.45,4.39,74527856.0,250975792.0
2014-03-21,4.3,4.43,4.39,4.3,126470712.0,421791392.0
2014-03-20,4.3,4.37,4.31,4.29,62125904.0,205019392.0
2014-03-19,4.27,4.31,4.31,4.26,46684432.0,152143728.0
2014-03-18,4.29,4.3,4.29,4.26,36811648.0,119946336.0
2014-03-17,4.26,4.29,4.27,4.24,37925432.0,123069872.0
2014-03-14,4.27,4.29,4.26,4.24,53106072.0,171718784.0
2014-03-13,4.26,4.37,4.3,4.25,82831944.0,271101216.0
2014-03-12,4.24,4.25,4.25,4.21,54483176.0,175098480.0
2014-03-11,4.29,4.29,4.25,4.21,83643776.0,269747744.0
2014-03-10,4.37,4.37,4.29,4.27,66083272.0,217386752.0
2014-03-07,4.38,4.39,4.38,4.35,37293092.0,124087872.0
2014-03-06,4.37,4.39,4.38,4.34,39202880.0,130249784.0
2014-03-05,4.39,4.39,4.37,4.35,40622760.0,134971248.0
2014-03-04,4.38,4.39,4.39,4.35,51674344.0,171717424.0
2014-03-03,4.38,4.41,4.38,4.35,65326776.0,217250848.0
2014-02-28,4.41,4.41,4.39,4.37,54062832.0,180274480.0
2014-02-27,4.39,4.42,4.42,4.37,65181848.0,217624752.0
2014-02-26,4.42,4.45,4.39,4.37,40669040.0,136184096.0
2014-02-25,4.43,4.46,4.43,4.42,45042368.0,151894896.0
2014-02-24,4.5,4.5,4.43,4.42,60659216.0,204851200.0
2014-02-21,4.52,4.54,4.52,4.5,28834380.0,99051216.0
2014-02-20,4.56,4.6,4.52,4.51,55789540.0,193317664.0
2014-02-19,4.51,4.63,4.58,4.5,86047368.0,298476128.0
2014-02-18,4.52,4.54,4.51,4.5,42180520.0,144983184.0
2014-02-17,4.52,4.55,4.52,4.51,51404632.0,177066544.0
2014-02-14,4.54,4.54,4.51,4.5,35515424.0,121992192.0
2014-02-13,4.51,4.58,4.52,4.5,73477632.0,253188544.0
2014-02-12,4.52,4.54,4.52,4.51,39812520.0,136940784.0
2014-02-11,4.49,4.56,4.54,4.46,99157912.0,340801152.0
2014-02-10,4.49,4.51,4.5,4.47,49508728.0,169111696.0
2014-02-07,4.46,4.47,4.47,4.43,27875616.0,94412408.0
2014-01-30,4.51,4.52,4.49,4.47,27753040.0,94793008.0
2014-01-29,4.45,4.52,4.52,4.45,60262488.0,206033408.0
2014-01-28,4.42,4.47,4.46,4.41,50011272.0,168680560.0
2014-01-27,4.46,4.47,4.42,4.38,99385376.0,334070080.0
2014-01-24,4.47,4.49,4.47,4.46,49522632.0,168323056.0
2014-01-23,4.49,4.5,4.47,4.46,53203664.0,181212880.0
2014-01-22,4.47,4.51,4.51,4.46,78229840.0,267481536.0
2014-01-21,4.46,4.5,4.47,4.45,51800520.0,176034304.0
2014-01-20,4.49,4.5,4.47,4.45,52516508.0,178208384.0
2014-01-17,4.49,4.5,4.49,4.47,61018824.0,208115088.0
2014-01-16,4.54,4.55,4.51,4.5,77381264.0,265323472.0
2014-01-15,4.62,4.63,4.55,4.52,70814680.0,245136928.0
2014-01-14,4.64,4.64,4.63,4.6,43708008.0,153539504.0
2014-01-13,4.66,4.67,4.66,4.63,44410672.0,157225808.0
2014-01-10,4.64,4.67,4.64,4.6,41733708.0,146710864.0
2014-01-09,4.68,4.71,4.64,4.62,44621580.0,158308768.0
2014-01-08,4.66,4.71,4.7,4.64,51944376.0,184598272.0
2014-01-07,4.64,4.67,4.67,4.62,41238508.0,145700736.0
2014-01-06,4.68,4.68,4.67,4.62,69846560.0,246594704.0
2014-01-03,4.7,4.71,4.68,4.67,43531020.0,155045632.0
2014-01-02,4.71,4.72,4.71,4.68,40377048.0,144322688.0
2013-12-31,4.68,4.72,4.71,4.67,57586000.0,205773936.0
2013-12-30,4.72,4.72,4.67,4.67,47632136.0,169902704.0
2013-12-27,4.67,4.74,4.71,4.64,67922520.0,242109104.0
2013-12-26,4.72,4.72,4.67,4.64,43935812.0,156483680.0
2013-12-25,4.72,4.74,4.72,4.71,28685342.0,102842888.0
2013-12-24,4.72,4.74,4.71,4.7,34304628.0,122969088.0
2013-12-23,4.71,4.74,4.71,4.68,49355328.0,176707616.0
2013-12-20,4.77,4.77,4.7,4.68,142684496.0,511709824.0
2013-12-19,4.83,4.84,4.77,4.76,86428592.0,315055232.0
2013-12-18,4.84,4.84,4.83,4.81,58427976.0,214204592.0
2013-12-17,4.87,4.88,4.84,4.83,48892496.0,180106848.0
2013-12-16,4.89,4.91,4.85,4.84,69446360.0,257041120.0
2013-12-13,4.93,4.95,4.89,4.85,107806944.0,401143552.0
2013-12-12,4.97,4.97,4.95,4.93,62866660.0,236513152.0
2013-12-11,4.99,5.0,4.97,4.96,97506120.0,369140512.0
2013-12-10,5.0,5.01,5.0,4.99,62140144.0,235931104.0
2013-12-09,5.01,5.02,5.0,4.99,75200496.0,286042368.0
2013-12-06,5.01,5.02,5.01,5.0,53427472.0,203329584.0
2013-12-05,5.04,5.04,5.01,5.0,107624304.0,409843936.0
2013-12-04,5.02,5.05,5.04,5.0,96474480.0,369051328.0
2013-12-03,5.04,5.05,5.02,5.01,87396528.0,334064192.0
2013-12-02,5.0,5.12,5.09,4.99,180756432.0,691793600.0
2013-11-29,5.0,5.01,5.0,4.99,44417980.0,168585664.0
2013-11-28,5.0,5.02,5.0,4.99,54866984.0,208618896.0
2013-11-27,4.99,5.01,4.99,4.97,55903104.0,212024688.0
2013-11-26,5.01,5.02,4.99,4.97,65840780.0,249935696.0
2013-11-25,5.05,5.06,5.01,5.01,55860140.0,213634864.0
2013-11-22,5.06,5.09,5.08,5.04,98675048.0,379861632.0
2013-11-21,5.01,5.13,5.12,4.97,139544112.0,533544640.0
2013-11-20,5.02,5.04,5.04,5.0,68914424.0,262839024.0
2013-11-19,5.04,5.04,5.02,5.01,84187400.0,321595520.0
2013-11-18,4.99,5.05,5.04,4.97,112763272.0,429133824.0
2013-11-15,4.99,5.02,4.99,4.96,87888240.0,333598080.0
2013-11-14,4.99,5.0,4.99,4.96,58442432.0,221396672.0
2013-11-13,5.04,5.05,5.0,4.97,56792744.0,216025760.0
2013-11-12,5.04,5.06,5.04,5.02,54041688.0,207316416.0
2013-11-11,5.01,5.05,5.04,5.0,41947896.0,160663168.0
2013-11-08,5.02,5.05,5.02,5.02,39277508.0,150245584.0
2013-11-07,5.0,5.05,5.04,4.99,48997060.0,186854496.0
2013-11-06,5.02,5.04,5.0,5.0,38648708.0,147151152.0
2013-11-05,5.04,5.05,5.04,5.0,53021744.0,202467360.0
2013-11-04,5.06,5.08,5.05,5.04,42672728.0,163750480.0
2013-11-01,5.04,5.06,5.05,5.01,50528928.0,193510048.0
2013-10-31,5.01,5.05,5.02,4.96,69400688.0,264194624.0
2013-10-30,5.0,5.02,5.01,4.96,47451824.0,180177568.0
2013-10-29,4.95,5.02,5.0,4.95,64097120.0,242895760.0
2013-10-28,4.99,5.0,4.95,4.93,24989030.0,94301968.0
2013-10-25,5.01,5.05,4.97,4.96,53654200.0,204404208.0
2013-10-24,5.06,5.06,5.01,5.0,46042908.0,176225040.0
2013-10-23,5.08,5.09,5.05,5.05,30600656.0,117876568.0
2013-10-22,5.08,5.09,5.05,5.05,26220958.0,100936672.0
2013-10-21,5.06,5.09,5.08,5.04,37138792.0,143098992.0
2013-10-18,5.08,5.12,5.05,5.05,47014204.0,181769008.0
2013-10-17,5.08,5.1,5.08,5.06,40433252.0,156243920.0
2013-10-16,5.05,5.09,5.08,5.05,47325140.0,182397072.0
2013-10-15,5.09,5.1,5.05,5.04,53611620.0,206315344.0
2013-10-14,5.13,5.14,5.1,5.08,37252920.0,144730864.0
2013-10-11,5.09,5.13,5.12,5.09,51993592.0,201912160.0
2013-10-10,5.08,5.1,5.08,5.05,38118456.0,147014800.0
2013-10-09,5.06,5.09,5.08,5.05,35103640.0,135309024.0
2013-10-08,5.06,5.09,5.09,5.05,41966076.0,161743968.0
2013-09-30,5.09,5.09,5.08,5.05,32649974.0,125892264.0
2013-09-27,5.06,5.1,5.08,5.05,35391144.0,136494432.0
2013-09-26,5.1,5.12,5.06,5.04,58732548.0,226477792.0
2013-09-25,5.12,5.14,5.1,5.1,39041536.0,152033600.0
2013-09-24,5.13,5.14,5.12,5.09,60147096.0,234101792.0
2013-09-23,5.16,5.17,5.14,5.13,56414084.0,220788720.0
2013-09-18,5.18,5.18,5.14,5.13,55580400.0,217719232.0
2013-09-17,5.22,5.23,5.17,5.17,53882204.0,212587584.0
2013-09-16,5.25,5.27,5.24,5.22,59996808.0,239401824.0
2013-09-13,5.3,5.3,5.25,5.23,66748436.0,267366944.0
2013-09-12,5.25,5.37,5.33,5.22,126787664.0,510212768.0
2013-09-11,5.26,5.27,5.25,5.23,79227272.0,316649760.0
2013-09-10,5.33,5.34,5.24,5.22,172953808.0,691467584.0
2013-09-09,5.14,5.41,5.37,5.14,221307296.0,891881088.0
2013-09-06,5.14,5.17,5.14,5.13,32674704.0,127818224.0
2013-09-05,5.16,5.17,5.14,5.13,21945184.0,85846872.0
2013-09-04,5.17,5.18,5.17,5.12,45696780.0,178643520.0
2013-09-03,5.13,5.18,5.18,5.1,56771016.0,222292112.0
2013-09-02,5.13,5.13,5.12,5.1,37010504.0,144074320.0
2013-08-30,5.09,5.13,5.13,5.08,31990418.0,124197264.0
2013-08-29,5.13,5.13,5.09,5.08,23135088.0,89640768.0
2013-08-28,5.13,5.13,5.1,5.09,29837168.0,115799904.0
2013-08-27,5.16,5.17,5.13,5.13,27050230.0,105790288.0
2013-08-26,5.12,5.18,5.17,5.09,33245152.0,130266952.0
2013-08-23,5.16,5.17,5.12,5.08,36744780.0,143269440.0
2013-08-22,5.17,5.18,5.14,5.06,39646816.0,155079536.0
2013-08-21,5.17,5.18,5.16,5.13,31513490.0,123578176.0
2013-08-20,5.17,5.2,5.16,5.14,52095360.0,205010944.0
2013-08-19,5.14,5.2,5.17,5.13,72007976.0,282469120.0
2013-08-16,5.2,5.72,5.2,5.17,188160944.0,755502848.0
2013-08-15,5.2,5.22,5.2,5.18,34227128.0,135362512.0
2013-08-14,5.2,5.22,5.18,5.17,30336944.0,119967384.0
2013-08-13,5.2,5.21,5.2,5.16,35574932.0,140230176.0
2013-08-12,5.14,5.21,5.2,5.13,49523212.0,194804768.0
2013-08-09,5.14,5.16,5.14,5.12,30281148.0,118156296.0
2013-08-08,5.12,5.16,5.13,5.12,22868062.0,89191728.0
2013-08-07,5.13,5.16,5.12,5.12,35240576.0,137471632.0
2013-08-06,5.14,5.17,5.13,5.13,32512450.0,127135336.0
2013-08-05,5.16,5.17,5.16,5.13,16254603.0,63657060.0
2013-08-02,5.17,5.18,5.14,5.14,32883680.0,128935616.0
2013-08-01,5.13,5.17,5.14,5.12,40477924.0,158357136.0
2013-07-31,5.16,5.16,5.12,5.12,29717932.0,115832288.0
2013-07-30,5.13,5.17,5.14,5.1,49860184.0,194833552.0
2013-07-29,5.13,5.14,5.12,5.1,39507252.0,153690528.0
2013-07-26,5.13,5.17,5.14,5.13,36040456.0,141133888.0
2013-07-25,5.17,5.18,5.14,5.14,38625872.0,151562512.0
2013-07-24,5.17,5.18,5.16,5.13,53214856.0,208735168.0
2013-07-23,5.14,5.2,5.17,5.13,102304960.0,402182592.0
2013-07-22,5.16,5.18,5.17,5.12,132711328.0,519555104.0
2013-07-19,5.17,5.2,5.2,5.13,113155440.0,444226944.0
2013-07-18,5.18,5.2,5.17,5.16,65355360.0,257025904.0
2013-07-17,5.18,5.22,5.2,5.16,67698824.0,267660048.0
2013-07-16,5.17,5.21,5.2,5.16,59191560.0,232937776.0
2013-07-15,5.21,5.22,5.18,5.17,73051080.0,288318400.0
2013-07-12,5.22,5.24,5.21,5.14,131031248.0,516501024.0
2013-07-11,5.17,5.29,5.24,5.16,164164496.0,651671488.0
2013-07-10,5.17,5.21,5.17,5.13,81234144.0,319343200.0
2013-07-09,5.17,5.21,5.2,5.13,118351112.0,466157120.0
2013-07-08,5.17,5.21,5.2,5.13,93260792.0,366207904.0
2013-07-05,5.14,5.21,5.2,5.13,60555676.0,237916816.0
2013-07-04,5.14,5.2,5.14,5.13,89915384.0,352602112.0
2013-07-03,5.22,5.25,5.18,5.16,198895488.0,784318016.0
2013-07-02,5.22,5.3,5.29,5.2,173295888.0,691073088.0
2013-07-01,5.21,5.31,5.3,5.18,195591808.0,778460672.0
2013-06-28,5.02,5.31,5.29,5.0,160012544.0,626544320.0
2013-06-27,4.91,5.04,5.01,4.89,100605048.0,381052032.0
2013-06-26,4.99,4.99,4.92,4.47,162884480.0,602011008.0
2013-06-25,4.8,4.91,4.89,4.71,147931280.0,574944704.0
2013-06-24,4.98,4.98,4.82,4.78,88041816.0,344836000.0
2013-06-21,5.01,5.02,4.97,4.95,68528984.0,275574976.0
2013-06-20,5.12,5.13,5.02,4.99,45461376.0,185374432.0
2013-06-19,5.14,5.14,5.13,5.09,28786560.0,119270200.0
2013-06-18,5.13,5.16,5.14,5.09,39691836.0,164371600.0
2013-06-17,5.14,5.17,5.09,5.09,28879548.0,119658304.0
2013-06-14,5.11,5.16,5.14,5.07,67631528.0,279272416.0
2013-06-13,5.13,5.13,5.12,5.03,80299936.0,329629504.0
2013-06-07,5.13,5.18,5.16,5.13,57682408.0,240855408.0
2013-06-06,5.22,5.24,5.13,5.12,80415568.0,337760640.0
2013-06-05,5.2,5.24,5.2,5.18,58602060.0,247472064.0
2013-06-04,5.2,5.23,5.22,5.18,72423056.0,305124832.0
2013-06-03,5.19,5.23,5.2,5.17,46775452.0,196871104.0
2013-05-31,5.19,5.23,5.17,5.17,26410450.0,111123056.0
2013-05-30,5.18,5.22,5.19,5.17,40534464.0,170556976.0
2013-05-29,5.18,5.22,5.2,5.17,49039392.0,206210384.0
2013-05-28,5.12,5.19,5.18,5.11,49309088.0,205517472.0
2013-05-27,5.13,5.17,5.11,5.11,30953794.0,128619024.0
2013-05-24,5.17,5.19,5.14,5.13,37241056.0,155241520.0
2013-05-23,5.14,5.2,5.14,5.13,64477224.0,269631936.0
2013-05-22,5.18,5.19,5.14,5.14,39746132.0,166002928.0
2013-05-21,5.17,5.2,5.19,5.14,45848716.0,191906800.0
2013-05-20,5.16,5.22,5.18,5.14,90944880.0,381881152.0
2013-05-17,5.06,5.17,5.14,5.06,69448440.0,287019808.0
2013-05-16,5.02,5.08,5.06,5.01,38224840.0,156393376.0
2013-05-15,5.04,5.06,5.02,5.02,26143732.0,106354152.0
2013-05-14,5.07,5.09,5.04,5.02,32641428.0,133381224.0
2013-05-13,5.09,5.09,5.07,5.06,31201268.0,128041880.0
2013-05-10,5.06,5.09,5.08,5.06,43099080.0,177109680.0
2013-05-09,5.08,5.09,5.06,5.06,31639840.0,129881696.0
2013-05-08,5.07,5.09,5.07,5.06,58091324.0,238253936.0
2013-05-07,5.06,5.08,5.06,5.04,43728896.0,178994976.0
2013-05-06,5.06,5.09,5.07,5.04,42808176.0,175447744.0
2013-05-03,5.03,5.11,5.04,5.02,68244256.0,279469664.0
2013-05-02,5.01,5.04,5.03,4.98,58032124.0,235096016.0
2013-04-26,5.06,5.07,5.01,5.01,48236100.0,196199888.0
2013-04-25,5.06,5.07,5.04,5.02,43272264.0,176779376.0
2013-04-24,5.03,5.08,5.07,5.02,40251292.0,164413216.0
2013-04-23,5.08,5.08,5.03,5.02,53760220.0,218990400.0
2013-04-22,5.07,5.11,5.07,5.06,52167032.0,214323472.0
2013-04-19,5.03,5.09,5.08,5.01,70008888.0,286332256.0
2013-04-18,4.98,5.03,5.02,4.97,29713214.0,120186816.0
2013-04-17,4.99,5.01,4.99,4.97,38897888.0,156986800.0
2013-04-16,4.99,5.02,4.99,4.97,39184564.0,158034720.0
2013-04-15,5.02,5.04,4.99,4.98,43407376.0,175757536.0
2013-04-12,5.04,5.06,5.03,5.02,33666532.0,137233664.0
2013-04-11,5.06,5.07,5.04,5.03,21722016.0,88576848.0
2013-04-10,5.04,5.06,5.03,5.03,21560730.0,87830096.0
2013-04-09,5.06,5.07,5.03,5.02,49140688.0,200396496.0
2013-04-08,5.01,5.06,5.03,4.98,65522852.0,266104144.0
2013-04-03,5.04,5.12,5.06,5.03,49636364.0,203516704.0
2013-04-02,5.03,5.03,5.02,5.01,49108124.0,199434048.0
2013-04-01,5.01,5.04,5.02,4.99,49566924.0,201077264.0
2013-03-29,4.98,5.02,5.01,4.97,39410392.0,159518384.0
2013-03-28,5.09,5.09,4.96,4.95,157198000.0,634041472.0
2013-03-27,5.12,5.17,5.09,5.08,40676272.0,168335248.0
2013-03-26,5.17,5.18,5.11,5.08,43163876.0,178890016.0
2013-03-25,5.18,5.2,5.18,5.16,35176264.0,147398896.0
2013-03-22,5.16,5.18,5.17,5.14,40380864.0,168621232.0
2013-03-21,5.14,5.2,5.16,5.13,50281776.0,210098832.0
2013-03-20,5.06,5.18,5.16,5.04,103587288.0,429505824.0
2013-03-19,5.04,5.09,5.04,5.02,59011540.0,240696128.0
2013-03-18,5.14,5.18,5.03,5.02,83850520.0,344463584.0
2013-03-15,5.13,5.22,5.17,5.11,89875864.0,376112800.0
2013-03-14,5.08,5.14,5.14,5.06,40704560.0,168215520.0
2013-03-13,5.11,5.12,5.11,5.07,36675448.0,150841296.0
2013-03-12,5.08,5.17,5.11,5.07,56166200.0,232524896.0
2013-03-11,5.09,5.11,5.09,5.04,23162000.0,95109520.0
2013-03-08,5.11,5.13,5.09,5.08,30004908.0,123792704.0
2013-03-07,5.14,5.17,5.11,5.06,55712780.0,230734928.0
2013-03-06,5.18,5.19,5.16,5.13,60037664.0,250775216.0
2013-03-05,5.06,5.22,5.17,5.03,100419344.0,416142656.0
2013-03-04,5.12,5.17,5.04,4.98,139516944.0,572766208.0
2013-03-01,5.23,5.23,5.16,5.12,59157856.0,247229056.0
2013-02-28,5.16,5.27,5.2,5.12,115876592.0,487769632.0
2013-02-27,5.07,5.17,5.17,5.07,83121376.0,344362080.0
2013-02-26,5.11,5.17,5.07,5.02,90367936.0,374273792.0
2013-02-25,5.13,5.17,5.12,5.11,46687900.0,193988384.0
2013-02-22,5.14,5.18,5.12,5.11,70086600.0,290985792.0
2013-02-21,5.2,5.23,5.17,5.08,121054928.0,503431104.0
2013-02-20,5.29,5.29,5.24,5.22,61248784.0,259683408.0
2013-02-19,5.35,5.37,5.27,5.25,67306528.0,288124032.0
2013-02-18,5.4,5.43,5.33,5.33,67637624.0,293710016.0
2013-02-08,5.35,5.42,5.38,5.32,129047408.0,561030400.0
2013-02-07,5.45,5.45,5.35,5.28,153673296.0,665149440.0
2013-02-06,5.45,5.49,5.46,5.38,127359768.0,558298560.0
2013-02-05,5.49,5.5,5.45,5.43,143892192.0,634890496.0
2013-02-04,5.5,5.6,5.53,5.48,203738624.0,914106752.0
2013-02-01,5.43,5.53,5.5,5.38,185844000.0,817649472.0
2013-01-31,5.44,5.51,5.44,5.38,251651312.0,1110705920.0
2013-01-30,5.3,5.45,5.43,5.25,225518864.0,976047616.0
2013-01-29,5.29,5.32,5.3,5.24,139339616.0,593915200.0
2013-01-28,5.25,5.33,5.3,5.19,104345992.0,446211296.0
2013-01-25,5.25,5.3,5.23,5.22,86341080.0,367743712.0
2013-01-24,5.19,5.34,5.25,5.19,161325440.0,689461696.0
2013-01-23,5.24,5.24,5.18,5.17,128924536.0,540961664.0
2013-01-22,5.19,5.33,5.25,5.16,178863824.0,757983872.0
2013-01-21,5.22,5.22,5.19,5.16,65157832.0,273339904.0
2013-01-18,5.23,5.27,5.22,5.19,58612564.0,247540736.0
2013-01-17,5.25,5.27,5.18,5.18,58656900.0,246519584.0
2013-01-16,5.27,5.3,5.28,5.17,57210160.0,242702384.0
2013-01-15,5.29,5.32,5.27,5.25,75281664.0,322002624.0
2013-01-14,5.18,5.33,5.3,5.16,112680176.0,478775392.0
2013-01-11,5.23,5.24,5.19,5.17,57032800.0,239627888.0
2013-01-10,5.13,5.23,5.23,5.12,78923616.0,331200384.0
2013-01-09,5.11,5.18,5.13,5.11,72087120.0,299354816.0
2013-01-08,5.23,5.24,5.12,5.08,93522656.0,389781248.0
2013-01-07,5.2,5.25,5.23,5.19,82037680.0,346701856.0
2013-01-04,5.18,5.24,5.22,5.17,118413536.0,498751744.0
2012-12-31,5.07,5.17,5.13,5.06,110538904.0,458727040.0
2012-12-28,5.02,5.09,5.07,5.01,67687672.0,276748064.0
2012-12-27,5.04,5.06,5.01,4.99,51935396.0,210682176.0
2012-12-26,5.12,5.12,5.04,5.01,62607996.0,255743696.0
2012-12-25,4.97,5.13,5.12,4.95,96464872.0,395665952.0
2012-12-24,4.96,5.02,4.97,4.96,36914336.0,148925200.0
2012-12-21,5.04,5.06,4.96,4.95,49181696.0,199274272.0
2012-12-20,5.07,5.07,5.03,5.02,48457064.0,197622400.0
2012-12-19,5.08,5.12,5.07,5.06,56809024.0,233962576.0
2012-12-18,5.03,5.11,5.09,5.02,118725552.0,487783712.0
2012-12-17,5.07,5.09,5.06,5.01,76989168.0,313808512.0
2012-12-14,4.88,5.11,5.07,4.87,137637472.0,558357888.0
2012-12-13,4.93,4.95,4.88,4.87,51763548.0,205296240.0
2012-12-12,4.88,4.96,4.95,4.87,80522392.0,320846272.0
2012-12-11,4.87,4.93,4.88,4.86,79775440.0,315924064.0
2012-12-10,4.86,4.91,4.88,4.85,113002352.0,446143104.0
2012-12-07,4.85,4.88,4.86,4.8,110844128.0,433549856.0
2012-12-06,4.82,4.85,4.85,4.78,51770568.0,201881392.0
2012-12-05,4.75,4.86,4.82,4.72,83900192.0,325564672.0
2012-12-04,4.77,4.78,4.75,4.75,24496736.0,94292016.0
2012-12-03,4.8,4.81,4.77,4.76,26701846.0,103248448.0
2012-11-30,4.8,4.81,4.8,4.77,42702868.0,165579248.0
2012-11-29,4.78,4.82,4.8,4.77,53407664.0,207208784.0
2012-11-28,4.76,4.8,4.78,4.75,41603264.0,160532944.0
2012-11-27,4.75,4.77,4.77,4.74,47665604.0,183527712.0
2012-11-26,4.75,4.77,4.76,4.72,20849740.0,80110624.0
2012-11-23,4.76,4.77,4.76,4.75,27461152.0,105713408.0
2012-11-22,4.75,4.76,4.75,4.72,19569056.0,75127088.0
2012-11-21,4.74,4.76,4.75,4.71,17936604.0,68735824.0
2012-11-20,4.76,4.76,4.74,4.7,20214740.0,77262768.0
2012-11-19,4.74,4.76,4.76,4.71,31148980.0,119173640.0
2012-11-16,4.75,4.76,4.74,4.72,55659860.0,213636992.0
2012-11-15,4.77,4.78,4.75,4.74,36776484.0,141437392.0
2012-11-14,4.77,4.8,4.78,4.74,45751428.0,176161008.0
2012-11-13,4.81,4.81,4.77,4.75,43125924.0,166461024.0
2012-11-12,4.8,4.82,4.82,4.75,52483100.0,203235696.0
2012-11-09,4.77,4.8,4.8,4.75,67949984.0,263057904.0
2012-11-08,4.78,4.8,4.78,4.75,31196232.0,120401192.0
2012-11-07,4.78,4.81,4.8,4.76,35901552.0,139153232.0
2012-11-06,4.81,4.82,4.8,4.75,53279344.0,206173584.0
2012-11-05,4.81,4.83,4.82,4.8,65047944.0,253775376.0
2012-11-02,4.78,4.86,4.83,4.77,44683040.0,174214128.0
2012-11-01,4.74,4.81,4.78,4.74,37581348.0,145240448.0
2012-10-31,4.71,4.75,4.72,4.7,19402728.0,73992016.0
2012-10-30,4.72,4.72,4.71,4.67,27342464.0,103860144.0
2012-10-29,4.72,4.75,4.71,4.7,17430244.0,66463424.0
2012-10-26,4.76,4.78,4.75,4.72,19910838.0,76557448.0
2012-10-25,4.81,4.81,4.77,4.76,22039096.0,85399904.0
2012-10-24,4.82,4.85,4.81,4.8,20792108.0,81088768.0
2012-10-23,4.83,4.87,4.82,4.82,40392624.0,158627312.0
2012-10-22,4.82,4.86,4.83,4.81,32004470.0,125319160.0
2012-10-19,4.81,4.85,4.83,4.8,27429984.0,107025528.0
2012-10-18,4.77,4.83,4.81,4.76,45943896.0,178405360.0
2012-10-17,4.74,4.77,4.76,4.72,33130220.0,127319512.0
2012-10-16,4.72,4.74,4.72,4.68,24740708.0,94334336.0
2012-10-15,4.75,4.76,4.72,4.7,18025378.0,68957512.0
2012-10-12,4.74,4.76,4.75,4.71,48116864.0,184814624.0
2012-10-11,4.68,4.74,4.72,4.66,28836376.0,109648888.0
2012-10-10,4.71,4.71,4.7,4.67,18519668.0,70342592.0
2012-10-09,4.65,4.74,4.7,4.64,39681936.0,150947568.0
2012-10-08,4.64,4.66,4.64,4.6,24608142.0,92183432.0
2012-09-28,4.57,4.67,4.64,4.55,49966344.0,186697584.0
2012-09-27,4.5,4.7,4.61,4.47,49289264.0,183359776.0
2012-09-26,4.51,4.51,4.5,4.45,19912908.0,72222848.0
2012-09-25,4.49,4.52,4.51,4.46,22093164.0,80247384.0
2012-09-24,4.51,4.54,4.5,4.46,34200116.0,124588040.0
2012-09-21,4.54,4.55,4.53,4.53,20841048.0,76476400.0
2012-09-20,4.56,4.59,4.55,4.54,32979080.0,121536360.0
2012-09-19,4.59,4.6,4.57,4.56,23811980.0,88247296.0
2012-09-18,4.64,4.65,4.57,4.57,18677162.0,69665440.0
2012-09-17,4.67,4.67,4.64,4.64,18643366.0,70213112.0
2012-09-14,4.65,4.68,4.67,4.64,44337184.0,167295136.0
2012-09-13,4.64,4.66,4.64,4.6,21595790.0,80846208.0
2012-09-12,4.67,4.7,4.64,4.61,30446284.0,114282352.0
2012-09-11,4.67,4.68,4.68,4.62,23898608.0,89945264.0
2012-09-10,4.67,4.7,4.7,4.65,30665208.0,116041648.0
2012-09-07,4.59,4.76,4.7,4.59,102545360.0,386825824.0
2012-09-06,4.57,4.6,4.59,4.54,24600546.0,90827048.0
2012-09-05,4.61,4.64,4.57,4.55,31658816.0,117484480.0
2012-09-04,4.65,4.67,4.62,4.6,21838054.0,81777144.0
2012-09-03,4.74,4.75,4.66,4.64,47772068.0,180901712.0
2012-08-31,4.75,4.76,4.72,4.72,21208756.0,81332496.0
2012-08-30,4.71,4.76,4.76,4.71,21460856.0,82170792.0
2012-08-29,4.74,4.76,4.75,4.71,15010929.0,57421956.0
2012-08-28,4.72,4.76,4.76,4.7,31798480.0,121955880.0
2012-08-27,4.7,4.75,4.72,4.67,38475400.0,146900992.0
2012-08-24,4.7,4.72,4.71,4.68,22783686.0,86719904.0
2012-08-23,4.72,4.74,4.71,4.68,34482128.0,131592488.0
2012-08-22,4.72,4.74,4.74,4.68,24056316.0,91688336.0
2012-08-21,4.75,4.77,4.74,4.65,47347236.0,179986544.0
2012-08-20,4.71,4.75,4.75,4.7,16030788.0,61263912.0
2012-08-17,4.7,4.75,4.74,4.7,27871004.0,106822560.0
2012-08-16,4.7,4.74,4.7,4.68,11028523.0,42061500.0
2012-08-15,4.72,4.76,4.7,4.7,24353664.0,93192280.0
2012-08-14,4.74,4.77,4.74,4.72,23057400.0,88538744.0
2012-08-13,4.68,4.74,4.71,4.67,27974404.0,106639880.0
2012-08-10,4.65,4.7,4.68,4.65,20150272.0,76384448.0
2012-08-09,4.67,4.68,4.65,4.64,18648220.0,70300064.0
2012-08-08,4.62,4.7,4.67,4.62,31185708.0,117619976.0
2012-08-07,4.66,4.67,4.62,4.6,39674760.0,148402560.0
2012-08-06,4.68,4.72,4.66,4.65,29804036.0,112852744.0
2012-08-03,4.67,4.71,4.68,4.67,16382239.0,62187880.0
2012-08-02,4.65,4.68,4.67,4.65,22996304.0,86829888.0
2012-08-01,4.64,4.67,4.66,4.62,24970446.0,93978176.0
2012-07-31,4.6,4.65,4.64,4.59,23317648.0,87294920.0
2012-07-30,4.6,4.64,4.59,4.57,25031278.0,93463760.0
2012-07-27,4.55,4.6,4.6,4.54,29330636.0,108580096.0
2012-07-26,4.54,4.55,4.54,4.52,15717093.0,57684880.0
2012-07-25,4.56,4.56,4.54,4.54,12233453.0,45041272.0
2012-07-24,4.59,4.6,4.55,4.54,23071340.0,85107328.0
2012-07-23,4.64,4.65,4.6,4.56,25523592.0,94941488.0
2012-07-20,4.7,4.71,4.66,4.65,18135824.0,68450232.0
2012-07-19,4.74,4.76,4.7,4.67,28108424.0,107000608.0
2012-07-18,4.71,4.75,4.74,4.68,23126860.0,88339832.0
2012-07-17,4.68,4.74,4.71,4.67,22386784.0,85080944.0
2012-07-16,4.66,4.68,4.68,4.65,29301690.0,110606072.0
2012-07-13,4.65,4.67,4.65,4.61,24603368.0,92569664.0
2012-07-12,4.67,4.68,4.64,4.62,46010304.0,173289312.0
2012-07-11,4.68,4.7,4.66,4.64,23297908.0,87878320.0
2012-07-10,4.7,4.76,4.68,4.66,27538312.0,105124864.0
2012-07-09,4.83,4.83,4.7,4.66,40458728.0,156354624.0
2012-07-06,4.85,4.86,4.83,4.81,31327704.0,122387448.0
2012-07-05,4.86,4.88,4.88,4.85,20601672.0,81179160.0
2012-07-04,4.86,4.88,4.87,4.85,19262672.0,75843856.0
2012-07-03,4.87,4.88,4.85,4.85,13098961.0,51542716.0
2012-07-02,4.88,4.89,4.87,4.85,27465364.0,108056664.0
2012-06-29,4.87,4.89,4.88,4.85,34003940.0,133946768.0
2012-06-28,4.87,4.88,4.85,4.83,31671772.0,124597248.0
2012-06-27,4.86,4.88,4.87,4.81,41504776.0,162821424.0
2012-06-26,4.86,4.87,4.86,4.83,21537164.0,84593944.0
2012-06-25,4.83,4.88,4.87,4.82,49675544.0,195029728.0
2012-06-21,4.87,4.88,4.83,4.82,28326220.0,111035280.0
2012-06-20,4.88,4.89,4.87,4.87,25961120.0,102492384.0
2012-06-19,4.87,4.89,4.87,4.86,35917476.0,141802112.0
2012-06-18,4.92,4.93,4.88,4.86,42814420.0,169087056.0
2012-06-15,4.89,4.93,4.92,4.86,47850212.0,189178000.0
2012-06-14,4.95,4.96,4.88,4.86,50272624.0,199176496.0
2012-06-13,4.9,4.95,4.94,4.9,73088968.0,305618848.0
2012-06-12,4.9,4.93,4.9,4.87,44681828.0,185636432.0
2012-06-11,4.9,4.95,4.9,4.89,56448236.0,235713216.0
2012-06-08,4.94,4.94,4.89,4.83,73944248.0,306795744.0
2012-06-07,4.96,4.97,4.93,4.92,31741696.0,133718328.0
2012-06-06,4.94,4.96,4.94,4.93,32607492.0,136998672.0
2012-06-05,4.93,4.99,4.94,4.92,42277100.0,177842656.0
2012-06-04,4.96,4.96,4.9,4.88,59435340.0,249334528.0
2012-06-01,4.95,4.99,4.99,4.92,48006448.0,202763056.0
2012-05-30,4.95,5.0,4.96,4.92,40954884.0,172714848.0
2012-05-29,4.94,4.97,4.96,4.92,38866232.0,163137152.0
2012-05-28,4.92,4.95,4.94,4.89,41465624.0,173467952.0
2012-05-25,4.92,4.94,4.92,4.89,21409312.0,89499728.0
2012-05-24,4.92,4.94,4.93,4.9,33521060.0,140282592.0
2012-05-23,4.96,4.97,4.92,4.9,40892992.0,171658912.0
2012-05-22,4.97,4.99,4.97,4.94,48989888.0,206793360.0
2012-05-21,4.99,5.0,4.97,4.94,39166848.0,165231648.0
2012-05-18,5.08,5.08,5.0,4.96,55289852.0,234981792.0
2012-05-17,5.06,5.1,5.09,5.03,29433412.0,126882736.0
2012-05-16,5.08,5.13,5.06,5.03,59407768.0,256017088.0
2012-05-15,5.13,5.14,5.09,5.08,33980416.0,147366352.0
2012-05-14,5.14,5.17,5.14,5.12,40536680.0,177143152.0
2012-05-11,5.15,5.18,5.13,5.12,33722672.0,147682288.0
2012-05-10,5.17,5.2,5.17,5.15,39506628.0,173921680.0
2012-05-09,5.17,5.21,5.15,5.15,45487360.0,200121216.0
2012-05-08,5.2,5.23,5.2,5.15,64042336.0,282210912.0
2012-05-07,5.16,5.22,5.2,5.15,96959496.0,427790528.0
2012-05-04,5.12,5.16,5.15,5.12,49651640.0,217073664.0
2012-05-03,5.17,5.18,5.13,5.1,66001560.0,287985920.0
2012-05-02,5.17,5.2,5.18,5.15,76211888.0,335249568.0
2012-04-27,5.16,5.16,5.14,5.13,53920712.0,235622160.0
2012-04-26,5.17,5.2,5.16,5.14,38186476.0,167484464.0
2012-04-25,5.17,5.2,5.2,5.15,42632884.0,187475632.0
2012-04-24,5.16,5.22,5.18,5.15,67063704.0,295934336.0
2012-04-23,5.18,5.2,5.16,5.15,43879376.0,193050384.0
2012-04-20,5.12,5.2,5.2,5.12,63181632.0,276647872.0
2012-04-19,5.15,5.15,5.12,5.12,29994718.0,130636112.0
2012-04-18,5.13,5.15,5.15,5.1,46757304.0,204060176.0
2012-04-17,5.13,5.13,5.1,5.08,45788496.0,199154208.0
2012-04-16,5.1,5.14,5.13,5.09,17989584.0,78408240.0
2012-04-13,5.1,5.15,5.13,5.08,42495296.0,184923760.0
2012-04-12,5.04,5.13,5.13,5.01,54566972.0,234907232.0
2012-04-11,5.03,5.07,5.04,5.03,32073610.0,137729936.0
2012-04-10,5.03,5.06,5.04,5.02,27268980.0,116893776.0
2012-04-09,5.04,5.04,5.03,5.01,20037368.0,85691432.0
2012-04-06,5.03,5.06,5.04,5.03,42145644.0,180666528.0
2012-04-05,5.07,5.08,5.06,5.01,82788736.0,354221120.0
2012-03-30,5.06,5.09,5.09,5.03,38033992.0,163907984.0
2012-03-29,5.07,5.08,5.03,5.02,45921920.0,197288032.0
2012-03-28,5.09,5.13,5.07,5.07,44024004.0,190928704.0
2012-03-27,5.08,5.1,5.09,5.07,16655251.0,71991920.0
2012-03-26,5.08,5.09,5.07,5.06,20604952.0,88915456.0
2012-03-23,5.09,5.12,5.06,5.06,38200920.0,165304096.0
2012-03-22,5.07,5.1,5.1,5.07,16159780.0,69813544.0
2012-03-21,5.1,5.12,5.07,5.07,50210368.0,217368864.0
2012-03-20,5.07,5.1,5.08,5.06,25873272.0,111670976.0
2012-03-19,5.08,5.1,5.08,5.07,39108672.0,168915872.0
2012-03-16,5.12,5.12,5.08,5.06,42748096.0,185201776.0
2012-03-15,5.07,5.22,5.07,5.06,99079832.0,432788032.0
2012-03-14,5.12,5.16,5.08,5.06,80563728.0,350335744.0
2012-03-13,5.07,5.13,5.1,5.07,37657420.0,163511648.0
2012-03-12,5.08,5.09,5.09,5.06,43662176.0,188268304.0
2012-03-09,5.1,5.12,5.09,5.08,33195412.0,143711552.0
2012-03-08,5.09,5.1,5.09,5.07,51575444.0,223115520.0
2012-03-07,5.09,5.12,5.08,5.06,61759372.0,267002768.0
2012-03-06,5.15,5.15,5.1,5.1,50760944.0,220957904.0
2012-03-05,5.21,5.22,5.15,5.13,64995752.0,285826592.0
2012-03-02,5.18,5.21,5.21,5.18,60917360.0,269155904.0
2012-03-01,5.21,5.22,5.18,5.17,35902500.0,158769760.0
2012-02-29,5.23,5.23,5.21,5.18,64446500.0,285582688.0
2012-02-28,5.18,5.26,5.23,5.18,69664464.0,309982848.0
2012-02-27,5.21,5.23,5.22,5.18,81628056.0,361904480.0
2012-02-24,5.21,5.23,5.22,5.16,83038240.0,366679936.0
2012-02-22,5.23,5.23,5.22,5.16,72416072.0,320054272.0
2012-02-21,5.17,5.27,5.24,5.16,61505844.0,272759552.0
2012-02-20,5.18,5.2,5.17,5.16,42676368.0,188115008.0
2012-02-17,5.17,5.18,5.16,5.13,33849244.0,148612272.0
2012-02-16,5.14,5.21,5.16,5.1,102940400.0,452172896.0
2012-02-15,5.12,5.17,5.14,5.09,63267208.0,276119104.0
2012-02-14,5.13,5.14,5.12,5.08,62922596.0,272942592.0
2012-02-13,5.14,5.17,5.14,5.12,43943224.0,192106064.0
2012-02-10,5.17,5.22,5.16,5.14,52792904.0,232687168.0
2012-02-09,5.17,5.22,5.2,5.13,83430416.0,367809440.0
2012-02-08,5.09,5.18,5.18,5.09,51248928.0,224270992.0
2012-02-07,5.17,5.18,5.09,5.07,37435436.0,162782720.0
2012-02-06,5.18,5.21,5.18,5.16,49924476.0,220200448.0
2012-02-03,5.14,5.22,5.18,5.1,72800544.0,320007296.0
2012-02-02,5.04,5.18,5.15,5.02,78145816.0,340225696.0
2012-02-01,5.06,5.07,5.03,5.02,20104204.0,86266464.0
2012-01-31,5.03,5.08,5.06,5.03,23989148.0,102990208.0
2012-01-30,5.15,5.16,5.02,5.01,64333724.0,279208832.0
2012-01-20,5.13,5.15,5.13,5.1,65292692.0,284523264.0
2012-01-19,5.07,5.14,5.13,5.06,95901736.0,417484480.0
2012-01-18,5.12,5.13,5.07,5.06,59337116.0,256569952.0
2012-01-17,5.06,5.15,5.13,5.03,53352088.0,230771264.0
2012-01-16,5.09,5.1,5.07,5.06,22890020.0,98830376.0
2012-01-13,5.1,5.15,5.1,5.07,49459440.0,214747744.0
2012-01-12,5.09,5.12,5.09,5.08,30155830.0,130739688.0
2012-01-11,5.12,5.14,5.12,5.06,56123976.0,243353792.0
2012-01-10,5.04,5.14,5.12,5.03,84437968.0,365343680.0
2012-01-09,5.06,5.1,5.07,5.01,57268040.0,246448496.0
2012-01-06,5.02,5.1,5.03,5.01,46107640.0,198133696.0
2012-01-05,4.93,5.06,5.0,4.93,45126180.0,192553056.0
2012-01-04,4.99,5.0,4.96,4.93,21900868.0,92432768.0
2011-12-30,4.94,5.0,4.99,4.93,47705524.0,201713552.0
2011-12-29,4.9,4.97,4.94,4.88,45423476.0,190577408.0
2011-12-28,4.89,4.94,4.93,4.84,46645072.0,193904144.0
2011-12-27,4.89,4.93,4.9,4.88,20140666.0,84042576.0
2011-12-26,4.87,4.92,4.9,4.84,23780180.0,98650656.0
2011-12-23,4.89,4.93,4.9,4.87,16583139.0,69088848.0
2011-12-22,4.86,4.9,4.88,4.83,27221650.0,112662536.0
2011-12-21,4.9,4.92,4.86,4.84,29073050.0,120869560.0
2011-12-20,4.88,4.95,4.88,4.84,28455260.0,118320840.0
2011-12-19,4.87,4.93,4.9,4.77,57578552.0,237184480.0
2011-12-16,4.82,4.9,4.9,4.77,38711560.0,159075712.0
2011-12-15,4.82,4.86,4.83,4.81,49421964.0,203393872.0
2011-12-14,4.84,4.88,4.82,4.82,18109300.0,74552648.0
2011-12-13,4.84,4.89,4.88,4.83,32197964.0,133124744.0
2011-12-12,4.89,4.9,4.84,4.84,22306698.0,92204912.0
2011-12-09,4.88,4.92,4.9,4.87,25467824.0,105948688.0
2011-12-08,4.9,4.93,4.89,4.88,32158496.0,133958536.0
2011-12-07,4.94,4.95,4.9,4.87,43647552.0,182026832.0
2011-12-06,5.01,5.02,4.94,4.93,40982648.0,172459392.0
2011-12-05,5.01,5.04,5.03,4.97,52322628.0,222617488.0
2011-12-02,5.0,5.02,5.0,4.94,25165636.0,106520384.0
2011-12-01,5.0,5.07,5.03,4.96,43781668.0,187261120.0
2011-11-30,4.99,5.0,4.93,4.92,45292092.0,190927280.0
2011-11-28,4.95,5.02,4.97,4.95,17055968.0,72349264.0
2011-11-25,5.01,5.03,4.96,4.94,15367721.0,64909544.0
2011-11-24,4.96,5.04,5.03,4.96,21367926.0,91108288.0
2011-11-23,4.96,5.0,4.99,4.94,23997432.0,101194584.0
2011-11-22,5.0,5.02,4.96,4.96,11889596.0,50344344.0
2011-11-21,5.06,5.06,5.0,4.99,17108208.0,72898208.0
2011-11-18,5.03,5.08,5.06,5.02,29370832.0,125934832.0
2011-11-17,5.03,5.08,5.06,5.01,28493508.0,122483080.0
2011-11-16,5.07,5.08,5.03,5.01,42546824.0,182105904.0
2011-11-15,5.1,5.12,5.08,5.07,28178984.0,121966680.0
2011-11-14,5.06,5.13,5.12,5.04,27003480.0,117220992.0
2011-11-11,5.0,5.09,5.04,5.0,69219432.0,297220352.0
2011-11-10,5.06,5.08,4.99,4.97,105876432.0,453059040.0
2011-11-09,5.12,5.15,5.13,5.09,26424954.0,115078432.0
2011-11-08,5.08,5.12,5.09,5.07,33582460.0,145678080.0
2011-11-07,5.08,5.12,5.07,5.07,21871844.0,94695296.0
2011-11-04,5.12,5.14,5.1,5.08,30882288.0,134530224.0
2011-11-03,5.1,5.13,5.08,5.07,34239568.0,148365024.0
2011-11-02,5.02,5.1,5.08,5.01,36650000.0,157824032.0
2011-11-01,5.07,5.12,5.06,5.04,28705788.0,123792440.0
2011-10-31,5.04,5.12,5.08,5.04,34598748.0,149682608.0
2011-10-28,5.1,5.16,5.06,5.02,60175432.0,260273696.0
2011-10-27,5.03,5.07,5.06,5.0,42841288.0,184148528.0
2011-10-26,4.97,5.04,5.01,4.96,41632116.0,177837616.0
2011-10-25,4.92,5.02,4.99,4.89,55040496.0,232110752.0
2011-10-24,4.88,4.95,4.93,4.87,24966486.0,104478240.0
2011-10-21,4.89,4.93,4.88,4.88,28046064.0,116737976.0
2011-10-20,4.89,4.93,4.89,4.86,43864812.0,182691264.0
2011-10-19,4.9,4.95,4.92,4.89,42389484.0,177427232.0
2011-10-18,4.86,4.9,4.9,4.84,54337936.0,225274688.0
2011-10-17,4.87,4.9,4.88,4.84,30521832.0,126548160.0
2011-10-14,4.82,4.88,4.87,4.8,37591460.0,154736288.0
2011-10-13,4.82,4.87,4.86,4.76,52312816.0,213901744.0
2011-10-12,4.73,4.87,4.84,4.73,90637624.0,371839968.0
2011-10-11,4.86,4.89,4.76,4.73,68141584.0,277602624.0
2011-10-10,4.66,4.7,4.69,4.64,37687192.0,149559376.0
2011-09-30,4.68,4.7,4.68,4.64,25395720.0,101025232.0
2011-09-29,4.69,4.71,4.68,4.66,28014336.0,111827640.0
2011-09-28,4.73,4.75,4.69,4.67,16264599.0,65034280.0
2011-09-27,4.68,4.73,4.7,4.67,30574504.0,122248224.0
2011-09-26,4.68,4.71,4.64,4.63,37657440.0,149636896.0
2011-09-23,4.7,4.79,4.71,4.66,58326224.0,233939008.0
2011-09-22,4.82,4.83,4.7,4.68,43832620.0,177611760.0
2011-09-21,4.81,4.87,4.84,4.77,35791184.0,147043184.0
2011-09-20,4.77,4.82,4.79,4.76,18110484.0,73782224.0
2011-09-19,4.79,4.8,4.79,4.77,17776360.0,72330192.0
2011-09-16,4.83,4.84,4.82,4.77,30132832.0,123262016.0
2011-09-15,4.82,4.83,4.8,4.8,19622512.0,80272104.0
2011-09-14,4.87,4.89,4.81,4.77,34288036.0,140662032.0
2011-09-13,4.87,4.88,4.87,4.84,21831878.0,90345088.0
2011-09-09,4.9,4.93,4.92,4.87,30656376.0,127893080.0
2011-09-08,4.84,4.92,4.88,4.82,51707192.0,214741136.0
2011-09-07,4.8,4.87,4.84,4.79,23535360.0,96765072.0
2011-09-06,4.77,4.81,4.79,4.76,25765076.0,104910336.0
2011-09-05,4.81,4.82,4.8,4.77,29039772.0,118467184.0
2011-09-02,4.86,4.87,4.82,4.81,15032539.0,61806600.0
2011-09-01,4.87,4.88,4.86,4.82,17995038.0,74313016.0
2011-08-31,4.83,4.89,4.87,4.81,23394492.0,96415120.0
2011-08-30,4.83,4.89,4.82,4.81,41678560.0,172066352.0
2011-08-29,4.87,4.87,4.8,4.79,49448732.0,202557600.0
2011-08-26,4.89,4.9,4.89,4.86,42043824.0,174497408.0
2011-08-25,4.8,4.94,4.92,4.79,73698656.0,305451616.0
2011-08-24,4.84,4.84,4.8,4.79,21818192.0,89261296.0
2011-08-23,4.82,4.84,4.83,4.79,20850918.0,85425376.0
2011-08-22,4.86,4.88,4.8,4.79,17677636.0,72500608.0
2011-08-19,4.88,4.88,4.86,4.84,36000816.0,148902096.0
2011-08-18,4.92,4.94,4.92,4.89,33085460.0,138422800.0
2011-08-17,4.89,4.93,4.92,4.88,17290856.0,72274640.0
2011-08-16,4.89,4.94,4.89,4.88,30695312.0,128069016.0
2011-08-15,4.88,4.94,4.93,4.81,65382824.0,270918496.0
2011-08-12,4.92,4.92,4.87,4.84,26972956.0,111748936.0
2011-08-11,4.83,4.93,4.89,4.81,30695176.0,127298440.0
2011-08-10,4.89,4.96,4.88,4.83,75457656.0,314979744.0
2011-08-09,4.69,4.83,4.82,4.63,80950136.0,324950656.0
2011-08-08,4.82,4.83,4.74,4.7,80387080.0,325734752.0
2011-08-05,4.84,4.87,4.83,4.79,68886728.0,282486432.0
2011-08-04,4.93,4.95,4.89,4.87,32572624.0,135822192.0
2011-08-03,4.93,4.94,4.92,4.89,33579256.0,140305728.0
2011-08-02,4.96,4.97,4.94,4.92,24412892.0,102482440.0
2011-08-01,4.99,5.03,4.99,4.96,19907396.0,84517056.0
2011-07-29,4.96,5.04,5.0,4.93,42538432.0,180370112.0
2011-07-28,5.0,5.02,4.94,4.94,35834144.0,151246384.0
2011-07-27,5.02,5.06,5.03,5.0,42983136.0,183557168.0
2011-07-26,5.03,5.07,5.04,5.02,18276500.0,78461664.0
2011-07-25,5.08,5.1,5.04,5.03,26339480.0,113431200.0
2011-07-22,5.13,5.14,5.13,5.1,24496068.0,106620672.0
2011-07-21,5.16,5.16,5.14,5.1,26019938.0,113580552.0
2011-07-20,5.15,5.17,5.14,5.13,45898424.0,201033344.0
2011-07-19,5.12,5.16,5.13,5.1,39547900.0,172770592.0
2011-07-18,5.17,5.17,5.13,5.13,16688084.0,72907640.0
2011-07-15,5.14,5.18,5.17,5.09,29706504.0,130221944.0
2011-07-14,5.09,5.17,5.15,5.08,59830900.0,261025056.0
2011-07-13,5.04,5.13,5.1,5.04,42170020.0,182586656.0
2011-07-12,5.07,5.08,5.04,5.03,37912988.0,162786480.0
2011-07-11,5.09,5.1,5.09,5.07,32508984.0,140630672.0
2011-07-08,5.08,5.13,5.1,5.07,60669704.0,262823840.0
2011-07-07,5.14,5.18,5.07,5.06,62982288.0,273420864.0
2011-07-06,5.18,5.18,5.14,5.08,69625616.0,302222432.0
2011-07-05,5.18,5.23,5.18,5.16,37299484.0,164535904.0
2011-07-04,5.17,5.2,5.2,5.14,46263656.0,203282752.0
2011-07-01,5.26,5.26,5.15,5.13,57180744.0,251296352.0
2011-06-30,5.24,5.29,5.24,5.22,50943440.0,227564976.0
2011-06-29,5.28,5.28,5.24,5.22,62621408.0,279123040.0
2011-06-28,5.28,5.29,5.29,5.24,50391600.0,225883952.0
2011-06-27,5.26,5.29,5.27,5.23,67198776.0,300592160.0
2011-06-24,5.14,5.27,5.27,5.12,82382112.0,365806112.0
2011-06-23,5.07,5.15,5.15,5.06,65156220.0,283637472.0
2011-06-22,5.06,5.1,5.09,5.02,64972340.0,280328160.0
2011-06-21,5.01,5.08,5.06,5.0,45080952.0,193605408.0
2011-06-20,5.03,5.06,5.01,4.99,39065640.0,166774736.0
2011-06-17,5.02,5.1,5.04,5.0,77925000.0,335722144.0
2011-06-16,5.01,5.06,5.03,5.0,41083484.0,175725360.0
2011-06-15,5.04,5.04,5.02,5.0,59822512.0,255673728.0
2011-06-14,5.08,5.11,5.02,5.0,141339168.0,633456000.0
2011-06-13,4.96,5.13,5.09,4.95,69459600.0,311928960.0
2011-06-10,4.94,5.02,4.98,4.92,54683576.0,241657280.0
2011-06-09,4.97,4.98,4.93,4.93,68309688.0,300208576.0
2011-06-08,4.98,5.0,4.98,4.92,43881824.0,193090080.0
2011-06-07,4.95,5.02,4.99,4.94,55585072.0,245953008.0
2011-06-03,4.97,4.99,4.97,4.9,59807752.0,262790752.0
2011-06-02,5.03,5.11,5.0,4.89,106541616.0,470413280.0
2011-06-01,5.11,5.12,5.05,5.0,69731768.0,313236672.0
2011-05-30,4.95,5.16,5.14,4.94,156120416.0,706711552.0
2011-05-27,4.98,5.02,4.95,4.94,57208408.0,252550048.0
2011-05-26,4.94,4.99,4.97,4.93,33435376.0,147305776.0
2011-05-25,4.99,5.0,4.92,4.88,40879864.0,179156288.0
2011-05-24,5.03,5.07,5.0,4.98,54357472.0,242180128.0
2011-05-23,5.12,5.13,5.03,4.99,61993616.0,278059232.0
2011-05-20,5.15,5.18,5.12,5.11,31838664.0,145631840.0
2011-05-19,5.15,5.18,5.15,5.13,25251982.0,115598960.0
2011-05-18,5.08,5.2,5.14,5.06,36478956.0,166137056.0
2011-05-17,5.08,5.11,5.07,5.05,38075888.0,171208208.0
2011-05-16,5.13,5.2,5.08,5.06,51617588.0,234003264.0
2011-05-13,5.06,5.18,5.16,5.06,53605392.0,243930720.0
2011-05-12,5.11,5.13,5.06,5.06,36433800.0,164410032.0
2011-05-11,5.15,5.17,5.12,5.11,33241770.0,151270496.0
2011-05-10,5.16,5.17,5.15,5.13,22212216.0,101607248.0
2011-05-09,5.17,5.18,5.15,5.13,22940320.0,104909200.0
2011-05-06,5.15,5.23,5.16,5.14,51896640.0,239376544.0
2011-05-05,5.09,5.22,5.18,5.06,79671312.0,365212384.0
2011-05-04,5.12,5.17,5.11,5.09,56789912.0,258903360.0
2011-05-03,5.15,5.16,5.15,5.11,28090648.0,127885320.0
2011-04-29,5.18,5.18,5.14,5.08,36274116.0,165209968.0
2011-04-28,5.14,5.26,5.17,5.12,81373520.0,375234272.0
2011-04-27,5.08,5.14,5.12,5.08,52220004.0,237211424.0
2011-04-26,5.06,5.13,5.07,5.05,46434520.0,209697760.0
2011-04-25,5.08,5.13,5.06,5.04,42608084.0,191812272.0
2011-04-22,5.16,5.16,5.12,5.11,26639620.0,121235144.0
2011-04-21,5.16,5.18,5.16,5.14,34920932.0,159960048.0
2011-04-20,5.15,5.2,5.14,5.12,49903504.0,228394064.0
2011-04-19,5.24,5.25,5.14,5.14,55402676.0,254437392.0
2011-04-18,5.28,5.3,5.26,5.25,39856992.0,186304992.0
2011-04-15,5.2,5.3,5.3,5.18,104411792.0,488174624.0
2011-04-14,5.22,5.24,5.22,5.18,61414540.0,284015808.0
2011-04-13,5.17,5.22,5.22,5.13,50714436.0,232646928.0
2011-04-12,5.16,5.22,5.2,5.15,68723976.0,316124288.0
2011-04-11,5.14,5.22,5.17,5.12,76653512.0,352086144.0
2011-04-08,5.15,5.15,5.13,5.11,27544384.0,125348584.0
2011-04-07,5.16,5.18,5.15,5.12,51748684.0,236022784.0
2011-04-06,5.08,5.22,5.16,5.08,83819984.0,384393952.0
2011-04-01,5.06,5.09,5.07,5.02,55309484.0,248482624.0
2011-03-31,5.09,5.12,5.04,5.03,73641608.0,331185440.0
2011-03-30,5.08,5.14,5.09,5.07,91030256.0,413038528.0
2011-03-29,5.07,5.14,5.08,5.06,108353776.0,491231424.0
2011-03-28,5.05,5.11,5.07,5.03,103624648.0,466866336.0
2011-03-25,4.98,5.06,5.03,4.96,100608112.0,449025824.0
2011-03-24,4.96,4.99,4.97,4.93,83052328.0,366882048.0
2011-03-23,4.9,4.98,4.96,4.9,80875064.0,355809216.0
2011-03-22,4.88,4.95,4.92,4.86,73401912.0,319789440.0
2011-03-21,4.82,4.9,4.89,4.8,63911628.0,275293056.0
2011-03-18,4.82,4.88,4.8,4.75,56909640.0,244134608.0
2011-03-17,4.84,4.86,4.81,4.8,45968648.0,196934528.0
2011-03-16,4.8,4.86,4.86,4.8,42748336.0,183157968.0
2011-03-15,4.82,4.84,4.81,4.73,77796056.0,330019712.0
2011-03-14,4.85,4.87,4.84,4.82,45237664.0,194284608.0
2011-03-11,4.9,4.94,4.85,4.84,55984300.0,242418336.0
2011-03-10,4.97,4.98,4.9,4.9,73602728.0,322545952.0
2011-03-09,4.98,5.0,4.98,4.97,60939508.0,269740672.0
2011-03-08,4.96,4.98,4.97,4.94,75368152.0,331720160.0
2011-03-07,4.9,4.97,4.96,4.9,109516432.0,480518816.0
2011-03-04,4.86,4.94,4.9,4.84,94434288.0,408392704.0
2011-03-03,4.82,4.96,4.85,4.8,226024592.0,979734272.0
2011-03-02,4.79,4.86,4.82,4.78,52913088.0,225884960.0
2011-03-01,4.8,4.85,4.81,4.77,37636264.0,160428768.0
2011-02-28,4.81,4.82,4.8,4.77,22824608.0,97078008.0
2011-02-25,4.78,4.84,4.81,4.76,55717816.0,237541408.0
2011-02-24,4.76,4.79,4.78,4.73,44565464.0,187753328.0
2011-02-23,4.76,4.79,4.77,4.73,46146744.0,194978368.0
2011-02-22,4.84,4.85,4.77,4.75,72057408.0,305724704.0
2011-02-21,4.85,4.87,4.85,4.81,55227296.0,237050624.0
2011-02-18,4.88,4.89,4.88,4.85,55107204.0,238005808.0
2011-02-17,4.89,4.92,4.88,4.87,60544856.0,262590160.0
2011-02-16,4.88,4.92,4.89,4.86,103424056.0,447522240.0
2011-02-15,4.93,4.96,4.89,4.88,131231832.0,571473216.0
2011-02-14,4.84,4.94,4.93,4.82,142475680.0,619274432.0
2011-02-11,4.81,4.84,4.84,4.79,52281076.0,223474128.0
2011-02-10,4.77,4.82,4.81,4.76,29389764.0,125022048.0
2011-02-09,4.78,4.84,4.78,4.76,42139560.0,179075984.0
2011-02-01,4.78,4.82,4.8,4.76,32352504.0,137800320.0
2011-01-31,4.75,4.79,4.79,4.72,28038306.0,118514064.0
2011-01-28,4.76,4.78,4.75,4.73,29689134.0,125149704.0
2011-01-27,4.71,4.79,4.78,4.69,58213856.0,244835968.0
2011-01-26,4.72,4.75,4.73,4.71,27888528.0,117116312.0
2011-01-25,4.72,4.76,4.72,4.68,38991636.0,163357712.0
2011-01-24,4.77,4.79,4.72,4.71,31638928.0,133111384.0
2011-01-21,4.68,4.82,4.76,4.67,46051092.0,194385248.0
2011-01-20,4.77,4.77,4.68,4.68,39855248.0,166664432.0
2011-01-19,4.77,4.8,4.77,4.73,41352176.0,174801520.0
2011-01-18,4.75,4.8,4.8,4.71,52465824.0,221088544.0
2011-01-17,4.86,4.88,4.77,4.7,76630960.0,323945824.0
2011-01-14,4.87,4.93,4.9,4.85,73508208.0,319137952.0
2011-01-13,4.85,4.9,4.89,4.82,91422152.0,394631936.0
2011-01-12,4.8,4.85,4.84,4.79,58418096.0,249964208.0
2011-01-11,4.78,4.82,4.8,4.77,57881660.0,246676192.0
2011-01-10,4.8,4.86,4.78,4.77,112870448.0,480637184.0
2011-01-07,4.7,4.85,4.85,4.66,191327072.0,812543360.0
2011-01-06,4.71,4.75,4.69,4.68,57509796.0,240061296.0
2011-01-05,4.76,4.78,4.72,4.7,67185968.0,282113472.0
2011-01-04,4.78,4.79,4.78,4.71,49201080.0,207611088.0
