date,open,high,close,low,volume,amount
2015-12-31,5.17,5.21,5.15,5.15,124276693.0,529781494.0
2015-12-30,5.19,5.19,5.17,5.13,82027933.0,348227689.0
2015-12-29,5.13,5.19,5.17,5.12,84053328.0,356253044.0
2015-12-28,5.27,5.29,5.13,5.12,202330024.0,866611621.0
2015-12-25,5.27,5.3,5.27,5.22,113135275.0,490214222.0
2015-12-24,5.31,5.32,5.26,5.19,204391584.0,884696960.0
2015-12-23,5.27,5.41,5.31,5.25,301723616.0,1319912192.0
2015-12-22,5.32,5.34,5.29,5.24,211746945.0,920445432.0
2015-12-21,5.17,5.39,5.34,5.16,332711648.0,1449671680.0
2015-12-18,5.19,5.38,5.22,5.15,260338160.0,1125881344.0
2015-12-17,5.16,5.22,5.19,5.15,178197072.0,760528576.0
2015-12-16,5.15,5.19,5.15,5.13,98505744.0,418246272.0
2015-12-15,5.24,5.3,5.14,5.14,139956176.0,598140736.0
2015-12-14,5.1,5.32,5.26,5.08,169645360.0,725636032.0
2015-12-11,5.17,5.19,5.15,5.09,105220968.0,444900704.0
2015-12-10,5.21,5.3,5.19,5.15,98419944.0,423178240.0
2015-12-09,5.16,5.25,5.22,5.15,74045637.0,317794647.0
2015-12-08,5.27,5.27,5.2,5.17,101364992.0,434914880.0
2015-12-07,5.36,5.38,5.3,5.27,78537479.0,343274436.0
2015-12-04,5.46,5.46,5.34,5.3,164894864.0,727890368.0
2015-12-03,5.43,5.61,5.51,5.37,324177576.0,1470488961.0
2015-12-02,5.13,5.51,5.47,5.13,302768192.0,1334788352.0
2015-12-01,5.24,5.26,5.16,5.12,118280424.0,502894364.0
2015-11-30,5.12,5.29,5.26,5.09,170439328.0,728346560.0
2015-11-27,5.37,5.38,5.13,5.05,174853216.0,751438848.0
2015-11-26,5.39,5.46,5.39,5.39,123388168.0,551104896.0
2015-11-25,5.33,5.44,5.39,5.31,111249824.0,491261728.0
2015-11-24,5.34,5.38,5.36,5.31,94863552.0,416670208.0
2015-11-23,5.41,5.43,5.37,5.34,107152064.0,475669024.0
2015-11-20,5.46,5.49,5.42,5.38,143867376.0,643412160.0
2015-11-19,5.48,5.5,5.48,5.41,166046976.0,744845376.0
2015-11-18,5.43,5.64,5.46,5.29,278717248.0,1253061376.0
2015-11-17,5.42,5.55,5.43,5.37,267781856.0,1206966016.0
2015-11-16,5.29,5.46,5.38,5.25,175890576.0,780629568.0
2015-11-13,5.34,5.46,5.32,5.31,162872304.0,720853440.0
2015-11-12,5.53,5.55,5.41,5.38,173889840.0,777342976.0
2015-11-11,5.59,5.59,5.51,5.44,247251632.0,1120491008.0
2015-11-10,5.59,5.75,5.61,5.53,528810752.0,2443121152.0
2015-11-09,5.38,5.78,5.77,5.37,831468288.0,3908443136.0
2015-11-06,5.16,5.27,5.26,5.1,259491584.0,1107948544.0
2015-11-05,4.99,5.32,5.2,4.98,417298848.0,1786314624.0
2015-11-04,4.83,5.04,5.03,4.83,166444496.0,679193792.0
2015-11-03,4.91,4.92,4.83,4.81,92675024.0,371970624.0
2015-11-02,4.97,4.99,4.91,4.9,70370144.0,287350016.0
2015-10-30,4.98,5.03,4.99,4.96,82462544.0,338841728.0
2015-10-29,5.0,5.02,4.99,4.98,76190912.0,313279712.0
2015-10-28,5.0,5.07,5.02,4.99,112543568.0,465794880.0
2015-10-27,5.05,5.07,5.03,4.99,95923384.0,396785056.0
2015-10-26,5.09,5.11,5.07,5.05,132731256.0,555899968.0
2015-10-23,5.08,5.09,5.07,5.03,147938736.0,616308480.0
2015-10-22,5.05,5.19,5.1,5.02,218857488.0,915858176.0
2015-10-21,4.96,5.46,5.26,4.92,362892800.0,1506431744.0
2015-10-20,4.96,4.98,4.97,4.92,82127304.0,334340064.0
2015-10-19,4.99,5.02,4.97,4.93,113318928.0,464562336.0
2015-10-16,4.94,5.02,4.98,4.92,150060144.0,613777792.0
2015-10-15,4.85,4.94,4.92,4.85,92942896.0,375205888.0
2015-10-14,4.87,4.92,4.86,4.86,73773288.0,296908864.0
2015-10-13,4.96,4.96,4.91,4.87,97834376.0,395465792.0
2015-10-12,4.83,5.0,4.96,4.81,138730928.0,561462912.0
2015-10-09,4.77,4.83,4.81,4.77,85025408.0,336448704.0
2015-10-08,4.83,4.86,4.79,4.77,79912952.0,316214208.0
2015-09-30,4.7,4.79,4.71,4.68,56607200.0,221075072.0
2015-09-29,4.79,4.85,4.73,4.7,78150696.0,305926624.0
2015-09-28,4.85,4.93,4.87,4.8,104352248.0,417090400.0
2015-09-11,5.07,5.09,5.04,4.97,88145552.0,365903488.0
2015-09-10,5.0,5.11,5.09,4.99,142684320.0,595473856.0
2015-09-09,4.99,5.09,5.05,4.97,160766496.0,666866304.0
2015-09-08,4.85,5.17,5.04,4.81,204081648.0,843289088.0
2015-09-07,5.16,5.21,4.9,4.86,270674560.0,1127516416.0
2015-09-02,5.0,5.38,5.32,4.96,797648448.0,3431286784.0
2015-09-01,4.9,5.38,5.21,4.8,650298560.0,2738933760.0
2015-08-31,4.64,5.13,5.12,4.47,472670752.0,1840134016.0
2015-08-28,4.65,4.69,4.67,4.52,391469280.0,1489503616.0
2015-08-27,4.34,4.62,4.6,4.2,392916192.0,1414470272.0
2015-08-26,4.13,4.41,4.23,4.06,423200864.0,1471841920.0
2015-08-25,4.31,4.54,4.06,4.04,407408352.0,1434886144.0
2015-08-24,4.85,4.88,4.5,4.46,436024736.0,1649208960.0
2015-08-21,5.0,5.1,4.96,4.92,205756496.0,849604608.0
2015-08-20,5.2,5.27,5.1,5.08,200516784.0,856049600.0
2015-08-19,5.12,5.2,5.15,4.94,269779072.0,1127565824.0
2015-08-18,5.43,5.5,5.15,5.14,285165824.0,1258171776.0
2015-08-17,5.49,5.5,5.43,5.39,227855728.0,1017629632.0
2015-08-14,5.55,5.56,5.51,5.49,172986128.0,785774720.0
2015-08-13,5.54,5.6,5.54,5.47,170153360.0,773856960.0
2015-08-12,5.56,5.59,5.5,5.5,167329632.0,763892672.0
2015-08-11,5.65,5.68,5.61,5.59,194897136.0,902902144.0
2015-08-10,5.54,5.71,5.69,5.48,255964912.0,1181686016.0
2015-08-07,5.53,5.58,5.53,5.48,132147688.0,602346176.0
2015-08-06,5.47,5.56,5.48,5.44,104527976.0,474031040.0
2015-08-05,5.65,5.65,5.53,5.51,141558640.0,651517248.0
2015-08-04,5.61,5.66,5.65,5.5,172282656.0,793478016.0
2015-08-03,5.48,5.65,5.62,5.41,255111568.0,1160382336.0
2015-07-31,5.53,5.56,5.51,5.44,228892288.0,1034609536.0
2015-07-30,5.72,5.76,5.56,5.55,239685872.0,1116472192.0
2015-07-29,5.71,5.75,5.71,5.59,278591104.0,1294242560.0
2015-07-28,5.53,5.88,5.7,5.53,455416160.0,2136368256.0
2015-07-27,6.2,6.26,5.65,5.64,471005728.0,2329380608.0
2015-07-24,6.34,6.38,6.27,6.24,312651968.0,1627325952.0
2015-07-23,6.23,6.35,6.32,6.23,294767328.0,1530798976.0
2015-07-22,6.32,6.37,6.26,6.24,319212672.0,1652830976.0
2015-07-21,6.38,6.49,6.37,6.34,299698560.0,1576725632.0
2015-07-20,6.51,6.52,6.43,6.4,341044352.0,1808935936.0
2015-07-17,6.54,6.56,6.54,6.39,415598048.0,2216121088.0
2015-07-16,6.71,6.74,6.52,6.46,415323328.0,2248503296.0
2015-07-15,6.5,6.77,6.71,6.43,656331328.0,3560254720.0
2015-07-14,6.6,6.68,6.52,6.32,648801792.0,3457816576.0
2015-07-13,6.8,6.92,6.72,6.67,788316224.0,4393407488.0
2015-07-10,6.75,7.41,7.03,6.58,1227686144.0,7204992512.0
2015-07-09,6.66,7.18,6.94,6.26,1097003904.0,6125029888.0
2015-07-08,6.54,7.14,6.66,6.23,1722092928.0,9517048832.0
2015-07-07,6.26,6.95,6.92,6.17,1673943680.0,9153559552.0
2015-07-06,6.3,6.37,6.33,6.09,1143464960.0,5854685696.0
2015-07-03,6.22,6.3,5.81,5.69,761570624.0,3758563328.0
2015-07-02,6.33,6.43,6.22,5.96,797975488.0,4090835712.0
2015-07-01,6.44,6.6,6.26,6.23,722392384.0,3812503552.0
2015-06-30,6.13,6.6,6.51,6.07,968001024.0,5051632640.0
2015-06-29,6.3,6.38,6.13,5.7,855951680.0,4330543104.0
2015-06-26,6.38,6.66,6.13,5.9,801656640.0,4155301120.0
2015-06-25,6.99,6.99,6.55,6.52,787577600.0,4408046592.0
2015-06-24,6.6,6.79,6.77,6.47,652698944.0,3548130048.0
2015-06-23,6.44,6.63,6.6,6.23,574722816.0,3062900736.0
2015-06-19,6.82,6.94,6.45,6.37,598684288.0,3311342336.0
2015-06-18,7.18,7.2,6.8,6.75,797615104.0,4609259520.0
2015-06-17,7.33,7.43,7.31,7.19,921973952.0,5565755392.0
2015-06-16,7.24,7.43,7.22,7.16,725755712.0,4365666304.0
2015-06-15,7.56,7.57,7.29,7.26,904016896.0,5511062528.0
2015-06-12,7.28,7.62,7.56,7.14,979789632.0,5900472832.0
2015-06-11,7.33,7.39,7.23,7.16,617441856.0,3677023744.0
2015-06-10,7.43,7.52,7.35,7.33,917542272.0,5581552640.0
2015-06-09,7.75,7.9,7.59,7.43,1291104768.0,8127568384.0
2015-06-08,7.24,7.84,7.75,7.16,1800115328.0,11165820928.0
2015-06-05,7.56,7.63,7.2,7.06,1599579904.0,9552553984.0
2015-06-04,6.83,7.47,7.41,6.72,1904745984.0,11200745472.0
2015-06-03,6.73,6.8,6.79,6.54,1208459136.0,6662374912.0
2015-06-02,6.41,6.77,6.75,6.31,1423478656.0,7972998656.0
2015-06-01,6.09,6.44,6.43,6.01,721471808.0,3847525632.0
2015-05-29,6.07,6.18,6.08,5.95,555274176.0,2872769792.0
2015-05-28,6.44,6.5,6.07,6.0,750861504.0,4045107968.0
2015-05-27,6.51,6.57,6.46,6.41,620136960.0,3412641536.0
2015-05-26,6.53,6.54,6.53,6.38,764822464.0,4199991808.0
2015-05-25,6.46,6.53,6.5,6.38,792658112.0,4358256640.0
2015-05-22,6.17,6.42,6.36,6.14,748336576.0,4002078976.0
2015-05-21,6.14,6.17,6.14,6.07,361782400.0,1883492992.0
2015-05-20,6.15,6.25,6.11,6.07,547944384.0,2870238208.0
2015-05-19,5.91,6.22,6.15,5.91,483126752.0,2505723648.0
2015-05-18,6.0,6.07,5.96,5.94,327775328.0,1667886080.0
2015-05-15,6.27,6.3,6.07,6.02,446420256.0,2334078976.0
2015-05-14,6.29,6.34,6.22,6.2,449292000.0,2392576256.0
2015-05-13,6.43,6.47,6.24,6.2,581559872.0,3132210944.0
2015-05-12,6.35,6.46,6.37,6.27,796763072.0,4319926272.0
2015-05-11,6.03,6.46,6.37,5.91,834944512.0,4380930560.0
2015-05-08,6.02,6.09,6.03,5.89,389106176.0,1989211904.0
2015-05-07,6.08,6.17,5.97,5.95,412814112.0,2119665920.0
2015-05-06,6.2,6.31,6.08,6.01,561467072.0,2957980928.0
2015-05-05,6.41,6.43,6.14,6.01,797506304.0,4228236288.0
2015-05-04,6.51,6.54,6.46,6.34,570995392.0,3122557184.0
2015-04-30,6.68,6.75,6.53,6.5,632871232.0,3544369920.0
2015-04-29,6.56,6.81,6.67,6.54,856647040.0,4852688384.0
2015-04-28,6.38,6.98,6.77,6.37,1952947712.0,11196266496.0
2015-04-27,6.14,6.35,6.35,6.14,748863296.0,3988476160.0
2015-04-24,6.21,6.25,6.13,6.05,777704256.0,4067746560.0
2015-04-23,6.44,6.48,6.34,6.27,713349184.0,3871065344.0
2015-04-22,6.38,6.44,6.44,6.33,796463360.0,4328044032.0
2015-04-21,6.25,6.38,6.36,6.22,650617344.0,3487672064.0
2015-04-20,6.69,6.69,6.3,6.23,1177751552.0,6493363200.0
2015-04-17,6.69,6.75,6.6,6.55,845840384.0,4774417920.0
2015-04-16,6.33,6.58,6.57,6.28,843999040.0,4645383680.0
2015-04-15,6.38,6.57,6.41,6.31,874713280.0,4825820672.0
2015-04-14,6.4,6.53,6.41,6.24,778103232.0,4218887936.0
2015-04-13,6.43,6.51,6.41,6.28,973756672.0,5301711872.0
2015-04-10,6.02,6.31,6.28,5.98,1026017600.0,5394876416.0
2015-04-09,6.18,6.36,6.05,6.02,1139642752.0,5963398144.0
2015-04-08,5.98,6.24,6.17,5.95,1353130112.0,7030077952.0
2015-04-07,5.79,6.0,5.94,5.7,1239165696.0,6158789632.0
2015-04-03,5.6,5.71,5.68,5.56,584446720.0,2812883456.0
2015-04-02,5.7,5.79,5.66,5.56,628863168.0,3023583488.0
2015-04-01,5.56,5.82,5.68,5.49,764892160.0,3686584064.0
2015-03-31,5.82,5.9,5.56,5.55,1012160192.0,4942957056.0
2015-03-30,5.64,5.79,5.71,5.49,1236852864.0,5954427392.0
2015-03-27,5.34,5.58,5.44,5.25,765782592.0,3553378560.0
2015-03-26,5.28,5.42,5.34,5.2,481678112.0,2183268608.0
2015-03-25,5.48,5.5,5.33,5.27,681572672.0,3108928000.0
2015-03-24,5.57,5.67,5.5,5.46,811452032.0,3809886976.0
2015-03-23,5.6,5.68,5.58,5.54,713914432.0,3404118528.0
2015-03-20,5.5,5.69,5.55,5.41,926002560.0,4364316160.0
2015-03-19,5.6,5.61,5.53,5.47,913925376.0,4294823936.0
2015-03-18,5.25,5.7,5.69,5.22,1477495296.0,6869717504.0
2015-03-17,5.3,5.4,5.2,5.11,1060597632.0,4700220416.0
2015-03-16,4.97,5.01,4.99,4.9,480245472.0,2029502464.0
2015-03-13,4.93,5.06,4.94,4.89,579022848.0,2449672704.0
2015-03-12,4.82,5.03,4.93,4.77,846851008.0,3532594176.0
2015-03-11,4.73,4.82,4.74,4.71,278088512.0,1127185024.0
2015-03-10,4.77,4.79,4.71,4.69,355677728.0,1431132416.0
2015-03-09,4.61,4.88,4.82,4.54,657312832.0,2647640832.0
2015-03-06,4.56,4.62,4.57,4.54,191596928.0,747122240.0
2015-03-05,4.64,4.66,4.56,4.53,318441696.0,1238778240.0
2015-03-04,4.7,4.71,4.67,4.64,228500784.0,908229696.0
2015-03-03,4.82,4.83,4.69,4.68,371396544.0,1497622528.0
2015-03-02,4.84,4.87,4.86,4.8,356823744.0,1464203392.0
2015-02-27,4.87,4.89,4.83,4.8,262467776.0,1081607808.0
2015-02-26,4.75,4.88,4.87,4.7,320778432.0,1310528384.0
2015-02-25,4.81,4.82,4.75,4.73,185181712.0,751306752.0
2015-02-17,4.81,4.87,4.81,4.8,163670912.0,672067520.0
2015-02-16,4.82,4.82,4.8,4.77,193391376.0,788531328.0
2015-02-13,4.82,4.92,4.83,4.8,304667104.0,1257178496.0
2015-02-12,4.83,4.86,4.82,4.75,162130720.0,661186752.0
2015-02-11,4.84,4.86,4.82,4.77,198021824.0,809165184.0
2015-02-10,4.68,4.89,4.84,4.64,363269088.0,1481766784.0
2015-02-09,4.64,4.74,4.67,4.55,262571664.0,1037469632.0
2015-02-06,4.7,4.77,4.64,4.57,303198464.0,1210351232.0
2015-02-05,5.0,5.02,4.74,4.74,508076000.0,2115313024.0
2015-02-04,4.87,4.92,4.76,4.75,275014048.0,1131327104.0
2015-02-03,4.76,4.87,4.86,4.7,328221760.0,1334486528.0
2015-02-02,4.8,4.81,4.7,4.69,353465312.0,1427367424.0
2015-01-30,4.95,4.99,4.9,4.87,258056496.0,1081725952.0
2015-01-29,4.94,4.96,4.92,4.86,356719360.0,1489314176.0
2015-01-28,5.01,5.11,5.01,4.95,352135328.0,1503472896.0
2015-01-27,5.17,5.2,5.06,4.96,446968384.0,1921217408.0
2015-01-26,5.22,5.22,5.16,5.09,352499232.0,1540968448.0
2015-01-23,5.23,5.34,5.22,5.18,542072512.0,2425639424.0
2015-01-22,5.27,5.27,5.22,5.15,475151232.0,2107715456.0
2015-01-21,5.07,5.33,5.29,4.99,711455424.0,3127699200.0
2015-01-20,5.02,5.16,5.03,4.92,715350144.0,3066006272.0
2015-01-19,5.27,5.36,5.13,5.13,748381824.0,3326626048.0
2015-01-16,5.71,5.79,5.69,5.58,771858368.0,3744094208.0
2015-01-15,5.47,5.66,5.64,5.38,573354240.0,2697656576.0
2015-01-14,5.41,5.56,5.46,5.38,464596896.0,2162181888.0
2015-01-13,5.3,5.44,5.36,5.3,317244672.0,1447894016.0
2015-01-12,5.36,5.47,5.31,5.27,478261824.0,2178732032.0
2015-01-09,5.31,5.7,5.41,5.27,808903424.0,3779071744.0
2015-01-08,5.58,5.63,5.35,5.31,562565952.0,2600012288.0
2015-01-07,5.58,5.7,5.6,5.5,633742272.0,3009661184.0
2015-01-06,5.68,5.94,5.68,5.64,917545088.0,4483556352.0
2015-01-05,5.79,6.0,5.79,5.7,1153340416.0,5716280320.0
2014-12-31,5.62,5.83,5.74,5.48,1212742656.0,5856748544.0
2014-12-30,5.31,5.75,5.69,5.24,1479431552.0,6942062592.0
2014-12-29,5.49,5.6,5.28,5.15,1290297344.0,5956511744.0
2014-12-26,5.0,5.35,5.29,4.97,1161351808.0,5120089088.0
2014-12-25,4.82,5.02,4.97,4.76,704721280.0,2940226560.0
2014-12-24,5.01,5.07,4.75,4.67,743404096.0,3055182336.0
2014-12-23,5.22,5.31,4.99,4.94,823888000.0,3605604864.0
2014-12-22,5.13,5.51,5.33,5.07,1572329088.0,7127351296.0
2014-12-19,4.99,5.22,5.11,4.88,909291904.0,3928742656.0
2014-12-18,5.23,5.23,4.97,4.92,850964800.0,3654752768.0
2014-12-17,4.88,5.27,5.15,4.8,1593458432.0,6790768128.0
2014-12-16,4.5,4.83,4.82,4.48,841574016.0,3328970752.0
2014-12-15,4.53,4.54,4.51,4.4,514061824.0,1951344128.0
2014-12-12,4.66,4.74,4.6,4.55,576045696.0,2273708032.0
2014-12-11,4.68,4.83,4.66,4.61,795220864.0,3188417536.0
2014-12-10,4.74,4.88,4.81,4.37,1147752448.0,4538194432.0
2014-12-09,5.04,5.47,4.7,4.49,1673458048.0,7309108224.0
2014-12-08,4.83,5.1,4.99,4.7,1306499328.0,5450406400.0
2014-12-05,5.01,5.31,4.97,4.8,1500647424.0,6420197376.0
2014-12-04,4.7,5.0,4.99,4.58,1327723648.0,5402773504.0
2014-12-03,4.89,5.03,4.7,4.64,1401740288.0,5789149696.0
2014-12-02,4.54,5.04,4.94,4.43,1304267520.0,5200087552.0
2014-12-01,4.64,4.92,4.6,4.49,1511237120.0,6018227712.0
2014-11-28,4.13,4.47,4.47,4.03,1455532032.0,5341157376.0
2014-11-27,3.79,4.12,4.06,3.79,1230706560.0,4137758720.0
2014-11-26,3.53,3.87,3.76,3.52,806361344.0,2544822016.0
2014-11-25,3.46,3.52,3.52,3.41,298391616.0,878253184.0
2014-11-24,3.39,3.52,3.46,3.29,456785824.0,1336856704.0
2014-11-21,3.39,3.47,3.44,3.35,229378688.0,666043584.0
2014-11-20,3.36,3.41,3.39,3.36,145489392.0,418374720.0
2014-11-19,3.4,3.41,3.39,3.35,183054864.0,525655456.0
2014-11-18,3.52,3.52,3.41,3.37,290713440.0,846617152.0
2014-11-17,3.67,3.68,3.5,3.49,236918448.0,715986432.0
2014-11-14,3.6,3.61,3.56,3.52,214610144.0,648153664.0
2014-11-13,3.65,3.71,3.6,3.56,332133664.0,1028712704.0
2014-11-12,3.59,3.63,3.63,3.54,259348064.0,791710912.0
2014-11-11,3.53,3.76,3.62,3.53,967164032.0,2999122432.0
2014-11-10,3.43,3.53,3.49,3.43,392941088.0,1160207360.0
2014-11-07,3.37,3.5,3.4,3.35,365919008.0,1065801216.0
2014-11-06,3.39,3.41,3.37,3.35,155174784.0,445221568.0
2014-11-05,3.42,3.43,3.37,3.34,277295904.0,795644160.0
2014-11-04,3.43,3.46,3.42,3.4,250215392.0,729100736.0
2014-11-03,3.52,3.53,3.44,3.41,388155296.0,1139611904.0
2014-10-31,3.3,3.54,3.5,3.29,793932608.0,2305152256.0
2014-10-30,3.16,3.3,3.3,3.14,395671584.0,1087872384.0
2014-10-29,3.13,3.17,3.16,3.1,150854160.0,402431648.0
2014-10-28,3.08,3.13,3.12,3.08,88497768.0,233316032.0
2014-10-27,3.12,3.13,3.08,3.07,86975384.0,228547312.0
2014-10-24,3.14,3.14,3.12,3.12,66828168.0,177738912.0
2014-10-23,3.16,3.19,3.13,3.12,119900520.0,321357440.0
2014-10-22,3.16,3.19,3.16,3.15,85584688.0,230787968.0
2014-10-21,3.19,3.2,3.16,3.15,65835480.0,177634976.0
2014-10-20,3.19,3.21,3.19,3.16,102419832.0,277488032.0
2014-10-17,3.19,3.2,3.17,3.15,155063072.0,418363552.0
2014-10-16,3.17,3.27,3.21,3.16,254522016.0,696552704.0
2014-10-15,3.19,3.22,3.2,3.15,147855232.0,400350528.0
2014-10-14,3.21,3.22,3.19,3.17,120923512.0,328691616.0
2014-10-13,3.23,3.25,3.22,3.19,101589440.0,277250752.0
2014-10-10,3.25,3.26,3.23,3.22,116107488.0,320145440.0
2014-10-09,3.26,3.28,3.26,3.25,87555704.0,243025360.0
2014-10-08,3.26,3.27,3.27,3.23,97706480.0,270189472.0
2014-09-30,3.26,3.27,3.26,3.25,86326080.0,239019792.0
2014-09-29,3.25,3.27,3.27,3.25,119584528.0,330949984.0
2014-09-26,3.23,3.26,3.25,3.22,64198604.0,176894128.0
2014-09-25,3.26,3.28,3.25,3.23,122566976.0,339477440.0
2014-09-24,3.19,3.27,3.26,3.19,149729744.0,411991168.0
2014-09-23,3.16,3.21,3.21,3.15,91271736.0,247191808.0
2014-09-22,3.26,3.26,3.16,3.14,162755120.0,442563456.0
2014-09-19,3.25,3.28,3.27,3.22,150017504.0,414960064.0
2014-09-18,3.21,3.33,3.26,3.2,222187184.0,614993856.0
2014-09-17,3.23,3.23,3.22,3.19,165339648.0,451975424.0
2014-09-16,3.2,3.34,3.23,3.17,307528160.0,851143168.0
2014-09-15,3.22,3.22,3.19,3.17,94742352.0,257554016.0
2014-09-12,3.19,3.22,3.22,3.19,75103296.0,204511568.0
2014-09-11,3.19,3.23,3.2,3.19,94560744.0,257790288.0
2014-09-10,3.2,3.21,3.2,3.17,96417696.0,261731936.0
2014-09-09,3.23,3.23,3.21,3.19,110235872.0,300735904.0
2014-09-05,3.22,3.25,3.23,3.21,125869808.0,345617856.0
2014-09-04,3.2,3.22,3.21,3.16,106019936.0,287943680.0
2014-09-03,3.16,3.21,3.19,3.16,110497360.0,299902976.0
2014-09-02,3.13,3.17,3.15,3.1,121363544.0,323335072.0
2014-09-01,3.13,3.14,3.12,3.1,106063216.0,281656384.0
2014-08-29,3.1,3.14,3.14,3.09,47752540.0,126590624.0
2014-08-28,3.13,3.14,3.08,3.08,81728192.0,216859680.0
2014-08-27,3.15,3.16,3.14,3.13,60494736.0,161722816.0
2014-08-26,3.14,3.16,3.15,3.13,70701064.0,189272432.0
2014-08-25,3.16,3.17,3.15,3.14,74737576.0,200272512.0
2014-08-22,3.14,3.17,3.16,3.13,67958640.0,182594560.0
2014-08-21,3.17,3.19,3.14,3.12,108987480.0,291575232.0
2014-08-20,3.19,3.19,3.17,3.15,112490096.0,303464704.0
2014-08-19,3.2,3.21,3.19,3.17,80814936.0,219051632.0
2014-08-18,3.2,3.22,3.2,3.19,63694528.0,173452544.0
2014-08-15,3.19,3.22,3.2,3.16,76946784.0,209085120.0
2014-08-14,3.21,3.22,3.19,3.19,79112072.0,215530720.0
2014-08-13,3.22,3.25,3.22,3.2,93536600.0,255738768.0
2014-08-12,3.25,3.25,3.22,3.2,108891656.0,297987456.0
2014-08-11,3.2,3.26,3.25,3.2,117513216.0,323794112.0
2014-08-08,3.16,3.22,3.2,3.15,116765544.0,316634848.0
2014-08-07,3.22,3.23,3.16,3.16,136971040.0,372389248.0
2014-08-06,3.23,3.23,3.22,3.15,169205616.0,460752864.0
2014-08-05,3.23,3.27,3.25,3.21,211714448.0,583160512.0
2014-08-04,3.29,3.34,3.27,3.22,529921824.0,1478527744.0
2014-08-01,3.07,3.26,3.13,3.06,457601856.0,1233234816.0
2014-07-31,3.04,3.08,3.08,3.03,154107296.0,401080480.0
2014-07-30,3.08,3.13,3.04,3.04,218867952.0,573039104.0
2014-07-29,3.06,3.12,3.09,3.03,225198592.0,589915328.0
2014-07-28,2.94,3.09,3.06,2.94,347651904.0,898446336.0
2014-07-25,2.9,2.94,2.93,2.9,116360208.0,288732640.0
2014-07-24,2.85,2.92,2.9,2.85,189680256.0,465857344.0
2014-07-23,2.83,2.86,2.85,2.82,109969104.0,265908080.0
2014-07-22,2.82,2.85,2.83,2.81,96505232.0,232468784.0
2014-07-21,2.82,2.83,2.83,2.81,63888040.0,153246192.0
2014-07-18,2.81,2.83,2.81,2.81,80460936.0,192873248.0
2014-07-17,2.82,2.83,2.81,2.81,87970520.0,210858432.0
2014-07-16,2.8,2.81,2.81,2.79,116722144.0,297994752.0
2014-07-15,2.79,2.81,2.81,2.77,94438304.0,240372688.0
2014-07-14,2.79,2.8,2.8,2.76,96023464.0,243345200.0
2014-07-11,2.79,2.81,2.77,2.77,78875416.0,200711072.0
2014-07-10,2.79,2.8,2.79,2.77,56206448.0,142818928.0
2014-07-09,2.81,2.82,2.77,2.77,109096872.0,277859680.0
2014-07-08,2.81,2.82,2.81,2.8,55503744.0,142053568.0
2014-07-07,2.81,2.82,2.81,2.8,41943132.0,107462048.0
2014-07-04,2.8,2.82,2.81,2.79,71162568.0,182087008.0
2014-07-03,2.79,2.81,2.8,2.77,59379868.0,151315200.0
2014-07-02,2.8,2.8,2.79,2.77,48572728.0,123418064.0
2014-07-01,2.8,2.81,2.8,2.77,42025224.0,106822304.0
2014-06-30,2.77,2.81,2.79,2.76,61955344.0,157649408.0
2014-06-27,2.76,2.79,2.77,2.76,58801000.0,148467872.0
2014-06-26,2.77,2.79,2.77,2.76,56357796.0,142634272.0
2014-06-25,2.77,2.77,2.76,2.75,59025168.0,148541376.0
2014-06-24,2.75,2.79,2.77,2.75,46863508.0,118369544.0
2014-06-23,2.75,2.77,2.75,2.74,53618884.0,134920656.0
2014-06-20,2.72,2.76,2.74,2.72,63093380.0,157739488.0
2014-06-19,2.73,2.75,2.72,2.72,95646000.0,238969984.0
2014-06-18,2.8,2.8,2.74,2.72,184349824.0,463660992.0
2014-06-17,2.81,2.82,2.8,2.79,71747464.0,183207088.0
2014-06-16,2.77,2.83,2.83,2.76,137573456.0,351355680.0
2014-06-13,2.73,2.79,2.79,2.73,115193680.0,290583456.0
2014-06-12,2.73,2.74,2.74,2.72,57977100.0,144601408.0
2014-06-11,2.74,2.74,2.73,2.72,74072504.0,184436208.0
2014-06-10,2.72,2.74,2.74,2.71,81835616.0,203484256.0
2014-06-09,2.71,2.74,2.72,2.7,68963328.0,171290144.0
2014-06-06,2.72,2.73,2.71,2.7,48277472.0,119532032.0
2014-06-05,2.7,2.73,2.72,2.7,60735756.0,150298208.0
2014-06-04,2.72,2.73,2.7,2.69,96101720.0,236738768.0
2014-06-03,2.72,2.73,2.72,2.71,56900104.0,141206496.0
2014-05-30,2.72,2.72,2.71,2.71,38768512.0,95892800.0
2014-05-29,2.73,2.74,2.71,2.71,52521224.0,130559616.0
2014-05-28,2.72,2.73,2.73,2.7,59166408.0,146609072.0
2014-05-27,2.72,2.73,2.72,2.71,55800360.0,138394160.0
2014-05-26,2.73,2.73,2.72,2.71,35678416.0,88565328.0
2014-05-23,2.71,2.72,2.72,2.7,41784048.0,103309072.0
2014-05-22,2.7,2.73,2.71,2.69,70755792.0,175062880.0
2014-05-21,2.68,2.71,2.71,2.67,68551928.0,168196912.0
2014-05-20,2.69,2.7,2.69,2.68,75318488.0,184408960.0
2014-05-19,2.7,2.71,2.68,2.67,53271624.0,130299696.0
2014-05-16,2.7,2.72,2.71,2.7,42572160.0,105036312.0
2014-05-15,2.71,2.72,2.71,2.7,46649336.0,115214920.0
2014-05-14,2.7,2.72,2.7,2.69,47178240.0,116385552.0
2014-05-13,2.7,2.71,2.7,2.69,41338704.0,101726192.0
2014-05-12,2.68,2.72,2.7,2.67,71108448.0,174762544.0
2014-05-09,2.68,2.68,2.67,2.65,33928264.0,82510776.0
2014-05-08,2.65,2.7,2.67,2.65,54382976.0,132611160.0
2014-05-07,2.68,2.68,2.67,2.65,47020760.0,114206520.0
2014-05-06,2.67,2.69,2.67,2.65,58610968.0,142662000.0
2014-05-05,2.69,2.7,2.67,2.65,70840392.0,172295520.0
2014-04-30,2.68,2.71,2.7,2.67,78853624.0,192765664.0
2014-04-29,2.69,2.69,2.69,2.63,135447936.0,329233600.0
2014-04-28,2.72,2.74,2.71,2.7,82362208.0,203892064.0
2014-04-25,2.71,2.76,2.72,2.7,92108416.0,229820688.0
2014-04-24,2.71,2.73,2.71,2.69,64383852.0,159158384.0
2014-04-23,2.71,2.73,2.71,2.7,66328048.0,163963216.0
2014-04-22,2.71,2.73,2.72,2.69,76413008.0,188789936.0
2014-04-21,2.74,2.76,2.71,2.71,51663120.0,129161536.0
2014-04-18,2.75,2.76,2.75,2.73,57778824.0,144620448.0
2014-04-17,2.79,2.79,2.75,2.75,42746048.0,107784240.0
2014-04-16,2.76,2.8,2.77,2.75,50215920.0,127071656.0
2014-04-15,2.82,2.82,2.77,2.75,87496776.0,221882208.0
2014-04-14,2.83,2.84,2.83,2.81,84139352.0,216511216.0
2014-04-11,2.82,2.85,2.84,2.81,120092272.0,310088352.0
2014-04-10,2.8,2.85,2.82,2.79,141896432.0,363873984.0
2014-04-09,2.79,2.81,2.8,2.77,122276464.0,311751200.0
2014-04-08,2.72,2.82,2.8,2.72,237621712.0,600734400.0
2014-04-04,2.7,2.73,2.73,2.69,53723944.0,132778592.0
2014-04-03,2.76,2.76,2.7,2.7,130660728.0,324645824.0
2014-04-02,2.72,2.77,2.75,2.72,117267472.0,293089504.0
2014-04-01,2.72,2.73,2.72,2.7,75617672.0,187307408.0
2014-03-31,2.72,2.74,2.72,2.7,107795568.0,266918816.0
2014-03-28,2.7,2.74,2.72,2.69,149707696.0,371119776.0
2014-03-27,2.69,2.74,2.69,2.67,116702872.0,287181568.0
2014-03-26,2.69,2.7,2.69,2.68,64013192.0,156783712.0
2014-03-25,2.7,2.71,2.68,2.67,126404304.0,310061856.0
2014-03-24,2.67,2.75,2.71,2.64,298661728.0,733997312.0
2014-03-21,2.57,2.67,2.65,2.56,222523488.0,532744544.0
2014-03-20,2.59,2.61,2.57,2.57,81729480.0,193080128.0
2014-03-19,2.59,2.6,2.59,2.57,65897880.0,155210240.0
2014-03-18,2.61,2.62,2.6,2.59,60005196.0,142317232.0
2014-03-17,2.61,2.61,2.61,2.59,76315960.0,180935328.0
2014-03-14,2.61,2.62,2.61,2.58,125530864.0,297202912.0
2014-03-13,2.61,2.69,2.63,2.6,206366128.0,496023936.0
2014-03-12,2.58,2.62,2.6,2.57,122051608.0,288207552.0
2014-03-11,2.6,2.61,2.59,2.58,91873712.0,216898096.0
2014-03-10,2.64,2.64,2.6,2.59,146112368.0,348178208.0
2014-03-07,2.65,2.68,2.65,2.64,171197568.0,414683904.0
2014-03-06,2.65,2.7,2.65,2.61,261784192.0,632690240.0
2014-03-05,2.68,2.68,2.67,2.65,71260072.0,173052128.0
2014-03-04,2.67,2.69,2.68,2.64,94836520.0,230224512.0
2014-03-03,2.69,2.7,2.68,2.67,95561376.0,233250288.0
2014-02-28,2.69,2.7,2.69,2.65,103273496.0,252070432.0
2014-02-27,2.67,2.73,2.7,2.65,174791216.0,427982368.0
2014-02-26,2.67,2.69,2.67,2.64,138293600.0,335551936.0
2014-02-25,2.72,2.73,2.67,2.67,141937968.0,349729440.0
2014-02-24,2.74,2.75,2.72,2.7,118942032.0,294877024.0
2014-02-21,2.79,2.79,2.76,2.74,107491448.0,270993696.0
2014-02-20,2.82,2.85,2.79,2.77,213081232.0,546945600.0
2014-02-19,2.74,2.84,2.82,2.74,285692032.0,726371840.0
2014-02-18,2.8,2.8,2.74,2.74,137408096.0,346081696.0
2014-02-17,2.82,2.82,2.8,2.77,143873472.0,366206784.0
2014-02-14,2.82,2.83,2.81,2.79,190714448.0,486867360.0
2014-02-13,2.8,2.9,2.83,2.76,405869568.0,1045317952.0
2014-02-12,2.82,2.85,2.81,2.8,173063120.0,444195808.0
2014-02-11,2.75,2.84,2.83,2.74,182221792.0,467220384.0
2014-02-10,2.73,2.76,2.75,2.72,73820544.0,185093696.0
2014-02-07,2.72,2.73,2.72,2.71,41694436.0,103281264.0
2014-01-30,2.75,2.76,2.73,2.72,49018688.0,122253824.0
2014-01-29,2.75,2.77,2.76,2.73,83474088.0,209446864.0
2014-01-28,2.72,2.75,2.74,2.71,66163860.0,165125632.0
2014-01-27,2.72,2.73,2.71,2.7,71931968.0,177795344.0
2014-01-24,2.72,2.74,2.73,2.7,83847232.0,208263904.0
2014-01-23,2.75,2.76,2.72,2.72,72164456.0,179768192.0
2014-01-22,2.72,2.77,2.75,2.72,131314168.0,329236832.0
2014-01-21,2.72,2.74,2.73,2.71,40832248.0,101579536.0
2014-01-20,2.74,2.74,2.71,2.7,49656952.0,123267808.0
2014-01-17,2.77,2.79,2.74,2.73,71655704.0,179374336.0
2014-01-16,2.79,2.8,2.77,2.77,45603256.0,115695936.0
2014-01-15,2.81,2.81,2.79,2.77,38984092.0,98999776.0
2014-01-14,2.8,2.82,2.81,2.79,41915448.0,107045120.0
2014-01-13,2.8,2.81,2.8,2.77,52948420.0,134849280.0
2014-01-10,2.79,2.81,2.77,2.77,65307600.0,166243008.0
2014-01-09,2.81,2.83,2.8,2.79,60436004.0,154835248.0
2014-01-08,2.82,2.84,2.82,2.8,61620024.0,158356064.0
2014-01-07,2.81,2.83,2.82,2.8,50939400.0,130391240.0
2014-01-06,2.86,2.87,2.82,2.79,96237288.0,246791088.0
2014-01-03,2.88,2.9,2.86,2.85,59661592.0,155746896.0
2014-01-02,2.91,2.92,2.9,2.88,42926052.0,113359584.0
2013-12-31,2.87,2.95,2.92,2.87,59592932.0,158389712.0
2013-12-30,2.91,2.92,2.88,2.87,55553928.0,146379856.0
2013-12-27,2.86,2.92,2.9,2.85,58394940.0,153951104.0
2013-12-26,2.92,2.93,2.86,2.85,67690040.0,177786304.0
2013-12-25,2.94,2.94,2.92,2.91,47302872.0,125887752.0
2013-12-24,2.96,2.97,2.93,2.92,54993496.0,147606096.0
2013-12-23,2.95,2.97,2.95,2.93,45773380.0,123181184.0
2013-12-20,3.05,3.06,2.93,2.88,95292040.0,259596720.0
2013-12-19,3.08,3.09,3.05,3.04,50920692.0,142298576.0
2013-12-18,3.07,3.09,3.07,3.06,39334856.0,110226488.0
2013-12-17,3.09,3.09,3.07,3.06,47142380.0,132318112.0
2013-12-16,3.1,3.12,3.08,3.07,59927400.0,168982576.0
2013-12-13,3.09,3.12,3.09,3.08,62849512.0,177404576.0
2013-12-12,3.12,3.13,3.1,3.1,48831064.0,138670064.0
2013-12-11,3.16,3.17,3.12,3.12,73261600.0,209386864.0
2013-12-10,3.16,3.17,3.17,3.15,73849448.0,212696624.0
2013-12-09,3.16,3.17,3.15,3.14,54972824.0,158152416.0
2013-12-06,3.16,3.17,3.16,3.15,65048824.0,187205184.0
2013-12-05,3.17,3.18,3.16,3.14,107811352.0,310119584.0
2013-12-04,3.13,3.18,3.16,3.13,175393216.0,505115552.0
2013-12-03,3.14,3.15,3.14,3.12,100248432.0,286135904.0
2013-12-02,3.13,3.18,3.14,3.12,216185984.0,619629312.0
2013-11-29,3.14,3.14,3.13,3.12,53396228.0,152243712.0
2013-11-28,3.12,3.16,3.13,3.1,114144696.0,326084256.0
2013-11-27,3.1,3.13,3.12,3.09,65094576.0,184633632.0
2013-11-26,3.1,3.12,3.1,3.09,40477092.0,114440680.0
2013-11-25,3.12,3.13,3.1,3.1,56699200.0,161179360.0
2013-11-22,3.14,3.15,3.12,3.1,66271448.0,188996000.0
2013-11-21,3.13,3.14,3.13,3.1,79512128.0,226260784.0
2013-11-20,3.15,3.16,3.15,3.13,60111948.0,171882304.0
2013-11-19,3.16,3.16,3.14,3.13,101198864.0,289250688.0
2013-11-18,3.1,3.17,3.16,3.09,152738624.0,435789408.0
2013-11-15,3.07,3.13,3.09,3.06,63341052.0,179028320.0
2013-11-14,3.08,3.09,3.06,3.06,48252472.0,135070528.0
2013-11-13,3.12,3.13,3.08,3.06,66596432.0,187599696.0
2013-11-12,3.13,3.14,3.14,3.12,47332164.0,134966448.0
2013-11-11,3.1,3.14,3.12,3.09,45453672.0,129037328.0
2013-11-08,3.13,3.14,3.12,3.1,32760132.0,93129352.0
2013-11-07,3.13,3.14,3.13,3.1,47902620.0,136128288.0
2013-11-06,3.14,3.15,3.12,3.12,50858672.0,145291360.0
2013-11-05,3.14,3.16,3.16,3.12,63219568.0,180877440.0
2013-11-04,3.17,3.18,3.16,3.14,71998032.0,207436656.0
2013-11-01,3.13,3.17,3.16,3.13,66547792.0,190869072.0
2013-10-31,3.16,3.16,3.13,3.12,71121944.0,202702224.0
2013-10-30,3.14,3.17,3.16,3.12,96124688.0,275594400.0
2013-10-29,3.09,3.19,3.15,3.08,175036320.0,500649376.0
2013-10-28,3.09,3.1,3.1,3.07,46639756.0,131315800.0
2013-10-25,3.08,3.13,3.08,3.07,81439376.0,229957248.0
2013-10-24,3.09,3.12,3.08,3.07,59101292.0,166538704.0
2013-10-23,3.1,3.17,3.1,3.09,96561576.0,275414400.0
2013-10-22,3.13,3.14,3.1,3.09,42899808.0,121538336.0
2013-10-21,3.1,3.14,3.14,3.09,65610528.0,186334176.0
2013-10-18,3.08,3.14,3.1,3.06,68903408.0,194947088.0
2013-10-17,3.1,3.12,3.08,3.07,48900496.0,137990096.0
2013-10-16,3.1,3.1,3.08,3.07,52135408.0,146930400.0
2013-10-15,3.13,3.14,3.1,3.1,47463988.0,134686304.0
2013-10-14,3.15,3.16,3.13,3.1,50544192.0,144323520.0
2013-10-11,3.13,3.16,3.15,3.12,62364992.0,178712672.0
2013-10-10,3.15,3.15,3.1,3.09,52086992.0,147920096.0
2013-10-09,3.13,3.17,3.15,3.12,53997824.0,154641984.0
2013-10-08,3.1,3.15,3.14,3.09,53726464.0,152768528.0
2013-09-30,3.1,3.13,3.13,3.09,54427376.0,154529840.0
2013-09-27,3.07,3.09,3.09,3.06,40791268.0,114523864.0
2013-09-26,3.14,3.15,3.08,3.06,72792440.0,205206896.0
2013-09-25,3.17,3.19,3.15,3.15,63213624.0,182476464.0
2013-09-24,3.24,3.24,3.17,3.14,97148544.0,280500960.0
2013-09-23,3.2,3.25,3.24,3.2,92445968.0,272467616.0
2013-09-18,3.18,3.25,3.21,3.14,113481336.0,328474112.0
2013-09-17,3.25,3.27,3.16,3.16,119387640.0,349926560.0
2013-09-16,3.29,3.3,3.25,3.2,189018064.0,560377408.0
2013-09-13,3.27,3.32,3.27,3.26,163823808.0,490266368.0
2013-09-12,3.18,3.36,3.3,3.17,328758720.0,980863488.0
2013-09-11,3.2,3.23,3.19,3.18,159695120.0,467240704.0
2013-09-10,3.24,3.24,3.2,3.15,243924256.0,707713984.0
2013-09-09,3.02,3.29,3.25,3.02,441947072.0,1274918144.0
2013-09-06,2.98,3.02,3.0,2.97,98046336.0,267912400.0
2013-09-05,3.0,3.02,2.98,2.97,52237580.0,142481184.0
2013-09-04,3.0,3.03,3.02,2.98,85842968.0,235192768.0
2013-09-03,2.97,3.04,3.02,2.96,133867872.0,366558272.0
2013-09-02,2.97,2.99,2.97,2.95,74023144.0,200456288.0
2013-08-30,2.96,2.98,2.97,2.95,81113120.0,219310960.0
2013-08-29,2.98,2.99,2.96,2.95,56800032.0,153820496.0
2013-08-28,2.97,2.98,2.96,2.95,64521580.0,174470128.0
2013-08-27,2.98,3.0,2.98,2.96,66622792.0,181034416.0
2013-08-26,2.94,2.99,2.98,2.92,75168112.0,203150704.0
2013-08-23,2.98,2.99,2.94,2.88,81227256.0,218049104.0
2013-08-22,2.98,3.02,2.97,2.97,58212632.0,158576128.0
2013-08-21,3.03,3.03,2.99,2.96,92283616.0,251143168.0
2013-08-20,3.02,3.07,3.02,3.0,86114016.0,237793504.0
2013-08-19,2.99,3.06,3.03,2.97,113438488.0,311170176.0
2013-08-16,3.02,3.32,3.03,2.99,208902176.0,591279744.0
2013-08-15,3.04,3.07,3.02,3.0,50473988.0,139930480.0
2013-08-14,3.06,3.1,3.05,3.03,66238116.0,185334064.0
2013-08-13,3.05,3.08,3.06,3.03,61807444.0,172003472.0
2013-08-12,2.95,3.06,3.06,2.95,99931256.0,274689952.0
2013-08-09,2.97,2.98,2.96,2.93,37701252.0,101657144.0
2013-08-08,2.96,2.99,2.95,2.94,37633520.0,101681696.0
2013-08-07,2.98,3.02,2.96,2.95,55868736.0,151990272.0
2013-08-06,2.99,3.0,2.98,2.97,47646012.0,129859520.0
2013-08-05,2.97,3.0,2.99,2.95,36459796.0,98951224.0
2013-08-02,2.98,3.02,2.97,2.96,45880312.0,124848408.0
2013-08-01,2.93,2.98,2.97,2.92,70225528.0,189454928.0
2013-07-31,2.93,2.95,2.92,2.91,31857728.0,84972216.0
2013-07-30,2.9,2.95,2.91,2.88,49386064.0,131463448.0
2013-07-29,2.93,2.93,2.87,2.87,57773628.0,152346016.0
2013-07-26,2.95,2.97,2.94,2.94,35599056.0,95693112.0
2013-07-25,2.97,2.98,2.96,2.95,43483568.0,117605336.0
2013-07-24,2.99,3.0,2.96,2.93,80565416.0,217358784.0
2013-07-23,2.98,3.06,3.02,2.96,85551048.0,235247904.0
2013-07-22,2.97,2.99,2.97,2.94,76252608.0,206284016.0
2013-07-19,3.07,3.07,2.99,2.99,59383428.0,164318000.0
2013-07-18,3.13,3.14,3.06,3.04,70042368.0,196554528.0
2013-07-17,3.19,3.2,3.13,3.13,49986436.0,144189584.0
2013-07-16,3.16,3.2,3.19,3.15,42030876.0,121596104.0
2013-07-15,3.18,3.27,3.18,3.16,65714572.0,191849088.0
2013-07-12,3.24,3.26,3.16,3.15,99559632.0,291804416.0
2013-07-11,3.12,3.32,3.26,3.1,204235040.0,600820736.0
2013-07-10,3.05,3.12,3.1,3.04,44401140.0,124623720.0
2013-07-09,3.03,3.08,3.05,3.03,41952412.0,117147480.0
2013-07-08,3.04,3.08,3.05,2.98,55858804.0,154604720.0
2013-07-05,3.09,3.12,3.06,3.06,34185032.0,96304840.0
2013-07-04,3.04,3.13,3.08,3.03,56065284.0,157015568.0
2013-07-03,3.14,3.14,3.06,3.04,54509684.0,153048704.0
2013-07-02,3.19,3.19,3.15,3.14,65350376.0,188114848.0
2013-07-01,3.12,3.2,3.19,3.1,92480216.0,266796240.0
2013-06-28,3.03,3.18,3.17,2.99,143136176.0,403638624.0
2013-06-27,2.98,3.04,3.03,2.98,108217168.0,296879680.0
2013-06-26,3.03,3.04,2.98,2.94,120964408.0,328262912.0
2013-06-25,2.98,3.04,3.03,2.77,199944432.0,533217280.0
2013-06-24,3.18,3.18,3.0,2.98,146715376.0,408686976.0
2013-06-21,3.14,3.25,3.19,3.12,96746856.0,282193376.0
2013-06-20,3.21,3.25,3.17,3.15,89512400.0,259757520.0
2013-06-19,3.27,3.27,3.24,3.19,59827764.0,176072576.0
2013-06-18,3.29,3.31,3.29,3.26,61099936.0,182856512.0
2013-06-17,3.29,3.32,3.28,3.27,97215616.0,291341376.0
2013-06-14,3.19,3.21,3.21,3.17,88579064.0,257478064.0
2013-06-13,3.25,3.25,3.18,3.14,101821368.0,294751808.0
2013-06-07,3.3,3.32,3.27,3.26,63204084.0,189145888.0
2013-06-06,3.35,3.36,3.29,3.29,45158456.0,136526064.0
2013-06-05,3.36,3.37,3.34,3.33,42028152.0,130560656.0
2013-06-04,3.38,3.39,3.36,3.35,52976920.0,165527312.0
2013-06-03,3.37,3.39,3.39,3.36,55782704.0,174892560.0
2013-05-31,3.4,3.42,3.37,3.37,52177864.0,164570704.0
2013-05-30,3.39,3.42,3.39,3.38,59698672.0,188586144.0
2013-05-29,3.42,3.44,3.4,3.39,90234120.0,286475744.0
2013-05-28,3.37,3.42,3.42,3.35,107162672.0,337413280.0
2013-05-27,3.38,3.39,3.37,3.36,45830224.0,143521472.0
2013-05-24,3.36,3.4,3.39,3.36,63328508.0,198936928.0
2013-05-23,3.41,3.42,3.36,3.36,73416200.0,230840688.0
2013-05-22,3.42,3.42,3.42,3.4,61628480.0,195417616.0
2013-05-21,3.43,3.44,3.42,3.39,79159440.0,251016592.0
2013-05-20,3.44,3.48,3.44,3.41,155756032.0,498856608.0
2013-05-17,3.38,3.43,3.42,3.37,91393440.0,288843936.0
2013-05-16,3.33,3.4,3.39,3.3,90269392.0,281807552.0
2013-05-15,3.34,3.35,3.35,3.31,33890192.0,104956456.0
2013-05-14,3.34,3.36,3.34,3.29,47980012.0,148053888.0
2013-05-13,3.36,3.38,3.36,3.33,54636832.0,170082112.0
2013-05-10,3.34,3.39,3.38,3.31,69060720.0,215555280.0
2013-05-09,3.38,3.4,3.35,3.33,60852400.0,189793728.0
2013-05-08,3.39,3.44,3.38,3.37,68753120.0,217102496.0
2013-05-07,3.39,3.41,3.38,3.36,50102308.0,157351440.0
2013-05-06,3.35,3.42,3.4,3.35,96662536.0,304584416.0
2013-05-03,3.28,3.39,3.35,3.28,106612128.0,331812768.0
2013-05-02,3.25,3.28,3.28,3.23,81480336.0,246695088.0
2013-04-26,3.23,3.25,3.23,3.21,55031876.0,165066320.0
2013-04-25,3.25,3.27,3.23,3.21,63822096.0,191863824.0
2013-04-24,3.23,3.29,3.27,3.21,109282456.0,330119072.0
2013-04-23,3.36,3.37,3.23,3.22,105966728.0,320558880.0
2013-04-22,3.33,3.37,3.35,3.31,76657272.0,237958208.0
2013-04-19,3.25,3.38,3.35,3.24,114990616.0,354732288.0
2013-04-18,3.23,3.25,3.25,3.2,50432164.0,151009248.0
2013-04-17,3.27,3.27,3.24,3.21,43279064.0,130161848.0
2013-04-16,3.25,3.28,3.27,3.23,55392252.0,167496592.0
2013-04-15,3.25,3.27,3.27,3.24,57192152.0,173033776.0
2013-04-12,3.28,3.3,3.25,3.24,47834468.0,145480928.0
2013-04-11,3.31,3.34,3.29,3.28,44894232.0,137616112.0
2013-04-10,3.34,3.35,3.3,3.27,51831692.0,159010560.0
2013-04-09,3.35,3.39,3.34,3.34,54727404.0,170582416.0
2013-04-08,3.34,3.35,3.35,3.29,64683432.0,199161920.0
2013-04-03,3.38,3.41,3.37,3.36,50349328.0,158224352.0
2013-04-02,3.38,3.42,3.37,3.35,87418616.0,273958848.0
2013-04-01,3.42,3.46,3.42,3.4,59216404.0,188353008.0
2013-03-29,3.36,3.49,3.46,3.34,210295664.0,670195968.0
2013-03-28,3.44,3.44,3.37,3.24,234490528.0,729989760.0
2013-03-27,3.55,3.6,3.53,3.51,99553456.0,328205824.0
2013-03-26,3.58,3.59,3.54,3.5,117180200.0,384228256.0
2013-03-25,3.65,3.67,3.6,3.59,119815272.0,403390720.0
2013-03-22,3.62,3.67,3.64,3.6,110941816.0,375264672.0
2013-03-21,3.66,3.68,3.63,3.6,207821840.0,704166848.0
2013-03-20,3.43,3.66,3.66,3.43,285423072.0,951085440.0
2013-03-19,3.41,3.45,3.44,3.39,69781456.0,221732912.0
2013-03-18,3.45,3.49,3.41,3.4,77610904.0,247885232.0
2013-03-15,3.42,3.54,3.48,3.39,130625320.0,421542752.0
2013-03-14,3.41,3.46,3.42,3.39,74982432.0,239134176.0
2013-03-13,3.44,3.45,3.41,3.39,88490664.0,281036064.0
2013-03-12,3.49,3.54,3.46,3.42,109250928.0,352558912.0
2013-03-11,3.53,3.54,3.5,3.45,67002424.0,217651504.0
2013-03-08,3.54,3.57,3.54,3.51,70375528.0,231382448.0
2013-03-07,3.62,3.64,3.54,3.5,147683776.0,490125312.0
2013-03-06,3.69,3.69,3.66,3.63,163785648.0,556936960.0
2013-03-05,3.45,3.64,3.63,3.45,196999456.0,649912640.0
2013-03-04,3.59,3.62,3.46,3.43,178184528.0,584487040.0
2013-03-01,3.69,3.72,3.67,3.6,135622144.0,461972320.0
2013-02-28,3.62,3.7,3.69,3.56,185227552.0,626488128.0
2013-02-27,3.56,3.63,3.58,3.52,158389232.0,524879616.0
2013-02-26,3.53,3.67,3.54,3.51,210261504.0,704816704.0
2013-02-25,3.55,3.62,3.56,3.53,141303760.0,468463488.0
2013-02-22,3.52,3.58,3.53,3.5,149020256.0,491221088.0
2013-02-21,3.66,3.66,3.53,3.51,245397216.0,814094272.0
2013-02-20,3.74,3.74,3.7,3.63,209712800.0,716212160.0
2013-02-19,3.8,3.81,3.73,3.68,213914768.0,743022592.0
2013-02-18,3.9,3.92,3.8,3.79,172166272.0,615969024.0
2013-02-08,3.91,3.93,3.85,3.81,174233120.0,628036352.0
2013-02-07,4.05,4.06,3.93,3.8,296417440.0,1083891200.0
2013-02-06,3.91,4.09,4.06,3.9,277116544.0,1029417536.0
2013-02-05,3.9,3.95,3.93,3.85,237196928.0,860554112.0
2013-02-04,3.91,3.99,3.95,3.87,420870304.0,1541194240.0
2013-02-01,3.73,3.86,3.85,3.71,336824544.0,1189613184.0
2013-01-31,3.72,3.75,3.74,3.67,224152704.0,775716480.0
2013-01-30,3.75,3.78,3.72,3.68,295539744.0,1019738944.0
2013-01-29,3.74,3.79,3.75,3.68,331812352.0,1154067968.0
2013-01-28,3.62,3.74,3.74,3.62,296710432.0,1019224832.0
2013-01-25,3.62,3.63,3.6,3.57,161331872.0,540325120.0
2013-01-24,3.58,3.77,3.59,3.54,482651488.0,1635008896.0
2013-01-23,3.42,3.58,3.57,3.41,458705568.0,1497550336.0
2013-01-22,3.3,3.62,3.46,3.27,598719744.0,1908728192.0
2013-01-21,3.28,3.31,3.3,3.25,212430688.0,649335424.0
2013-01-18,3.23,3.29,3.27,3.21,120598800.0,364576928.0
2013-01-17,3.23,3.24,3.22,3.2,94598120.0,282778240.0
2013-01-16,3.27,3.29,3.24,3.19,133610432.0,403048128.0
2013-01-15,3.29,3.31,3.28,3.27,175098144.0,534960992.0
2013-01-14,3.16,3.31,3.3,3.15,289794272.0,878239488.0
2013-01-11,3.26,3.27,3.17,3.15,146333264.0,436267712.0
2013-01-10,3.26,3.29,3.26,3.24,98934840.0,299797248.0
2013-01-09,3.26,3.3,3.26,3.24,165150128.0,500838080.0
2013-01-08,3.3,3.31,3.24,3.22,160635440.0,485541376.0
2013-01-07,3.3,3.34,3.29,3.26,182882592.0,560371008.0
2013-01-04,3.35,3.39,3.3,3.26,174675072.0,538085056.0
2012-12-31,3.21,3.3,3.28,3.21,161137936.0,488659392.0
2012-12-28,3.17,3.22,3.21,3.15,119171408.0,353206592.0
2012-12-27,3.21,3.23,3.16,3.15,104202976.0,308563072.0
2012-12-26,3.23,3.23,3.21,3.17,99326144.0,295988960.0
2012-12-25,3.09,3.24,3.21,3.08,212737744.0,629984128.0
2012-12-24,3.06,3.14,3.1,3.06,94395968.0,271955648.0
2012-12-21,3.11,3.12,3.06,3.04,107006800.0,305825952.0
2012-12-20,3.13,3.13,3.12,3.04,149654256.0,429531008.0
2012-12-19,3.13,3.17,3.14,3.12,125773160.0,367395168.0
2012-12-18,3.11,3.2,3.14,3.1,244458736.0,717194368.0
2012-12-17,3.13,3.16,3.11,3.09,263421344.0,765488512.0
2012-12-14,2.92,3.14,3.11,2.9,361412128.0,1023586368.0
2012-12-13,2.94,2.95,2.92,2.89,72528976.0,196736384.0
2012-12-12,2.93,2.98,2.95,2.92,117789608.0,322244608.0
2012-12-11,2.9,2.96,2.93,2.89,176294816.0,480285056.0
2012-12-10,2.92,2.94,2.92,2.88,163236240.0,441270048.0
2012-12-07,2.82,2.89,2.89,2.81,247136016.0,658073856.0
2012-12-06,2.83,2.85,2.82,2.81,134186560.0,352692928.0
2012-12-05,2.77,2.85,2.84,2.75,205408832.0,538432320.0
2012-12-04,2.75,2.78,2.77,2.74,35221728.0,90444304.0
2012-12-03,2.77,2.78,2.75,2.75,36609020.0,93985632.0
2012-11-30,2.78,2.79,2.78,2.77,39070208.0,100810400.0
2012-11-29,2.79,2.79,2.78,2.77,37828648.0,97724016.0
2012-11-28,2.78,2.79,2.79,2.77,37409288.0,96554120.0
2012-11-27,2.78,2.8,2.79,2.77,40227828.0,104107968.0
2012-11-26,2.79,2.8,2.79,2.78,23225092.0,60076260.0
2012-11-23,2.78,2.81,2.8,2.78,60797284.0,157906624.0
2012-11-22,2.78,2.79,2.78,2.77,23999894.0,61898800.0
2012-11-21,2.77,2.8,2.79,2.75,41203652.0,106267400.0
2012-11-20,2.78,2.78,2.77,2.75,17802574.0,45751852.0
2012-11-19,2.77,2.78,2.77,2.75,20177404.0,51771980.0
2012-11-16,2.75,2.78,2.75,2.74,33599852.0,86141272.0
2012-11-15,2.79,2.79,2.77,2.75,40333236.0,104013968.0
2012-11-14,2.78,2.8,2.8,2.78,29158644.0,75485008.0
2012-11-13,2.8,2.81,2.79,2.77,72679064.0,187904016.0
2012-11-12,2.8,2.81,2.81,2.79,102740920.0,267210352.0
2012-11-09,2.8,2.81,2.8,2.79,102574016.0,266733328.0
2012-11-08,2.82,2.82,2.79,2.79,73025192.0,190169408.0
2012-11-07,2.83,2.83,2.83,2.81,62582480.0,164133184.0
2012-11-06,2.84,2.85,2.83,2.81,102588560.0,269051840.0
2012-11-05,2.93,2.93,2.85,2.83,350803104.0,930542144.0
2012-11-02,2.92,2.94,2.94,2.89,37008196.0,100423856.0
2012-11-01,2.86,2.93,2.93,2.86,42544828.0,114485720.0
2012-10-31,2.87,2.88,2.87,2.86,14535927.0,38834572.0
2012-10-30,2.87,2.89,2.87,2.85,27562594.0,73705272.0
2012-10-29,2.89,2.89,2.87,2.86,16514636.0,44178080.0
2012-10-26,2.94,2.94,2.88,2.87,19574154.0,52826236.0
2012-10-25,2.93,2.96,2.93,2.93,34450748.0,94237056.0
2012-10-24,2.92,2.94,2.93,2.9,15421299.0,41958992.0
2012-10-23,2.94,2.95,2.92,2.92,18949528.0,51603796.0
2012-10-22,2.92,2.95,2.94,2.9,25079896.0,68180304.0
2012-10-19,2.92,2.94,2.93,2.9,17456664.0,47407840.0
2012-10-18,2.92,2.94,2.93,2.89,29966316.0,81369936.0
2012-10-17,2.89,2.92,2.9,2.87,25578782.0,68835296.0
2012-10-16,2.88,2.9,2.89,2.87,22209896.0,59662760.0
2012-10-15,2.9,2.9,2.88,2.87,14341038.0,38435312.0
2012-10-12,2.89,2.92,2.89,2.88,23641540.0,63737392.0
2012-10-11,2.88,2.89,2.88,2.86,23891692.0,64009948.0
2012-10-10,2.88,2.9,2.88,2.87,20576868.0,55221056.0
2012-10-09,2.84,2.9,2.88,2.83,45284568.0,121199568.0
2012-10-08,2.86,2.87,2.83,2.81,22023928.0,58197176.0
2012-09-28,2.83,2.88,2.86,2.82,36585868.0,96781384.0
2012-09-27,2.8,2.89,2.85,2.79,35862224.0,94803792.0
2012-09-26,2.79,2.81,2.8,2.79,15380715.0,39944728.0
2012-09-25,2.82,2.82,2.8,2.79,16053887.0,41835016.0
2012-09-24,2.82,2.83,2.82,2.8,24170952.0,63130736.0
2012-09-21,2.85,2.86,2.83,2.83,27512856.0,72676672.0
2012-09-20,2.88,2.89,2.86,2.83,29702826.0,79054168.0
2012-09-19,2.9,2.9,2.89,2.88,21393194.0,57524884.0
2012-09-18,2.92,2.93,2.89,2.89,20865282.0,56352460.0
2012-09-17,2.95,2.95,2.92,2.92,24658692.0,67299488.0
2012-09-14,2.95,2.97,2.94,2.94,34257084.0,94059768.0
2012-09-13,2.95,2.96,2.94,2.94,20376048.0,55825968.0
2012-09-12,2.96,2.97,2.96,2.93,22240868.0,60963388.0
2012-09-11,2.96,2.97,2.96,2.93,19614106.0,53670364.0
2012-09-10,2.98,2.99,2.97,2.96,29374604.0,81010016.0
2012-09-07,2.93,3.01,2.99,2.9,73184760.0,201974320.0
2012-09-06,2.92,2.93,2.92,2.88,28935342.0,78088752.0
2012-09-05,2.92,2.93,2.92,2.89,19915946.0,53841640.0
2012-09-04,2.96,2.97,2.93,2.9,34848628.0,94917496.0
2012-09-03,2.98,3.0,2.96,2.95,31456128.0,86907872.0
2012-08-31,3.01,3.01,2.98,2.98,22227254.0,61968144.0
2012-08-30,2.98,3.01,3.01,2.97,34383232.0,95817840.0
2012-08-29,2.97,2.99,2.98,2.96,29022200.0,80333776.0
2012-08-28,2.96,2.99,2.98,2.95,25908372.0,71590896.0
2012-08-27,2.96,2.98,2.96,2.95,29719894.0,81881952.0
2012-08-24,2.96,2.97,2.95,2.95,20914072.0,57558112.0
2012-08-23,2.97,2.98,2.96,2.96,23844700.0,65822004.0
2012-08-22,2.97,2.98,2.97,2.95,16994732.0,46814708.0
2012-08-21,2.97,2.99,2.96,2.96,26876900.0,74218320.0
2012-08-20,2.97,2.98,2.96,2.95,13805199.0,37985428.0
2012-08-17,2.97,2.99,2.98,2.96,18212646.0,50368540.0
2012-08-16,2.97,2.98,2.96,2.96,10008863.0,27638460.0
2012-08-15,3.0,3.01,2.97,2.97,11073015.0,30717010.0
2012-08-14,3.0,3.01,3.0,2.98,21527264.0,60109496.0
2012-08-13,3.0,3.02,2.99,2.98,29762996.0,83140200.0
2012-08-10,3.0,3.02,3.0,2.99,26510068.0,74010848.0
2012-08-09,2.99,3.0,2.99,2.96,17479930.0,48398820.0
2012-08-08,2.98,3.0,2.99,2.97,26301716.0,73152056.0
2012-08-07,2.97,2.99,2.98,2.96,21800304.0,60167720.0
2012-08-06,2.97,2.99,2.97,2.96,22870058.0,63242472.0
2012-08-03,2.97,2.98,2.97,2.96,19668988.0,54349304.0
2012-08-02,2.97,2.98,2.97,2.96,15961728.0,44081992.0
2012-08-01,2.99,2.99,2.97,2.96,22847462.0,63242844.0
2012-07-31,2.97,2.99,2.99,2.96,36241820.0,100283152.0
2012-07-30,2.96,2.99,2.96,2.95,28301984.0,78066936.0
2012-07-27,2.93,2.96,2.95,2.92,33470560.0,91586232.0
2012-07-26,2.9,2.93,2.92,2.9,14289259.0,38735808.0
2012-07-25,2.92,2.93,2.9,2.9,10822226.0,29338854.0
2012-07-24,2.92,2.94,2.9,2.9,19185260.0,51984692.0
2012-07-23,2.95,2.96,2.93,2.9,20592512.0,56030248.0
2012-07-20,2.97,2.98,2.96,2.95,17639140.0,48470396.0
2012-07-19,2.96,2.98,2.97,2.95,27974648.0,77181688.0
2012-07-18,2.96,2.97,2.96,2.94,17622424.0,48400520.0
2012-07-17,2.95,2.97,2.96,2.94,22515932.0,61844172.0
2012-07-16,2.97,2.97,2.95,2.94,26902664.0,73918048.0
2012-07-13,2.95,2.97,2.96,2.94,17376338.0,47710432.0
2012-07-12,2.97,2.99,2.95,2.93,45433312.0,124425584.0
2012-07-11,2.97,2.99,2.97,2.97,15958882.0,44203184.0
2012-07-10,2.97,2.99,2.98,2.96,18779540.0,52074552.0
2012-07-09,3.01,3.02,2.97,2.96,30490552.0,84684056.0
2012-07-06,3.01,3.03,3.01,2.99,32314888.0,90291704.0
2012-07-05,3.04,3.07,3.04,3.02,31399644.0,88678600.0
2012-07-04,3.06,3.09,3.07,3.03,37807200.0,107780856.0
2012-07-03,3.06,3.09,3.04,3.03,29690928.0,84582624.0
2012-07-02,3.06,3.07,3.06,3.03,27338940.0,77518272.0
2012-06-29,3.03,3.07,3.06,3.01,26699476.0,75683408.0
2012-06-28,3.02,3.04,3.02,3.0,26269328.0,73802752.0
2012-06-27,3.02,3.03,3.02,3.0,18919342.0,53084088.0
2012-06-26,3.03,3.06,3.03,3.01,20924448.0,59088820.0
2012-06-25,3.02,3.07,3.02,3.02,28521360.0,80893592.0
2012-06-21,3.06,3.07,3.03,3.03,21342508.0,60426800.0
2012-06-20,3.06,3.08,3.06,3.04,22784428.0,64896652.0
2012-06-19,3.03,3.08,3.04,3.02,23138552.0,65497440.0
2012-06-18,3.06,3.06,3.04,3.03,21937324.0,62041584.0
2012-06-15,2.99,3.06,3.06,2.98,43729088.0,122918360.0
2012-06-14,3.02,3.02,2.97,2.97,28025284.0,77956704.0
2012-06-13,3.0,3.03,3.02,2.99,20226816.0,56595552.0
2012-06-12,3.02,3.03,3.0,2.97,24902328.0,69352224.0
2012-06-11,3.02,3.04,3.03,3.01,17444698.0,49044156.0
2012-06-08,3.06,3.06,3.01,3.0,35058004.0,98353440.0
2012-06-07,3.08,3.09,3.04,3.03,21134040.0,60201120.0
2012-06-06,3.04,3.07,3.06,3.04,16501384.0,46826840.0
2012-06-05,3.03,3.06,3.04,3.03,23590980.0,66797840.0
2012-06-04,3.08,3.08,3.03,3.03,30332416.0,86040928.0
2012-06-01,3.11,3.12,3.09,3.08,25201642.0,72721544.0
2012-05-31,3.13,3.13,3.1,3.1,27780432.0,80361528.0
2012-05-30,3.15,3.16,3.13,3.12,39102768.0,119005864.0
2012-05-29,3.11,3.16,3.15,3.08,58856276.0,178819632.0
2012-05-28,3.06,3.11,3.11,3.06,47787220.0,143042128.0
2012-05-25,3.06,3.08,3.06,3.04,29233452.0,86987120.0
2012-05-24,3.03,3.06,3.04,3.02,27207880.0,80650384.0
2012-05-23,3.06,3.06,3.04,3.02,34918912.0,103335040.0
2012-05-22,3.04,3.06,3.06,3.03,34220680.0,101324496.0
2012-05-21,3.03,3.04,3.03,3.01,23754270.0,70082832.0
2012-05-18,3.04,3.06,3.03,3.02,31552856.0,93163680.0
2012-05-17,3.03,3.08,3.06,3.02,31929980.0,94683192.0
2012-05-16,3.1,3.1,3.03,3.02,50475240.0,150052144.0
2012-05-14,3.14,3.14,3.1,3.1,39360748.0,119240536.0
2012-05-11,3.13,3.15,3.11,3.11,38323024.0,116666952.0
2012-05-10,3.12,3.15,3.14,3.12,41116024.0,125280336.0
2012-05-09,3.16,3.16,3.13,3.12,53460624.0,162933152.0
2012-05-08,3.15,3.18,3.17,3.14,99759152.0,306327296.0
2012-05-07,3.15,3.16,3.16,3.13,50176144.0,153299824.0
2012-05-04,3.15,3.17,3.16,3.14,79887048.0,244841552.0
2012-05-03,3.17,3.17,3.15,3.14,45048296.0,137909568.0
2012-05-02,3.16,3.18,3.16,3.13,120241456.0,369274976.0
2012-04-27,3.1,3.13,3.12,3.09,61862824.0,186812368.0
2012-04-26,3.08,3.1,3.06,3.06,35472200.0,105908160.0
2012-04-25,3.09,3.1,3.09,3.06,60803192.0,182050288.0
2012-04-24,3.02,3.16,3.1,3.01,137569200.0,414733408.0
2012-04-23,3.03,3.04,3.03,3.01,42499964.0,125222840.0
2012-04-20,2.99,3.04,3.03,2.98,43965816.0,129152160.0
2012-04-19,3.0,3.01,2.99,2.98,23333244.0,67887384.0
2012-04-18,2.95,3.01,3.0,2.94,45700948.0,132805456.0
2012-04-17,2.94,2.96,2.95,2.93,22842408.0,65465160.0
2012-04-16,2.94,2.95,2.94,2.93,24332396.0,69593752.0
2012-04-13,2.97,2.97,2.95,2.94,40578796.0,116484672.0
2012-04-12,2.91,2.97,2.96,2.9,49916696.0,142864368.0
2012-04-11,2.9,2.93,2.91,2.89,20522088.0,58014680.0
2012-04-10,2.89,2.92,2.92,2.88,22262716.0,62741568.0
2012-04-09,2.92,2.92,2.88,2.88,28756320.0,81084784.0
2012-04-06,2.93,2.94,2.93,2.91,29449538.0,83700464.0
2012-04-05,2.92,2.95,2.93,2.89,53098304.0,150624192.0
2012-03-30,2.91,2.94,2.93,2.9,25585156.0,72633416.0
2012-03-29,2.95,2.95,2.9,2.89,31898664.0,90762264.0
2012-03-28,3.0,3.01,2.96,2.95,31969300.0,92790624.0
2012-03-27,3.02,3.03,3.01,3.0,15287275.0,44784140.0
2012-03-26,3.01,3.02,3.02,3.0,12371575.0,36239804.0
2012-03-23,3.01,3.02,3.01,2.99,25940702.0,75895168.0
2012-03-22,3.0,3.06,3.02,2.99,30229872.0,88687288.0
2012-03-21,3.01,3.02,3.0,2.99,28404202.0,83126408.0
2012-03-20,3.03,3.04,3.0,2.99,40774672.0,119295480.0
2012-03-19,3.04,3.06,3.03,3.01,40798328.0,120347552.0
2012-03-16,3.04,3.06,3.06,3.03,31227500.0,92570216.0
2012-03-15,3.06,3.08,3.04,3.04,50211020.0,149533568.0
2012-03-14,3.12,3.14,3.06,3.06,96834864.0,291902592.0
2012-03-13,3.08,3.11,3.11,3.06,38265888.0,115062912.0
2012-03-12,3.08,3.1,3.08,3.06,34720856.0,103882064.0
2012-03-09,3.12,3.12,3.1,3.08,63884868.0,191884480.0
2012-03-08,3.1,3.13,3.11,3.1,28138832.0,85042384.0
2012-03-07,3.09,3.12,3.1,3.09,32669096.0,98422152.0
2012-03-06,3.16,3.16,3.12,3.12,42164824.0,128337336.0
2012-03-05,3.19,3.21,3.15,3.15,54844364.0,169532480.0
2012-03-02,3.16,3.2,3.19,3.16,59405080.0,183339088.0
2012-03-01,3.16,3.19,3.16,3.15,41983412.0,129479592.0
2012-02-29,3.19,3.19,3.17,3.15,45564232.0,140389216.0
2012-02-28,3.16,3.23,3.19,3.15,118006128.0,366549856.0
2012-02-27,3.15,3.2,3.15,3.13,114463824.0,351967872.0
2012-02-24,3.11,3.15,3.14,3.08,82090776.0,248619344.0
2012-02-23,3.1,3.11,3.11,3.08,62892948.0,189169344.0
2012-02-22,3.09,3.11,3.1,3.06,57322904.0,171676256.0
2012-02-21,3.09,3.1,3.09,3.06,24805220.0,74242464.0
2012-02-20,3.1,3.12,3.08,3.06,40490100.0,121714240.0
2012-02-17,3.06,3.08,3.06,3.06,23401112.0,69827328.0
2012-02-16,3.08,3.08,3.06,3.04,39634164.0,117982152.0
2012-02-15,3.06,3.08,3.08,3.06,32591832.0,97374208.0
2012-02-14,3.08,3.08,3.06,3.06,20851936.0,62245792.0
2012-02-13,3.09,3.13,3.09,3.08,30554652.0,91940600.0
2012-02-10,3.1,3.14,3.1,3.1,44360344.0,134377792.0
2012-02-09,3.12,3.13,3.12,3.1,36233200.0,109580504.0
2012-02-08,3.06,3.14,3.13,3.06,47354008.0,142804288.0
2012-02-07,3.1,3.11,3.06,3.04,27307556.0,81514264.0
2012-02-06,3.1,3.13,3.11,3.09,47492376.0,143456448.0
2012-02-03,3.09,3.13,3.11,3.06,55528736.0,167044384.0
2012-02-02,3.03,3.11,3.1,3.03,45023504.0,134189312.0
2012-02-01,3.08,3.09,3.03,3.02,34487800.0,102405096.0
2012-01-31,3.08,3.1,3.09,3.06,19197830.0,57513484.0
2012-01-30,3.13,3.13,3.09,3.08,41919984.0,126115672.0
2012-01-20,3.08,3.13,3.13,3.06,68201568.0,205584224.0
2012-01-19,3.02,3.06,3.06,3.01,41482808.0,122988784.0
2012-01-18,3.06,3.06,3.01,3.0,36581824.0,108183784.0
2012-01-17,2.99,3.08,3.06,2.96,63525096.0,186668368.0
2012-01-16,3.0,3.03,2.99,2.98,27092436.0,79070960.0
2012-01-13,3.04,3.06,3.02,2.99,41244336.0,121236792.0
2012-01-12,3.02,3.08,3.03,3.01,35424712.0,104939600.0
2012-01-11,3.04,3.06,3.02,3.02,39294348.0,116203904.0
2012-01-10,3.01,3.06,3.06,2.98,74354320.0,218680864.0
2012-01-09,2.97,3.03,3.02,2.96,44848776.0,131132192.0
2012-01-06,2.99,3.02,2.98,2.96,48712132.0,141704000.0
2012-01-05,2.95,3.06,3.0,2.95,72819312.0,213520208.0
2012-01-04,2.96,3.03,2.97,2.94,86858696.0,252173552.0
2011-12-30,2.9,2.96,2.96,2.89,64712916.0,184181072.0
2011-12-29,2.87,2.92,2.9,2.86,36269808.0,102163384.0
2011-12-28,2.87,2.9,2.89,2.82,50125000.0,139391008.0
2011-12-27,2.87,2.92,2.88,2.87,39417720.0,110975360.0
2011-12-26,2.86,2.91,2.88,2.86,32094176.0,90096880.0
2011-12-23,2.85,2.9,2.88,2.85,36175188.0,101134720.0
2011-12-22,2.82,2.88,2.85,2.82,42340404.0,116991232.0
2011-12-21,2.86,2.88,2.84,2.83,58956632.0,163888528.0
2011-12-19,2.82,2.84,2.84,2.79,40063440.0,109558416.0
2011-12-16,2.79,2.85,2.83,2.78,38310580.0,104589232.0
2011-12-15,2.82,2.83,2.8,2.78,37739388.0,102678272.0
2011-12-14,2.85,2.86,2.83,2.81,24182436.0,66618088.0
2011-12-13,2.89,2.9,2.85,2.84,44341580.0,123990728.0
2011-12-12,2.89,2.91,2.9,2.89,18048760.0,50850544.0
2011-12-09,2.9,2.91,2.89,2.89,20065792.0,56505456.0
2011-12-08,2.9,2.92,2.91,2.88,33904944.0,95721304.0
2011-12-07,2.9,2.92,2.9,2.89,18373520.0,51906968.0
2011-12-06,2.9,2.91,2.9,2.88,26941956.0,75818760.0
2011-12-05,2.92,2.93,2.91,2.89,30959552.0,87654800.0
2011-12-02,2.93,2.94,2.92,2.89,37936184.0,107355832.0
2011-12-01,2.97,3.0,2.94,2.94,86311792.0,249391088.0
2011-11-30,2.97,2.97,2.9,2.88,42615376.0,120681408.0
2011-11-29,2.96,2.98,2.97,2.95,31480076.0,90760944.0
2011-11-28,2.95,2.95,2.94,2.93,17857154.0,51088592.0
2011-11-25,2.95,2.96,2.94,2.93,27365072.0,78279136.0
2011-11-24,2.95,2.97,2.95,2.93,28224674.0,80936272.0
2011-11-23,2.99,2.99,2.96,2.95,31882544.0,91946432.0
2011-11-22,2.98,2.99,2.98,2.96,23139280.0,67069496.0
2011-11-21,2.98,2.99,2.99,2.96,31977110.0,92557672.0
2011-11-18,3.0,3.01,2.98,2.97,37832068.0,110094600.0
2011-11-17,3.02,3.03,3.01,3.0,24010288.0,70453072.0
2011-11-16,3.09,3.09,3.02,3.01,51466848.0,152233104.0
2011-11-15,3.09,3.11,3.09,3.06,26796168.0,80345920.0
2011-11-14,3.08,3.11,3.11,3.08,38289024.0,115180016.0
2011-11-11,3.08,3.08,3.06,3.06,26145896.0,77987336.0
2011-11-10,3.1,3.11,3.06,3.06,44371168.0,132974128.0
2011-11-09,3.11,3.13,3.12,3.09,34573872.0,104483344.0
2011-11-08,3.11,3.13,3.1,3.09,32938128.0,99468896.0
2011-11-07,3.14,3.14,3.11,3.1,36123576.0,109462968.0
2011-11-04,3.14,3.15,3.15,3.12,63845620.0,194542880.0
2011-11-03,3.13,3.14,3.13,3.11,83131272.0,252502064.0
2011-11-02,3.06,3.13,3.12,3.04,62317672.0,186751152.0
2011-11-01,3.08,3.14,3.1,3.06,59344376.0,179254240.0
2011-10-31,3.12,3.13,3.1,3.09,47041280.0,141726416.0
2011-10-28,3.12,3.14,3.12,3.1,72656768.0,220406976.0
2011-10-27,3.06,3.1,3.09,3.06,49905080.0,149471744.0
2011-10-26,3.03,3.1,3.06,3.02,69465792.0,207172640.0
2011-10-25,3.02,3.06,3.06,3.01,77494592.0,229260976.0
2011-10-24,2.99,3.06,3.03,2.96,87508272.0,256427872.0
2011-10-21,3.01,3.02,2.98,2.97,51596636.0,150414144.0
2011-10-20,3.03,3.04,3.0,2.99,30333428.0,88741336.0
2011-10-19,3.06,3.09,3.04,3.03,23271648.0,69094256.0
2011-10-18,3.08,3.09,3.04,3.03,32287846.0,95978160.0
2011-10-17,3.1,3.13,3.1,3.08,26074892.0,78572528.0
2011-10-14,3.1,3.12,3.1,3.06,28643026.0,85955200.0
2011-10-13,3.11,3.12,3.12,3.09,47559124.0,143475984.0
2011-10-12,3.03,3.14,3.13,3.0,80598160.0,243064048.0
2011-10-11,3.09,3.12,3.04,3.01,42012352.0,124865248.0
2011-10-10,3.03,3.04,3.0,2.98,24773240.0,72537760.0
2011-09-30,3.02,3.06,3.03,3.01,26875688.0,79183264.0
2011-09-29,3.04,3.06,3.02,3.01,33980876.0,100155808.0
2011-09-28,3.1,3.11,3.06,3.04,24884336.0,74288880.0
2011-09-27,3.09,3.11,3.09,3.06,29185424.0,87427080.0
2011-09-26,3.1,3.12,3.08,3.06,26093852.0,78226256.0
2011-09-23,3.09,3.12,3.11,3.06,40786164.0,122513664.0
2011-09-22,3.15,3.17,3.11,3.09,50509216.0,153340864.0
2011-09-21,3.13,3.19,3.18,3.11,64515592.0,198419312.0
2011-09-19,3.14,3.15,3.11,3.11,21466010.0,65084072.0
2011-09-16,3.15,3.17,3.16,3.14,55537360.0,170137600.0
2011-09-15,3.13,3.15,3.13,3.11,39280784.0,119543248.0
2011-09-14,3.14,3.14,3.13,3.08,40168944.0,121517040.0
2011-09-13,3.13,3.14,3.13,3.11,26472574.0,80293944.0
2011-09-09,3.14,3.18,3.16,3.14,27458066.0,84205576.0
2011-09-08,3.17,3.17,3.14,3.14,24326446.0,74376600.0
2011-09-07,3.13,3.17,3.16,3.11,40084936.0,122465040.0
2011-09-06,3.11,3.14,3.12,3.1,29582976.0,89647064.0
2011-09-05,3.12,3.15,3.12,3.11,32777110.0,99374464.0
2011-09-02,3.17,3.18,3.14,3.13,39222964.0,119943808.0
2011-09-01,3.17,3.21,3.18,3.16,31412940.0,97154440.0
2011-08-31,3.17,3.19,3.17,3.15,23272340.0,71614704.0
2011-08-30,3.19,3.23,3.16,3.16,43869156.0,136075808.0
2011-08-29,3.25,3.25,3.17,3.16,71091360.0,219971232.0
2011-08-26,3.25,3.27,3.25,3.22,57530072.0,181373632.0
2011-08-25,3.15,3.28,3.27,3.15,171269600.0,539271936.0
2011-08-24,3.17,3.2,3.15,3.14,43202880.0,133137088.0
2011-08-23,3.13,3.17,3.17,3.12,37986200.0,116134456.0
2011-08-22,3.12,3.15,3.12,3.11,25578784.0,77690944.0
2011-08-19,3.11,3.13,3.13,3.1,48921656.0,148086528.0
2011-08-18,3.19,3.19,3.15,3.14,48373340.0,148648592.0
2011-08-17,3.2,3.21,3.19,3.17,54439704.0,168517184.0
2011-08-16,3.24,3.27,3.22,3.19,84229600.0,263908496.0
2011-08-15,3.2,3.28,3.26,3.17,91933592.0,288537472.0
2011-08-12,3.21,3.23,3.21,3.18,55566384.0,173110336.0
2011-08-11,3.12,3.22,3.2,3.11,59204824.0,182980736.0
2011-08-10,3.21,3.23,3.17,3.16,56663464.0,175802592.0
2011-08-09,3.11,3.2,3.17,3.06,89812184.0,274081056.0
2011-08-08,3.19,3.27,3.15,3.12,100157208.0,310136640.0
2011-08-05,3.21,3.24,3.22,3.19,55486064.0,173654672.0
2011-08-04,3.29,3.31,3.28,3.27,20796448.0,66397060.0
2011-08-03,3.27,3.32,3.28,3.25,31887708.0,101983032.0
2011-08-02,3.29,3.32,3.3,3.23,56471876.0,179487248.0
2011-08-01,3.3,3.35,3.3,3.28,58834676.0,189194496.0
2011-07-29,3.23,3.44,3.35,3.22,121484736.0,394943392.0
2011-07-28,3.25,3.26,3.23,3.22,43551972.0,136954800.0
2011-07-27,3.27,3.28,3.28,3.24,38685080.0,122688536.0
2011-07-26,3.28,3.29,3.27,3.25,41033556.0,130457936.0
2011-07-25,3.36,3.37,3.29,3.27,68799728.0,222169408.0
2011-07-22,3.38,3.39,3.37,3.36,40058204.0,131662032.0
2011-07-21,3.42,3.42,3.37,3.36,44179308.0,145319232.0
2011-07-20,3.44,3.44,3.42,3.39,41640760.0,138145968.0
2011-07-19,3.44,3.44,3.42,3.42,52743776.0,175596768.0
2011-07-18,3.46,3.47,3.45,3.44,44662288.0,149816912.0
2011-07-15,3.44,3.47,3.47,3.42,65027892.0,217938320.0
2011-07-14,3.45,3.46,3.45,3.42,45322964.0,151524304.0
2011-07-13,3.42,3.46,3.46,3.42,46021052.0,153912832.0
2011-07-12,3.44,3.44,3.42,3.4,52913876.0,176348208.0
2011-07-11,3.47,3.48,3.47,3.42,44016168.0,147752496.0
2011-07-08,3.44,3.52,3.48,3.42,121617376.0,411593312.0
2011-07-07,3.47,3.49,3.44,3.42,70115120.0,235089904.0
2011-07-06,3.46,3.47,3.44,3.42,59847792.0,199703520.0
2011-07-05,3.49,3.49,3.48,3.46,44581808.0,150417984.0
2011-07-04,3.44,3.5,3.49,3.42,85374512.0,287833376.0
2011-07-01,3.44,3.47,3.42,3.4,73598288.0,245577056.0
2011-06-30,3.42,3.47,3.45,3.4,69178032.0,230957504.0
2011-06-29,3.48,3.49,3.42,3.42,40502444.0,135670560.0
2011-06-28,3.5,3.5,3.48,3.46,32576024.0,109977024.0
2011-06-27,3.5,3.51,3.5,3.47,53234336.0,180526496.0
2011-06-24,3.4,3.54,3.5,3.39,107662576.0,364419840.0
2011-06-23,3.37,3.42,3.42,3.35,53426856.0,176262352.0
2011-06-22,3.38,3.42,3.39,3.34,42322776.0,139122736.0
2011-06-21,3.38,3.39,3.39,3.33,41480448.0,135814912.0
2011-06-20,3.4,3.42,3.38,3.33,36196072.0,118932248.0
2011-06-17,3.42,3.44,3.42,3.4,21967344.0,73012200.0
2011-06-16,3.47,3.48,3.42,3.42,32051166.0,107020312.0
2011-06-15,3.45,3.46,3.45,3.43,27137290.0,93452272.0
2011-06-14,3.42,3.48,3.46,3.41,52499828.0,181618864.0
2011-06-13,3.42,3.44,3.43,3.39,33695696.0,114955912.0
2011-06-10,3.4,3.43,3.43,3.39,35556520.0,121158592.0
2011-06-09,3.42,3.43,3.39,3.38,34991604.0,119106736.0
2011-06-08,3.44,3.45,3.44,3.4,63324872.0,216259744.0
2011-06-07,3.43,3.46,3.45,3.41,31593500.0,108475456.0
2011-06-03,3.4,3.45,3.44,3.39,49519256.0,169633408.0
2011-06-02,3.5,3.51,3.4,3.38,107726232.0,368818624.0
2011-06-01,3.54,3.55,3.53,3.51,32297276.0,113897624.0
2011-05-31,3.52,3.55,3.54,3.49,50906792.0,179053360.0
2011-05-27,3.56,3.58,3.5,3.49,70527464.0,249150000.0
2011-05-26,3.59,3.61,3.55,3.54,48938136.0,174894672.0
2011-05-25,3.65,3.65,3.57,3.56,55283184.0,199156336.0
2011-05-24,3.67,3.69,3.64,3.63,53607556.0,195860592.0
2011-05-23,3.78,3.79,3.68,3.66,104493752.0,388597248.0
2011-05-20,3.76,3.83,3.8,3.75,70759536.0,268758496.0
2011-05-19,3.78,3.79,3.75,3.75,28866856.0,108770176.0
2011-05-18,3.74,3.79,3.78,3.74,40557968.0,152975024.0
2011-05-17,3.74,3.78,3.76,3.72,43594768.0,163701904.0
2011-05-16,3.76,3.77,3.74,3.74,28093892.0,105349088.0
2011-05-13,3.73,3.77,3.77,3.73,44724788.0,167562896.0
2011-05-12,3.76,3.77,3.74,3.73,46146224.0,173268864.0
2011-05-11,3.78,3.79,3.77,3.76,40460548.0,152771760.0
2011-05-10,3.79,3.8,3.8,3.76,35326136.0,133681112.0
2011-05-09,3.77,3.79,3.79,3.76,37422704.0,141270000.0
2011-05-06,3.76,3.79,3.77,3.75,37688168.0,142049696.0
2011-05-05,3.75,3.81,3.79,3.73,63301764.0,238836784.0
2011-05-04,3.8,3.8,3.76,3.75,80853856.0,305196288.0
2011-05-03,3.82,3.83,3.82,3.78,61402152.0,233411072.0
2011-04-29,3.86,3.87,3.82,3.75,129945808.0,492612128.0
2011-04-28,3.87,3.94,3.87,3.85,134779120.0,524508864.0
2011-04-27,3.86,3.89,3.85,3.83,64356328.0,248470320.0
2011-04-26,3.84,3.87,3.85,3.83,63579980.0,244713280.0
2011-04-25,3.9,3.91,3.85,3.84,103321624.0,399176000.0
2011-04-22,3.93,3.94,3.91,3.9,77651888.0,304002944.0
2011-04-21,3.93,3.99,3.94,3.91,92703496.0,365581888.0
2011-04-20,3.94,3.95,3.92,3.9,89088336.0,349707776.0
2011-04-19,3.97,3.98,3.93,3.92,113657088.0,447656896.0
2011-04-18,4.04,4.06,4.01,3.96,189141632.0,758734208.0
2011-04-14,4.02,4.1,4.02,4.01,277309504.0,1125746944.0
2011-04-13,3.95,4.02,4.02,3.92,218004304.0,865086784.0
2011-04-12,3.97,4.0,3.97,3.92,151157664.0,598594560.0
2011-04-11,3.98,4.04,3.97,3.95,143031600.0,570421824.0
2011-04-08,4.0,4.0,3.99,3.95,102519976.0,407204512.0
2011-04-07,4.0,4.05,4.0,3.99,168605952.0,675773248.0
2011-04-06,3.9,4.02,3.99,3.89,201237008.0,800829952.0
2011-04-01,3.84,3.94,3.92,3.83,107779608.0,420388256.0
2011-03-31,3.9,3.91,3.83,3.82,80379616.0,309663712.0
2011-03-30,3.92,3.94,3.9,3.88,114787920.0,448634112.0
2011-03-29,3.86,4.0,3.93,3.84,249488784.0,980713344.0
2011-03-28,3.88,3.95,3.88,3.87,124117864.0,484545888.0
2011-03-25,3.83,3.88,3.86,3.82,123321936.0,476621888.0
2011-03-24,3.84,3.85,3.82,3.81,57070780.0,218374960.0
2011-03-23,3.82,3.86,3.85,3.81,97224224.0,372934784.0
2011-03-22,3.82,3.85,3.84,3.78,84736456.0,324123840.0
2011-03-21,3.82,3.84,3.81,3.8,55900876.0,213134800.0
2011-03-18,3.81,3.85,3.84,3.8,57181084.0,218090688.0
2011-03-17,3.81,3.82,3.79,3.78,68100520.0,258673136.0
2011-03-16,3.81,3.84,3.84,3.8,66560448.0,254069392.0
2011-03-15,3.86,3.86,3.82,3.77,136523744.0,519117888.0
2011-03-11,3.85,3.88,3.86,3.85,85619568.0,330706240.0
2011-03-10,3.96,3.97,3.87,3.85,178689040.0,694972032.0
2011-03-09,3.98,4.02,3.97,3.96,129987920.0,518235680.0
2011-03-08,4.0,4.04,3.97,3.95,132894192.0,529619296.0
2011-03-07,4.02,4.05,4.01,3.97,206286992.0,826484416.0
2011-03-04,3.97,4.0,3.99,3.93,160411696.0,636154368.0
2011-03-03,3.91,4.08,3.98,3.89,352840640.0,1411748480.0
2011-03-02,3.87,3.95,3.92,3.85,175982656.0,687456256.0
2011-03-01,3.85,3.91,3.89,3.84,151939056.0,589872576.0
2011-02-28,3.84,3.87,3.86,3.81,62523024.0,240340080.0
2011-02-25,3.83,3.9,3.85,3.79,87282200.0,335411648.0
2011-02-24,3.82,3.85,3.84,3.79,76286632.0,291130240.0
2011-02-23,3.8,3.84,3.83,3.8,70975312.0,271123424.0
2011-02-22,3.96,3.96,3.82,3.81,147608288.0,571518272.0
2011-02-21,3.93,3.96,3.96,3.91,121852856.0,479188736.0
2011-02-18,4.01,4.02,3.97,3.95,95847096.0,381343584.0
2011-02-17,4.03,4.09,4.03,4.0,133929256.0,540877440.0
2011-02-16,4.0,4.02,4.02,3.97,107464744.0,428945312.0
2011-02-15,4.05,4.07,4.01,3.99,167672560.0,675007552.0
2011-02-14,3.88,4.08,4.05,3.87,288211552.0,1154084224.0
2011-02-11,3.85,3.89,3.88,3.83,99759712.0,384585696.0
2011-02-10,3.82,3.87,3.86,3.8,79573616.0,305450336.0
2011-02-09,3.87,3.9,3.83,3.82,83573640.0,322104800.0
2011-02-01,3.88,3.9,3.89,3.87,67059348.0,260523488.0
2011-01-31,3.85,3.91,3.89,3.82,115829696.0,448349152.0
2011-01-28,3.86,3.9,3.85,3.81,99399096.0,381692416.0
2011-01-27,3.82,3.93,3.89,3.79,156411840.0,603169408.0
2011-01-26,3.84,3.86,3.85,3.82,71185496.0,273556928.0
2011-01-25,3.81,3.85,3.84,3.77,71687184.0,273857856.0
2011-01-24,3.83,3.87,3.81,3.78,78144080.0,298377600.0
2011-01-21,3.7,3.93,3.83,3.7,145047056.0,555056128.0
2011-01-20,3.85,3.85,3.73,3.71,134640384.0,506777664.0
2011-01-19,3.81,3.87,3.86,3.74,125624744.0,478438624.0
2011-01-18,3.77,3.86,3.79,3.76,119820736.0,456579008.0
2011-01-17,3.95,3.99,3.78,3.76,196659328.0,759141440.0
2011-01-14,4.06,4.07,3.99,3.97,177666256.0,713726464.0
2011-01-13,4.17,4.17,4.09,4.08,173381776.0,712609280.0
2011-01-12,4.16,4.22,4.18,4.08,235318016.0,973950976.0
2011-01-11,4.06,4.22,4.16,4.05,202239744.0,837106176.0
2011-01-10,4.13,4.19,4.09,4.08,179024432.0,738968896.0
2011-01-07,4.0,4.28,4.19,3.94,407738048.0,1691367424.0
2011-01-06,4.04,4.08,4.02,3.98,112530384.0,452336800.0
2011-01-05,4.05,4.12,4.04,4.01,154783392.0,627816448.0
2011-01-04,3.98,4.15,4.07,3.93,213397632.0,867259712.0
