date,open,high,close,low,volume,amount
2015-12-31,9.3,9.45,9.17,9.15,53857960.0,394754638.0
2015-12-30,9.24,9.31,9.3,9.17,44786607.0,325959317.0
2015-12-29,9.22,9.32,9.29,9.15,48857465.0,354800001.0
2015-12-28,9.69,9.72,9.22,9.21,118415118.0,877703384.0
2015-12-25,9.67,9.77,9.71,9.62,67149613.0,512377923.0
2015-12-24,9.69,9.9,9.72,9.53,116499920.0,890963584.0
2015-12-23,9.5,10.14,9.79,9.45,191169968.0,1467633664.0
2015-12-22,9.57,9.63,9.53,9.43,93634694.0,700524798.0
2015-12-21,9.34,9.91,9.65,9.27,160593600.0,1215994624.0
2015-12-18,9.38,9.92,9.46,9.32,190694368.0,1445736832.0
2015-12-17,9.3,9.6,9.45,9.2,117097888.0,868658368.0
2015-12-16,9.29,9.35,9.22,9.15,76630360.0,556258240.0
2015-12-15,9.55,9.55,9.29,9.27,72775888.0,537974656.0
2015-12-14,9.1,9.67,9.62,9.06,91784736.0,679525184.0
2015-12-11,9.29,9.36,9.24,9.07,64198396.0,464890176.0
2015-12-10,9.46,9.91,9.34,9.29,99095408.0,741807104.0
2015-12-09,9.41,9.67,9.53,9.4,75269852.0,565518678.0
2015-12-08,9.65,9.67,9.48,9.32,96621432.0,720499840.0
2015-12-07,9.74,9.86,9.71,9.53,82667428.0,629626099.0
2015-12-04,9.87,10.02,9.78,9.67,121459952.0,941263744.0
2015-12-03,10.16,10.76,10.07,9.77,271696426.0,2180027150.0
2015-12-02,9.01,9.95,9.95,8.96,191420976.0,1450098688.0
2015-12-01,9.17,9.25,9.04,8.8,83112402.0,588814644.0
2015-11-30,9.01,9.44,9.22,8.91,110108048.0,795190144.0
2015-11-27,9.54,9.69,8.96,8.87,78707448.0,577581184.0
2015-11-26,9.67,10.04,9.63,9.6,99389360.0,764385600.0
2015-11-25,9.55,9.74,9.64,9.5,63106872.0,476537440.0
2015-11-24,9.77,9.78,9.6,9.53,81114896.0,614470528.0
2015-11-23,9.78,10.0,9.79,9.64,96030008.0,740339456.0
2015-11-20,10.02,10.1,9.83,9.72,112911096.0,879824704.0
2015-11-19,10.16,10.16,10.04,9.87,179366544.0,1409237376.0
2015-11-18,9.65,10.39,10.33,9.52,312324928.0,2452120832.0
2015-11-13,9.54,9.73,9.45,9.4,93305576.0,700621952.0
2015-11-12,9.87,10.0,9.69,9.59,108851832.0,835453376.0
2015-11-11,9.78,9.92,9.76,9.54,140597456.0,1072818304.0
2015-11-10,9.76,10.29,9.95,9.46,256517008.0,1985728640.0
2015-11-09,9.15,9.73,9.73,9.02,133113136.0,1002610560.0
2015-11-06,8.52,8.88,8.84,8.4,141866720.0,967044160.0
2015-11-05,8.19,8.92,8.64,8.19,215255616.0,1465468032.0
2015-11-04,7.97,8.3,8.24,7.94,101533360.0,650444416.0
2015-11-03,7.98,8.04,7.95,7.89,46305984.0,290608096.0
2015-11-02,8.09,8.12,7.99,7.98,43742416.0,277742080.0
2015-10-30,8.07,8.28,8.13,8.04,69917288.0,448208096.0
2015-10-29,8.14,8.14,8.08,8.05,60439480.0,385061472.0
2015-10-28,8.05,8.32,8.17,8.04,112609288.0,726585984.0
2015-10-27,8.14,8.23,8.13,8.05,77779176.0,497621632.0
2015-10-26,8.3,8.41,8.19,8.14,109606688.0,714714496.0
2015-10-23,8.23,8.33,8.24,8.16,125483336.0,815356224.0
2015-10-22,8.18,8.46,8.26,8.04,141021200.0,912586112.0
2015-10-21,8.0,8.63,8.37,7.95,276608512.0,1810569216.0
2015-10-20,7.98,8.04,8.02,7.9,81608592.0,511893888.0
2015-10-19,8.05,8.18,8.02,7.95,98555168.0,625295616.0
2015-10-16,8.03,8.14,8.04,7.96,93671608.0,593253632.0
2015-10-15,7.85,8.0,7.99,7.83,97358768.0,608448768.0
2015-10-14,7.81,8.0,7.9,7.79,91743152.0,569251968.0
2015-10-13,7.81,7.88,7.85,7.75,57498116.0,354329344.0
2015-10-12,7.67,8.0,7.85,7.63,121337608.0,746823296.0
2015-10-09,7.6,7.67,7.63,7.57,49216776.0,295915616.0
2015-10-08,7.6,7.67,7.6,7.5,54231644.0,324624544.0
2015-09-30,7.43,7.56,7.46,7.43,29603784.0,174500880.0
2015-09-29,7.52,7.56,7.46,7.41,35488528.0,208871344.0
2015-09-28,7.57,7.61,7.57,7.53,34090432.0,203000544.0
2015-09-25,7.56,7.67,7.63,7.53,65811844.0,394878496.0
2015-09-24,7.57,7.69,7.61,7.55,33976652.0,203627888.0
2015-09-23,7.65,7.69,7.56,7.53,59709800.0,357170624.0
2015-09-22,7.66,7.86,7.74,7.63,79602080.0,485632736.0
2015-09-21,7.57,7.72,7.69,7.55,55346584.0,332062528.0
2015-09-18,7.75,7.79,7.69,7.67,41702720.0,253629024.0
2015-09-17,7.76,7.95,7.74,7.72,92884456.0,572859968.0
2015-09-16,7.63,8.05,7.93,7.53,141759664.0,861451840.0
2015-09-15,7.62,8.17,7.8,7.56,163499408.0,1017899648.0
2015-09-14,7.84,8.16,7.78,7.52,111665784.0,688609856.0
2015-09-11,7.88,7.98,7.84,7.79,53048412.0,328312128.0
2015-09-10,7.98,8.19,7.93,7.76,90577648.0,571288064.0
2015-09-09,7.81,8.14,8.11,7.75,148140784.0,931381504.0
2015-09-08,7.33,8.07,7.95,7.33,138400576.0,848971072.0
2015-09-07,7.9,7.9,7.43,7.38,115734280.0,700665792.0
2015-09-02,7.88,8.45,7.92,7.78,166177072.0,1058736832.0
2015-09-01,7.98,8.47,8.16,7.85,174011264.0,1126958976.0
2015-08-31,7.92,8.19,8.13,7.69,128883536.0,808236992.0
2015-08-28,8.07,8.23,8.09,7.95,153157600.0,974983488.0
2015-08-27,7.34,7.9,7.9,7.18,139189360.0,818356288.0
2015-08-26,7.13,7.47,7.18,6.87,137831376.0,779771264.0
2015-08-25,7.41,7.71,6.99,6.99,147060416.0,845835200.0
2015-08-24,8.38,8.5,7.76,7.76,117260344.0,737787328.0
2015-08-21,8.9,9.1,8.63,8.56,85415696.0,592957120.0
2015-08-20,9.4,9.4,9.01,8.99,83523840.0,602092992.0
2015-08-19,9.43,9.65,9.4,8.98,134616544.0,984801856.0
2015-08-18,9.48,9.88,9.65,9.45,170275952.0,1298476928.0
2015-08-17,9.63,9.63,9.48,9.4,76687600.0,571762560.0
2015-08-14,9.69,9.74,9.65,9.62,65960192.0,502502176.0
2015-08-13,9.64,9.74,9.69,9.53,69362168.0,525574624.0
2015-08-12,9.78,9.88,9.68,9.64,74538800.0,570479808.0
2015-08-11,9.92,9.98,9.9,9.79,99702648.0,775975360.0
2015-08-10,9.71,10.11,10.01,9.6,132364320.0,1026455488.0
2015-08-07,9.63,9.78,9.71,9.62,75382768.0,574696064.0
2015-08-06,9.65,9.85,9.67,9.55,62945928.0,482610048.0
2015-08-05,9.87,9.87,9.67,9.65,83833144.0,643039040.0
2015-08-04,9.73,9.94,9.9,9.55,90283624.0,693559168.0
2015-08-03,9.5,10.01,9.79,9.36,124551368.0,950459072.0
2015-07-31,10.01,10.11,9.65,9.44,117897720.0,911803136.0
2015-07-30,10.32,10.38,10.12,10.04,143502928.0,1150154112.0
2015-07-29,10.19,10.39,10.3,9.85,172590160.0,1378066176.0
2015-07-28,10.16,11.12,10.42,9.97,243424448.0,2047426688.0
2015-07-27,11.46,11.61,10.56,10.53,251540960.0,2214232320.0
2015-07-24,11.93,12.2,11.7,11.56,215824224.0,2031298432.0
2015-07-23,11.8,12.02,11.97,11.69,185482528.0,1736591616.0
2015-07-22,11.85,12.37,11.89,11.79,240358704.0,2272316928.0
2015-07-21,12.44,12.65,12.11,12.08,253813024.0,2457707264.0
2015-07-20,12.26,13.06,12.68,12.03,331979456.0,3275561728.0
2015-07-17,12.55,12.81,12.45,12.2,251822176.0,2469467392.0
2015-07-16,13.06,13.34,12.55,12.13,326504896.0,3268463872.0
2015-07-15,12.2,13.3,13.06,12.09,474877504.0,4814361088.0
2015-07-14,11.43,12.77,12.67,11.06,442652224.0,4095574016.0
2015-07-13,11.92,12.14,11.69,11.51,343565792.0,3195025152.0
2015-07-10,11.95,13.34,12.43,11.66,433769216.0,4333943296.0
2015-07-09,11.94,13.02,12.44,11.03,380264896.0,3597208064.0
2015-07-08,10.52,12.22,11.94,10.42,754541248.0,6923373056.0
2015-07-07,10.16,11.56,11.56,10.16,551000960.0,4789163008.0
2015-07-06,10.54,10.6,10.51,9.86,645165184.0,5242015232.0
2015-07-03,10.05,10.3,9.69,9.54,310690432.0,2450928640.0
2015-07-02,9.91,10.32,10.32,9.39,525850208.0,4106935040.0
2015-07-01,9.67,9.85,9.38,9.34,176599712.0,1337627520.0
2015-06-30,9.4,9.91,9.79,9.15,259781536.0,1952036480.0
2015-06-29,9.39,9.58,9.22,8.37,250884128.0,1821146368.0
2015-06-26,9.5,9.78,9.11,8.75,238766864.0,1749904768.0
2015-06-25,10.38,10.4,9.73,9.64,254061824.0,2020613248.0
2015-06-24,9.79,10.23,10.09,9.63,176486784.0,1369265280.0
2015-06-23,9.53,9.81,9.79,9.13,148792624.0,1122106496.0
2015-06-19,10.0,10.16,9.45,9.35,191798400.0,1489431040.0
2015-06-18,10.6,10.62,10.18,10.16,289485696.0,2367741440.0
2015-06-17,10.79,11.41,10.85,10.62,552453440.0,4744168448.0
2015-06-16,10.16,10.68,10.63,10.1,353929184.0,2920510208.0
2015-06-15,10.67,10.67,10.27,10.21,254000736.0,2088445184.0
2015-06-12,10.39,10.79,10.75,10.25,274484832.0,2257717504.0
2015-06-11,10.57,10.62,10.39,10.24,183336880.0,1494145536.0
2015-06-10,10.63,10.73,10.56,10.48,202282784.0,1684101760.0
2015-06-09,10.9,11.21,10.79,10.56,401446464.0,3442760192.0
2015-06-08,10.21,10.86,10.79,10.15,469388000.0,3909880576.0
2015-06-05,10.4,10.51,10.16,9.97,313893312.0,2524702976.0
2015-06-04,10.0,10.53,10.3,9.79,396851552.0,3194897920.0
2015-06-03,9.85,10.09,10.02,9.67,259549776.0,2025031168.0
2015-06-02,9.76,9.91,9.83,9.64,164771840.0,1265317120.0
2015-06-01,9.4,9.82,9.79,9.27,182618096.0,1378175744.0
2015-05-29,9.49,9.6,9.39,9.15,175615232.0,1299567872.0
2015-05-28,9.94,10.16,9.49,9.45,292487424.0,2283190272.0
2015-05-27,10.05,10.1,9.95,9.86,155103200.0,1216107648.0
2015-05-26,9.97,10.02,10.01,9.82,185204272.0,1445465856.0
2015-05-25,9.76,9.96,9.94,9.76,206132112.0,1603211776.0
2015-05-22,9.48,9.85,9.73,9.46,182957792.0,1386872192.0
2015-05-21,9.41,9.48,9.43,9.34,117582448.0,869429760.0
2015-05-20,9.53,9.64,9.43,9.39,147938288.0,1107027456.0
2015-05-19,9.16,9.53,9.49,9.16,115698376.0,857313408.0
2015-05-18,9.26,9.38,9.21,9.17,76050112.0,554816256.0
2015-05-15,9.63,9.65,9.34,9.27,114673192.0,849859904.0
2015-05-14,9.78,9.83,9.65,9.62,117206792.0,895690560.0
2015-05-13,9.91,9.97,9.68,9.59,153753280.0,1179119872.0
2015-05-12,9.59,10.11,9.88,9.48,257273952.0,1991704448.0
2015-05-11,9.36,9.63,9.59,9.25,145625072.0,1079391872.0
2015-05-08,9.36,9.43,9.36,9.12,101639304.0,743675840.0
2015-05-07,9.35,9.5,9.26,9.24,95840840.0,705476352.0
2015-05-06,9.55,9.78,9.35,9.26,136475584.0,1026118336.0
2015-05-05,10.06,10.09,9.54,9.5,165242896.0,1273191296.0
2015-05-04,10.05,10.2,10.1,9.96,110576832.0,878471104.0
2015-04-30,10.3,10.35,10.06,10.04,166029872.0,1329760256.0
2015-04-29,10.42,10.42,10.29,10.06,192515984.0,1553111296.0
2015-04-28,10.35,11.01,10.49,10.27,460550560.0,3842074880.0
2015-04-27,10.07,10.32,10.3,10.06,237420592.0,1908322560.0
2015-04-24,10.02,10.09,10.02,9.9,174473680.0,1371953664.0
2015-04-23,10.4,10.4,10.23,10.07,208879232.0,1683169792.0
2015-04-22,10.25,10.42,10.4,10.15,245592080.0,1981031168.0
2015-04-21,10.06,10.24,10.2,9.95,173504496.0,1379570048.0
2015-04-20,10.61,10.61,10.07,10.04,299943872.0,2439350016.0
2015-04-17,10.66,10.8,10.51,10.33,322225760.0,2666470144.0
2015-04-16,9.97,10.53,10.52,9.87,267753408.0,2163734528.0
2015-04-15,9.96,10.38,10.07,9.91,266782608.0,2135440384.0
2015-04-14,10.12,10.12,9.98,9.87,178745200.0,1404672384.0
2015-04-13,10.18,10.4,10.16,9.98,295392896.0,2371766784.0
2015-04-10,9.71,10.04,9.96,9.64,254817744.0,1983697792.0
2015-04-09,9.96,10.14,9.77,9.74,275668096.0,2148909568.0
2015-04-08,9.72,9.97,9.96,9.6,350516448.0,2709343488.0
2015-04-07,9.52,9.73,9.67,9.43,278491072.0,2100968832.0
2015-04-03,9.29,9.43,9.39,9.25,128888800.0,949282432.0
2015-04-02,9.44,9.48,9.34,9.27,134281424.0,987678080.0
2015-04-01,9.35,9.49,9.41,9.27,132053200.0,975059776.0
2015-03-31,9.59,9.69,9.35,9.3,211499152.0,1582740736.0
2015-03-30,9.3,9.55,9.48,9.22,225446544.0,1671889152.0
2015-03-27,9.21,9.35,9.26,9.12,121648808.0,884858624.0
2015-03-26,9.1,9.34,9.19,9.02,133764432.0,967912256.0
2015-03-25,9.39,9.39,9.19,9.15,145919184.0,1061220224.0
2015-03-24,9.52,9.63,9.41,9.29,174446384.0,1295266432.0
2015-03-23,9.54,9.59,9.55,9.44,202639536.0,1519987200.0
2015-03-20,9.43,9.76,9.53,9.25,246074256.0,1839372672.0
2015-03-19,9.52,9.52,9.44,9.31,154174752.0,1139415936.0
2015-03-18,9.32,9.6,9.54,9.29,206696352.0,1538595072.0
2015-03-17,9.39,9.46,9.32,9.21,170859616.0,1251385984.0
2015-03-16,9.15,9.27,9.21,8.99,160262032.0,1154141952.0
2015-03-13,9.26,9.52,9.15,9.06,209667632.0,1533656960.0
2015-03-12,9.02,9.53,9.22,8.92,314078592.0,2279925504.0
2015-03-11,8.74,9.12,8.86,8.73,133417400.0,936332480.0
2015-03-10,8.78,8.96,8.73,8.69,149598656.0,1033623808.0
2015-03-09,8.41,9.19,8.99,8.32,314139808.0,2177504000.0
2015-03-06,8.32,8.41,8.35,8.3,65922208.0,433384736.0
2015-03-05,8.41,8.47,8.32,8.26,99431984.0,652558208.0
2015-03-04,8.51,8.56,8.46,8.4,92044584.0,613466368.0
2015-03-03,8.86,8.87,8.54,8.46,171489808.0,1170607616.0
2015-03-02,8.65,8.96,8.96,8.55,182752944.0,1255475968.0
2015-02-27,8.63,8.66,8.6,8.57,79089816.0,536053504.0
2015-02-26,8.41,8.64,8.63,8.32,102437984.0,686256384.0
2015-02-25,8.57,8.59,8.41,8.4,73115536.0,487174016.0
2015-02-17,8.54,8.69,8.57,8.52,73506232.0,496409248.0
2015-02-16,8.57,8.6,8.54,8.5,43595376.0,292915552.0
2015-02-13,8.55,8.74,8.57,8.5,79996560.0,542696128.0
2015-02-12,8.51,8.55,8.51,8.4,56056972.0,373760064.0
2015-02-11,8.59,8.64,8.51,8.4,57436332.0,384392864.0
2015-02-10,8.28,8.57,8.57,8.24,77097240.0,514716736.0
2015-02-09,8.21,8.45,8.35,8.0,82118624.0,532827328.0
2015-02-06,8.51,8.53,8.22,8.11,110519904.0,722359936.0
2015-02-05,8.99,9.02,8.53,8.49,162215280.0,1125257600.0
2015-02-04,8.74,8.8,8.54,8.51,68510104.0,467734720.0
2015-02-03,8.6,8.73,8.71,8.45,80188304.0,541040320.0
2015-02-02,8.59,8.66,8.49,8.45,84382920.0,568189632.0
2015-01-30,9.02,9.07,8.83,8.79,68146720.0,477976576.0
2015-01-29,8.86,8.96,8.91,8.77,93003448.0,648494528.0
2015-01-28,8.94,9.3,9.08,8.83,163146128.0,1168901888.0
2015-01-27,9.2,9.2,8.97,8.82,109801280.0,776883648.0
2015-01-26,9.2,9.22,9.2,9.01,86008360.0,615657856.0
2015-01-23,9.22,9.4,9.22,9.15,153915056.0,1123305728.0
2015-01-22,9.27,9.34,9.17,9.04,134986352.0,975639040.0
2015-01-21,8.88,9.38,9.29,8.78,224228864.0,1602374784.0
2015-01-20,8.8,9.07,8.8,8.49,224483632.0,1554337920.0
2015-01-19,9.26,9.43,9.01,9.01,179348432.0,1294112384.0
2015-01-16,10.05,10.24,10.01,9.87,209674800.0,1662255744.0
2015-01-15,9.64,10.07,10.06,9.53,201955136.0,1568041344.0
2015-01-14,9.53,10.06,9.73,9.53,209317488.0,1617835904.0
2015-01-13,9.49,9.57,9.41,9.35,96668536.0,716752448.0
2015-01-12,9.53,9.71,9.48,9.3,127071712.0,949152000.0
2015-01-09,9.4,10.2,9.65,9.36,258676848.0,1988183936.0
2015-01-08,10.07,10.12,9.58,9.49,202660640.0,1546069376.0
2015-01-07,9.91,10.29,10.05,9.82,180969312.0,1430048896.0
2015-01-06,10.16,10.56,10.07,9.95,289390336.0,2320454400.0
2015-01-05,10.35,10.58,10.37,10.05,337368256.0,2739056384.0
2014-12-31,10.16,10.4,10.34,9.94,463730464.0,3717933312.0
2014-12-30,9.31,10.18,10.18,9.17,557351488.0,4394108416.0
2014-12-29,9.63,9.9,9.25,9.08,295012896.0,2213615360.0
2014-12-26,8.92,9.35,9.31,8.77,271848832.0,1946021760.0
2014-12-25,8.75,9.06,8.87,8.59,188503504.0,1311618816.0
2014-12-24,9.08,9.13,8.56,8.41,187566096.0,1279191552.0
2014-12-23,9.15,9.52,8.97,8.7,226615936.0,1631167232.0
2014-12-22,9.01,9.85,9.41,8.84,386676928.0,2863339776.0
2014-12-19,8.65,9.13,8.99,8.65,252541856.0,1772458880.0
2014-12-18,9.27,9.35,8.79,8.7,366613504.0,2586988544.0
2014-12-17,8.38,9.11,9.11,8.23,571677888.0,3966859776.0
2014-12-16,7.79,8.32,8.28,7.76,265411184.0,1690281984.0
2014-12-15,7.89,7.9,7.81,7.56,175229984.0,1065533120.0
2014-12-12,8.05,8.18,7.97,7.88,128512320.0,810432896.0
2014-12-11,8.08,8.38,8.03,7.95,169773488.0,1085508224.0
2014-12-10,8.11,8.38,8.24,7.6,265191168.0,1672474368.0
2014-12-09,8.69,9.25,8.07,7.93,391111296.0,2726662400.0
2014-12-08,8.4,9.06,8.8,8.35,352077856.0,2407303680.0
2014-12-05,8.63,9.24,8.75,8.27,397448896.0,2741329664.0
2014-12-04,8.13,8.7,8.6,7.96,323207424.0,2127172992.0
2014-12-03,8.38,8.7,8.17,8.09,355117792.0,2351961600.0
2014-12-02,7.86,8.75,8.47,7.81,372288640.0,2411000320.0
2014-12-01,8.26,8.42,7.99,7.81,413995744.0,2629477376.0
2014-11-28,7.1,7.76,7.76,7.1,418403328.0,2494598144.0
2014-11-27,6.8,7.08,7.05,6.77,269831936.0,1469665664.0
2014-11-26,6.54,6.81,6.76,6.49,198820592.0,1043308352.0
2014-11-25,6.45,6.55,6.54,6.38,117087792.0,595445824.0
2014-11-24,6.31,6.57,6.48,6.28,163227296.0,825030784.0
2014-11-21,6.31,6.48,6.47,6.22,92580576.0,462765376.0
2014-11-20,6.28,6.34,6.31,6.21,56021000.0,277302624.0
2014-11-19,6.22,6.29,6.28,6.2,42602704.0,209609056.0
2014-11-18,6.28,6.33,6.24,6.19,64101196.0,314769568.0
2014-11-17,6.47,6.5,6.29,6.28,78605872.0,392708128.0
2014-11-14,6.54,6.54,6.44,6.33,79412744.0,401027424.0
2014-11-13,6.63,6.76,6.54,6.5,105604072.0,549540096.0
2014-11-12,6.58,6.64,6.63,6.45,114825648.0,592034496.0
2014-11-11,6.57,6.99,6.7,6.48,303837056.0,1611863680.0
2014-11-10,6.35,6.62,6.54,6.25,185013872.0,934082688.0
2014-11-07,6.14,6.54,6.25,6.1,245730944.0,1225612416.0
2014-11-06,6.17,6.24,6.14,6.08,71063664.0,344429888.0
2014-11-05,6.1,6.29,6.21,5.98,148664912.0,718334464.0
2014-11-04,6.14,6.16,6.08,6.07,79487408.0,382519168.0
2014-11-03,6.21,6.29,6.16,6.07,111760472.0,543350912.0
2014-10-31,6.06,6.39,6.21,6.03,281304608.0,1371539072.0
2014-10-30,5.98,6.11,6.02,5.91,215838560.0,1021966272.0
2014-10-29,5.72,6.01,5.92,5.68,152038624.0,700717760.0
2014-10-28,5.58,5.73,5.72,5.58,60291464.0,269526336.0
2014-10-27,5.81,5.81,5.63,5.56,90608208.0,404802144.0
2014-10-24,5.89,5.96,5.86,5.83,74255408.0,344278464.0
2014-10-23,5.89,6.03,5.88,5.83,117696640.0,549351872.0
2014-10-22,5.89,6.06,5.91,5.87,93692152.0,439544864.0
2014-10-21,6.02,6.08,5.91,5.87,93813040.0,441061152.0
2014-10-20,5.93,6.11,6.05,5.84,136764480.0,643826624.0
2014-10-17,5.97,6.01,5.91,5.83,116873360.0,545404928.0
2014-10-16,5.83,6.29,6.03,5.81,240145056.0,1149625472.0
2014-10-15,5.75,5.96,5.87,5.74,116359056.0,536445440.0
2014-10-14,5.77,5.86,5.77,5.74,58751928.0,267764784.0
2014-10-13,5.79,5.81,5.77,5.73,50872508.0,230558096.0
2014-10-10,5.77,5.89,5.83,5.74,111920464.0,512501952.0
2014-10-09,5.81,5.83,5.79,5.75,58925176.0,268438560.0
2014-10-08,5.78,5.82,5.82,5.73,78266704.0,355849632.0
2014-09-30,5.77,5.79,5.77,5.74,47821288.0,216813808.0
2014-09-29,5.77,5.82,5.78,5.73,61606144.0,279765440.0
2014-09-26,5.81,5.83,5.75,5.73,67943624.0,308924640.0
2014-09-25,5.79,5.92,5.83,5.74,125608640.0,575230720.0
2014-09-24,5.68,5.81,5.77,5.62,99317608.0,448397472.0
2014-09-23,5.62,5.77,5.7,5.6,64263952.0,287561152.0
2014-09-22,5.74,5.78,5.63,5.59,82994928.0,370217600.0
2014-09-19,5.72,5.82,5.77,5.7,110924696.0,502738592.0
2014-09-18,5.55,6.12,5.82,5.53,200379328.0,920202688.0
2014-09-17,5.55,5.6,5.56,5.53,50869752.0,222347968.0
2014-09-16,5.59,5.73,5.58,5.53,120569120.0,534067008.0
2014-09-15,5.54,5.6,5.6,5.51,52631456.0,230271248.0
2014-09-12,5.51,5.56,5.55,5.5,32903062.0,143331568.0
2014-09-11,5.59,5.65,5.54,5.5,66769988.0,292794112.0
2014-09-10,5.59,5.6,5.59,5.55,34908472.0,153218304.0
2014-09-09,5.67,5.68,5.6,5.56,44935288.0,198216400.0
2014-09-05,5.63,5.68,5.65,5.62,73531280.0,327260928.0
2014-09-04,5.62,5.63,5.62,5.58,48984228.0,215886032.0
2014-09-03,5.53,5.62,5.62,5.5,87921904.0,386350976.0
2014-09-02,5.46,5.53,5.51,5.44,51973904.0,224348112.0
2014-09-01,5.45,5.5,5.45,5.42,50438920.0,216412544.0
2014-08-29,5.37,5.45,5.44,5.37,27272192.0,116270952.0
2014-08-28,5.42,5.45,5.37,5.37,24416366.0,103905552.0
2014-08-27,5.42,5.47,5.42,5.41,18833722.0,80584480.0
2014-08-26,5.47,5.49,5.44,5.41,25317992.0,108541248.0
2014-08-25,5.54,5.55,5.46,5.42,28816402.0,124089432.0
2014-08-22,5.51,5.54,5.53,5.49,32150394.0,139609792.0
2014-08-21,5.58,5.6,5.51,5.46,42574040.0,184970880.0
2014-08-20,5.62,5.63,5.59,5.58,26552752.0,116924472.0
2014-08-19,5.64,5.65,5.62,5.58,39052072.0,172217680.0
2014-08-18,5.67,5.68,5.64,5.59,36309624.0,160757360.0
2014-08-15,5.58,5.67,5.64,5.56,47153616.0,208693936.0
2014-08-14,5.62,5.63,5.56,5.55,31454378.0,138597568.0
2014-08-13,5.64,5.64,5.6,5.56,54385764.0,239475248.0
2014-08-12,5.68,5.69,5.65,5.62,39461852.0,175039456.0
2014-08-11,5.62,5.78,5.7,5.6,62230752.0,278980608.0
2014-08-08,5.62,5.65,5.62,5.58,28456872.0,125724312.0
2014-08-07,5.63,5.67,5.59,5.56,45357204.0,200297664.0
2014-08-06,5.69,5.72,5.64,5.59,65080960.0,288480192.0
2014-08-05,5.77,5.81,5.75,5.68,55209288.0,249349824.0
2014-08-04,5.67,5.75,5.74,5.65,54308576.0,244501104.0
2014-08-01,5.73,5.82,5.65,5.64,63934688.0,288615200.0
2014-07-31,5.68,5.78,5.77,5.62,49679060.0,222656608.0
2014-07-30,5.72,5.83,5.7,5.65,59666388.0,268462240.0
2014-07-29,5.78,5.87,5.75,5.69,90578936.0,411441152.0
2014-07-28,5.55,5.96,5.77,5.54,143061952.0,647277696.0
2014-07-25,5.5,5.58,5.54,5.44,70536256.0,305685440.0
2014-07-24,5.21,5.67,5.5,5.2,114787256.0,490327360.0
2014-07-23,5.14,5.25,5.22,5.13,55528280.0,227627264.0
2014-07-22,5.08,5.17,5.14,5.07,33428432.0,135146768.0
2014-07-21,5.13,5.14,5.09,5.08,25817472.0,103824376.0
2014-07-18,5.12,5.18,5.14,5.12,32667114.0,132605848.0
2014-07-17,5.17,5.18,5.14,5.11,22992730.0,92841720.0
2014-07-16,5.17,5.17,5.16,5.12,39123032.0,168310800.0
2014-07-15,5.14,5.19,5.16,5.12,45142208.0,194373776.0
2014-07-14,5.08,5.17,5.16,5.07,29480076.0,126112480.0
2014-07-11,5.07,5.11,5.08,5.05,30407328.0,129033752.0
2014-07-10,5.06,5.08,5.06,5.04,24799044.0,104904000.0
2014-07-09,5.18,5.18,5.07,5.05,54410448.0,231619648.0
2014-07-08,5.14,5.24,5.19,5.12,39629636.0,171680240.0
2014-07-07,5.16,5.17,5.14,5.11,21669540.0,93085240.0
2014-07-04,5.17,5.19,5.16,5.13,24600988.0,106095992.0
2014-07-03,5.11,5.21,5.18,5.09,50262980.0,217271024.0
2014-07-02,5.09,5.12,5.11,5.07,20620452.0,87826200.0
2014-07-01,5.12,5.13,5.09,5.06,18950584.0,80604960.0
2014-06-30,5.08,5.13,5.11,5.07,29522920.0,125936656.0
2014-06-27,5.09,5.12,5.09,5.06,19518456.0,83007504.0
2014-06-26,5.07,5.12,5.11,5.06,20629412.0,87980648.0
2014-06-25,5.08,5.09,5.08,5.01,24804704.0,104881760.0
2014-06-24,5.08,5.12,5.08,5.06,21279430.0,90319944.0
2014-06-23,5.12,5.13,5.08,5.07,14530597.0,61935056.0
2014-06-20,5.08,5.13,5.12,5.07,16038667.0,68397160.0
2014-06-19,5.14,5.18,5.06,5.05,23228524.0,99273776.0
2014-06-18,5.23,5.25,5.16,5.13,28754364.0,124583576.0
2014-06-17,5.27,5.27,5.24,5.21,26140792.0,114450536.0
2014-06-16,5.21,5.35,5.3,5.18,58792476.0,258669472.0
2014-06-13,5.13,5.36,5.25,5.11,56209304.0,246921472.0
2014-06-12,5.16,5.17,5.14,5.13,14445937.0,62112192.0
2014-06-11,5.17,5.19,5.18,5.14,17830284.0,77012136.0
2014-06-10,5.13,5.21,5.19,5.12,34272336.0,148239824.0
2014-06-09,5.12,5.19,5.12,5.11,22773632.0,97872832.0
2014-06-06,5.18,5.18,5.13,5.11,23876372.0,102602160.0
2014-06-05,5.14,5.21,5.19,5.12,47972176.0,207158912.0
2014-06-04,5.06,5.24,5.2,4.96,92142800.0,393105376.0
2014-06-03,5.06,5.11,5.06,5.05,37161508.0,157605616.0
2014-05-30,5.06,5.09,5.05,5.0,32756544.0,138331424.0
2014-05-29,5.11,5.13,5.06,5.05,39599080.0,168026496.0
2014-05-28,5.09,5.12,5.12,5.0,37944972.0,160437040.0
2014-05-27,5.09,5.12,5.09,5.07,27207404.0,115966096.0
2014-05-26,5.12,5.16,5.11,5.07,29044176.0,123843320.0
2014-05-23,5.08,5.16,5.13,5.07,21581240.0,92382312.0
2014-05-22,5.11,5.17,5.09,5.07,30713872.0,131564016.0
2014-05-21,5.0,5.13,5.11,4.95,39704656.0,168292736.0
2014-05-20,5.02,5.05,5.01,4.99,33795528.0,141572112.0
2014-05-19,5.16,5.17,5.01,4.96,55475240.0,232997424.0
2014-05-16,5.36,5.39,5.16,5.11,77506600.0,337508864.0
2014-05-15,5.43,5.43,5.37,5.36,21847406.0,98370048.0
2014-05-14,5.42,5.47,5.42,5.39,17667496.0,80122632.0
2014-05-13,5.49,5.49,5.43,5.39,34833316.0,158127664.0
2014-05-12,5.44,5.51,5.48,5.38,40357468.0,184107056.0
2014-05-09,5.44,5.49,5.39,5.36,23305176.0,105241496.0
2014-05-08,5.37,5.51,5.43,5.36,49058800.0,223005184.0
2014-05-07,5.55,5.56,5.38,5.37,60752996.0,276549632.0
2014-05-06,5.62,5.63,5.58,5.54,37527896.0,175263904.0
2014-05-05,5.74,5.74,5.64,5.56,41843260.0,196537680.0
2014-04-30,5.85,5.88,5.75,5.74,29139188.0,141210480.0
2014-04-29,5.81,5.86,5.85,5.71,31143722.0,150714144.0
2014-04-28,5.86,5.96,5.8,5.72,46659496.0,226700432.0
2014-04-25,5.83,6.04,5.9,5.72,78897264.0,391113088.0
2014-04-24,5.75,5.91,5.79,5.75,32136448.0,156601984.0
2014-04-23,5.84,5.88,5.78,5.75,41128940.0,199734176.0
2014-04-22,5.62,5.88,5.86,5.58,78593832.0,380365792.0
2014-04-21,5.68,5.78,5.62,5.61,28374192.0,134986112.0
2014-04-18,5.72,5.75,5.73,5.64,22977556.0,109555096.0
2014-04-17,5.86,5.88,5.73,5.72,30994294.0,149293216.0
2014-04-16,5.74,5.86,5.81,5.74,29211248.0,141650848.0
2014-04-15,5.93,5.96,5.8,5.76,52472624.0,255646720.0
2014-04-14,5.98,6.04,5.97,5.9,78979720.0,393957664.0
2014-04-11,5.66,6.23,6.09,5.61,152315888.0,755630336.0
2014-04-10,5.66,5.75,5.68,5.6,70034376.0,332016320.0
2014-04-09,5.67,5.67,5.64,5.62,46360540.0,218753280.0
2014-04-08,5.49,5.72,5.64,5.47,88231720.0,413577312.0
2014-04-04,5.44,5.53,5.49,5.38,44122736.0,202173200.0
2014-04-03,5.6,5.61,5.47,5.43,59166104.0,272663328.0
2014-04-02,5.55,5.64,5.61,5.5,67107556.0,312277824.0
2014-04-01,5.51,5.64,5.57,5.45,42779480.0,198843744.0
2014-03-31,5.51,5.55,5.54,5.42,48368840.0,222318656.0
2014-03-28,5.6,5.62,5.5,5.49,54921136.0,254759568.0
2014-03-27,5.55,5.71,5.58,5.5,96204704.0,450105280.0
2014-03-26,5.53,5.58,5.48,5.43,39590656.0,181577920.0
2014-03-25,5.64,5.64,5.51,5.5,63862084.0,296596288.0
2014-03-24,5.54,5.84,5.66,5.45,133647744.0,623548800.0
2014-03-21,5.37,5.69,5.62,5.26,162111600.0,747079808.0
2014-03-20,5.49,5.56,5.33,5.32,87145232.0,397307200.0
2014-03-19,5.49,5.51,5.5,5.35,77852544.0,353469888.0
2014-03-18,5.39,5.58,5.57,5.35,125913544.0,576630400.0
2014-03-17,5.57,5.67,5.45,5.26,197549984.0,891918976.0
2014-03-14,6.35,6.38,5.85,5.74,152924576.0,763228800.0
2014-03-13,6.53,6.59,6.38,6.24,139177728.0,744670464.0
2014-03-12,6.16,6.54,6.54,6.04,215062640.0,1144427520.0
2014-03-11,5.86,6.04,5.94,5.85,63554052.0,315781472.0
2014-03-10,5.83,6.03,5.84,5.76,68358848.0,336569760.0
2014-03-07,5.8,6.16,5.85,5.78,100510312.0,500237696.0
2014-03-06,5.93,5.96,5.8,5.75,61541784.0,300873984.0
2014-03-05,6.04,6.06,5.96,5.87,54066472.0,267819664.0
2014-03-04,6.08,6.12,6.02,5.93,66353000.0,334513792.0
2014-03-03,6.12,6.23,6.14,6.0,95562192.0,487604192.0
2014-02-28,6.29,6.67,6.3,6.05,121018512.0,641326144.0
2014-02-27,6.02,6.59,6.38,5.99,137425984.0,727443200.0
2014-02-26,5.8,6.28,6.09,5.67,94293568.0,475656384.0
2014-02-25,6.18,6.38,5.91,5.64,113774688.0,573613184.0
2014-02-24,6.16,6.41,6.18,5.85,134080136.0,688660160.0
2014-02-21,5.99,6.21,6.18,5.81,112661880.0,568306048.0
2014-02-20,6.15,6.55,6.08,5.92,182939856.0,953303616.0
2014-02-19,5.57,6.17,6.17,5.54,262104704.0,1306405632.0
2014-02-18,5.69,5.73,5.61,5.48,165625216.0,773772608.0
2014-02-17,5.79,5.83,5.75,5.56,128669560.0,612179200.0
2014-02-14,5.74,5.9,5.81,5.68,169245408.0,817970240.0
2014-02-13,5.33,5.94,5.92,5.25,347735328.0,1655305216.0
2014-02-12,5.14,5.49,5.41,5.08,320022624.0,1407578368.0
2014-02-11,4.53,5.0,5.0,4.53,247558384.0,1022101504.0
2014-02-10,4.37,4.57,4.54,4.35,45262304.0,170325216.0
2014-02-07,4.32,4.37,4.35,4.29,13312229.0,48180736.0
2014-01-30,4.42,4.45,4.32,4.31,13967569.0,51005112.0
2014-01-29,4.41,4.46,4.45,4.39,13908172.0,51620984.0
2014-01-28,4.35,4.42,4.41,4.33,15759472.0,57729436.0
2014-01-27,4.34,4.45,4.34,4.31,20665336.0,75275440.0
2014-01-24,4.34,4.39,4.37,4.32,11252661.0,41072932.0
2014-01-23,4.38,4.38,4.35,4.34,9956311.0,36253348.0
2014-01-22,4.32,4.4,4.39,4.31,13923635.0,50844312.0
2014-01-21,4.29,4.35,4.33,4.28,6980614.0,25231144.0
2014-01-20,4.29,4.32,4.29,4.27,7249622.0,26033694.0
2014-01-17,4.32,4.34,4.29,4.28,9303853.0,33508508.0
2014-01-16,4.35,4.38,4.34,4.31,10949223.0,39829136.0
2014-01-15,4.46,4.46,4.35,4.29,28874660.0,104839376.0
2014-01-14,4.5,4.51,4.46,4.42,13938161.0,51920512.0
2014-01-13,4.47,4.51,4.5,4.44,16814148.0,62959532.0
2014-01-10,4.45,4.47,4.44,4.42,11417081.0,42518652.0
2014-01-09,4.44,4.51,4.45,4.42,10259319.0,38273440.0
2014-01-08,4.47,4.52,4.47,4.44,8370970.0,31328328.0
2014-01-07,4.44,4.5,4.46,4.4,12226181.0,45549664.0
2014-01-06,4.54,4.54,4.47,4.42,13614739.0,50903976.0
2014-01-03,4.58,4.62,4.54,4.51,17005686.0,65011764.0
2014-01-02,4.61,4.64,4.62,4.58,13273498.0,51090048.0
2013-12-31,4.5,4.65,4.63,4.5,19984860.0,76978720.0
2013-12-30,4.57,4.61,4.52,4.51,15831034.0,60165104.0
2013-12-27,4.46,4.56,4.53,4.45,24057164.0,90669064.0
2013-12-26,4.52,4.53,4.46,4.45,10518147.0,39427608.0
2013-12-25,4.56,4.56,4.52,4.49,13150945.0,49616912.0
2013-12-24,4.52,4.57,4.54,4.49,12968651.0,49048368.0
2013-12-23,4.53,4.62,4.52,4.46,31136398.0,118066816.0
2013-12-20,4.69,4.7,4.28,4.22,28062388.0,107063664.0
2013-12-19,4.74,4.77,4.69,4.68,13877665.0,54852224.0
2013-12-18,4.74,4.76,4.72,4.71,10759194.0,42558936.0
2013-12-17,4.76,4.78,4.72,4.72,10791119.0,42790828.0
2013-12-16,4.81,4.83,4.76,4.75,15118122.0,60557784.0
2013-12-13,4.77,4.82,4.8,4.75,14476966.0,57937784.0
2013-12-12,4.83,4.84,4.81,4.78,13883112.0,55906616.0
2013-12-11,4.87,4.89,4.84,4.8,18805292.0,75789464.0
2013-12-10,4.9,4.92,4.89,4.87,12006056.0,49111528.0
2013-12-09,4.89,4.93,4.89,4.88,10704276.0,43844896.0
2013-12-06,4.92,4.93,4.89,4.84,13319828.0,54335224.0
2013-12-05,4.95,4.97,4.92,4.89,21616078.0,89119328.0
2013-12-04,4.88,4.97,4.94,4.88,35022300.0,144745424.0
2013-12-03,4.88,4.93,4.92,4.83,26476816.0,107982304.0
2013-12-02,4.81,5.0,4.89,4.8,47763368.0,195422320.0
2013-11-29,4.83,4.86,4.82,4.81,10478641.0,42242508.0
2013-11-28,4.81,4.86,4.82,4.78,19556856.0,78925440.0
2013-11-27,4.76,4.83,4.8,4.72,17715300.0,70845088.0
2013-11-26,4.77,4.82,4.76,4.72,19213684.0,76512248.0
2013-11-25,4.78,4.86,4.77,4.77,23013860.0,92567872.0
2013-11-22,4.89,4.9,4.8,4.78,28692324.0,116109776.0
2013-11-21,4.88,4.9,4.89,4.81,26560136.0,107603440.0
2013-11-20,4.92,4.96,4.92,4.87,23810364.0,97750920.0
2013-11-19,4.94,4.94,4.88,4.84,35722928.0,146012448.0
2013-11-18,4.77,4.97,4.94,4.75,72214304.0,293821984.0
2013-11-15,4.7,4.83,4.75,4.69,26918100.0,107437120.0
2013-11-14,4.72,4.76,4.7,4.64,20608964.0,81034024.0
2013-11-13,4.78,4.81,4.74,4.7,24980922.0,99401920.0
2013-11-12,4.74,4.94,4.84,4.74,39841732.0,161634736.0
2013-11-11,4.68,4.77,4.74,4.66,22132400.0,87427128.0
2013-11-08,4.69,4.75,4.68,4.65,20487340.0,80618912.0
2013-11-07,4.7,4.72,4.7,4.65,19314544.0,75762416.0
2013-11-06,4.78,4.78,4.69,4.69,20777272.0,82127128.0
2013-11-05,4.81,4.84,4.82,4.7,35499564.0,141737968.0
2013-11-04,4.86,4.92,4.84,4.78,42830560.0,173136416.0
2013-11-01,4.7,4.86,4.82,4.69,58567936.0,235072720.0
2013-10-31,4.76,4.77,4.7,4.69,30694530.0,121193464.0
2013-10-30,4.65,4.8,4.78,4.62,64140232.0,253012208.0
2013-10-29,4.56,4.75,4.64,4.54,58031068.0,224805392.0
2013-10-28,4.54,4.57,4.54,4.51,14266482.0,54137096.0
2013-10-25,4.52,4.65,4.54,4.51,28370156.0,108299672.0
2013-10-24,4.57,4.59,4.52,4.51,19931280.0,75598632.0
2013-10-23,4.57,4.69,4.58,4.54,33303954.0,128557576.0
2013-10-22,4.58,4.59,4.56,4.52,13072882.0,49753164.0
2013-10-21,4.58,4.59,4.59,4.51,22373048.0,85261424.0
2013-10-18,4.53,4.58,4.56,4.51,15108802.0,57464792.0
2013-10-17,4.52,4.56,4.52,4.51,14557985.0,55175992.0
2013-10-16,4.54,4.56,4.5,4.47,16504721.0,62217032.0
2013-10-15,4.57,4.59,4.56,4.52,17031268.0,64882400.0
2013-10-14,4.59,4.61,4.57,4.54,20996926.0,80114608.0
2013-10-11,4.49,4.61,4.58,4.46,34663648.0,131822912.0
2013-10-10,4.54,4.57,4.46,4.44,30718412.0,115033600.0
2013-10-09,4.51,4.59,4.54,4.49,24430924.0,92661848.0
2013-10-08,4.44,4.53,4.52,4.4,31484684.0,117844712.0
2013-09-30,4.57,4.59,4.49,4.41,61612024.0,230612864.0
2013-09-27,4.54,4.58,4.54,4.51,12484122.0,47356336.0
2013-09-26,4.62,4.63,4.54,4.52,22242950.0,84771064.0
2013-09-25,4.63,4.71,4.62,4.59,26451000.0,102737960.0
2013-09-24,4.71,4.72,4.65,4.57,30279880.0,117290792.0
2013-09-23,4.71,4.76,4.74,4.65,26039340.0,102580496.0
2013-09-18,4.68,4.75,4.7,4.61,24580080.0,96248256.0
2013-09-17,4.87,4.88,4.68,4.65,39019836.0,155488848.0
2013-09-16,4.93,4.94,4.86,4.81,29061224.0,118329776.0
2013-09-13,4.96,5.0,4.88,4.84,52428624.0,215531680.0
2013-09-12,4.86,5.14,4.97,4.81,100206736.0,419388864.0
2013-09-11,4.88,4.93,4.86,4.83,40244796.0,164105136.0
2013-09-10,4.88,4.9,4.86,4.76,58360992.0,235389296.0
2013-09-09,4.56,4.97,4.9,4.56,149043520.0,601579712.0
2013-09-06,4.45,4.56,4.53,4.42,52097832.0,196216272.0
2013-09-05,4.42,4.47,4.47,4.4,38939456.0,144245888.0
2013-09-04,4.35,4.45,4.44,4.34,56222448.0,206433488.0
2013-09-03,4.31,4.38,4.38,4.29,37921500.0,137799520.0
2013-09-02,4.31,4.32,4.31,4.27,26680628.0,95829360.0
2013-08-30,4.29,4.32,4.29,4.27,36955216.0,132547424.0
2013-08-29,4.32,4.34,4.29,4.28,21506976.0,77364808.0
2013-08-28,4.27,4.33,4.31,4.25,32276496.0,115767872.0
2013-08-27,4.34,4.35,4.31,4.27,35750832.0,128608024.0
2013-08-26,4.31,4.35,4.34,4.27,31213846.0,112830768.0
2013-08-23,4.32,4.34,4.31,4.21,34010760.0,121802232.0
2013-08-22,4.29,4.38,4.29,4.27,24550992.0,88715328.0
2013-08-21,4.34,4.35,4.31,4.27,17910136.0,64325784.0
2013-08-20,4.34,4.45,4.33,4.32,28638774.0,104672288.0
2013-08-19,4.29,4.4,4.37,4.25,28149852.0,101630016.0
2013-08-16,4.27,4.71,4.32,4.23,69335944.0,255211344.0
2013-08-15,4.32,4.34,4.28,4.28,23167296.0,83521712.0
2013-08-14,4.31,4.39,4.32,4.28,40975824.0,148781664.0
2013-08-13,4.28,4.32,4.32,4.26,33557044.0,120220200.0
2013-08-12,4.19,4.29,4.28,4.17,45746692.0,162644576.0
2013-08-09,4.19,4.21,4.19,4.11,18329764.0,63802244.0
2013-08-08,4.19,4.22,4.17,4.15,15186997.0,53154272.0
2013-08-07,4.17,4.22,4.19,4.16,22362934.0,78470992.0
2013-08-06,4.19,4.21,4.19,4.11,27910316.0,96986808.0
2013-08-05,4.17,4.21,4.2,4.15,18894888.0,66092272.0
2013-08-02,4.23,4.23,4.17,4.15,28699358.0,100453528.0
2013-08-01,4.15,4.23,4.21,4.15,17102984.0,59859636.0
2013-07-31,4.16,4.21,4.14,4.13,15423733.0,53715956.0
2013-07-30,4.09,4.19,4.15,4.09,22336692.0,77250064.0
2013-07-29,4.14,4.16,4.08,4.05,25509920.0,87278272.0
2013-07-26,4.19,4.22,4.16,4.14,19735500.0,68841392.0
2013-07-25,4.25,4.27,4.21,4.19,19481104.0,68740960.0
2013-07-24,4.27,4.29,4.22,4.16,23050684.0,81507232.0
2013-07-23,4.2,4.34,4.31,4.17,29551132.0,105682952.0
2013-07-22,4.21,4.22,4.19,4.11,32935470.0,115041536.0
2013-07-19,4.37,4.41,4.26,4.25,19615458.0,70887480.0
2013-07-18,4.39,4.41,4.34,4.28,23876384.0,86736112.0
2013-07-17,4.47,4.5,4.39,4.36,33981780.0,130874192.0
2013-07-16,4.48,4.49,4.49,4.4,25883752.0,100018264.0
2013-07-15,4.38,4.67,4.49,4.26,51898024.0,202572048.0
2013-07-12,4.42,4.43,4.31,4.3,31370384.0,119107136.0
2013-07-11,4.18,4.54,4.41,4.18,59740572.0,228448336.0
2013-07-10,4.08,4.18,4.18,4.08,15067767.0,54204096.0
2013-07-09,4.08,4.11,4.09,4.08,8801521.0,31353742.0
2013-07-08,4.13,4.13,4.09,4.04,14247206.0,50697484.0
2013-07-05,4.18,4.2,4.17,4.16,12357768.0,44985120.0
2013-07-04,4.12,4.21,4.16,4.08,16010710.0,57862964.0
2013-07-03,4.23,4.23,4.15,4.09,18658692.0,67200360.0
2013-07-02,4.26,4.3,4.24,4.18,17887912.0,66025304.0
2013-07-01,4.26,4.31,4.25,4.21,18714356.0,69522744.0
2013-06-28,4.08,4.34,4.26,4.07,31093452.0,114124384.0
2013-06-27,4.05,4.16,4.1,4.04,27556966.0,98354784.0
2013-06-26,4.12,4.16,4.02,3.98,35042956.0,123349176.0
2013-06-25,4.08,4.13,4.09,3.92,49456612.0,173097936.0
2013-06-24,4.32,4.32,4.11,4.07,32246520.0,116837648.0
2013-06-21,4.26,4.38,4.33,4.2,18686688.0,70039072.0
2013-06-20,4.48,4.49,4.32,4.32,20676276.0,79133000.0
2013-06-19,4.57,4.57,4.5,4.46,16784964.0,65661864.0
2013-06-18,4.58,4.59,4.58,4.55,9681642.0,38588928.0
2013-06-17,4.56,4.64,4.55,4.54,13112263.0,52212688.0
2013-06-14,4.55,4.58,4.54,4.5,15330338.0,60460792.0
2013-06-13,4.71,4.71,4.53,4.45,33781112.0,133665376.0
2013-06-07,4.83,4.87,4.71,4.69,29094638.0,120399208.0
2013-06-06,4.92,4.92,4.83,4.81,26177144.0,110725128.0
2013-06-05,4.94,4.95,4.92,4.9,10950296.0,46943816.0
2013-06-04,4.99,5.02,4.95,4.92,20484852.0,88396816.0
2013-06-03,5.01,5.02,5.01,4.97,20630434.0,89761888.0
2013-05-31,5.04,5.07,5.01,5.01,16493369.0,72161992.0
2013-05-30,5.07,5.1,5.03,5.01,30072004.0,131934040.0
2013-05-29,5.11,5.13,5.09,5.05,25977452.0,115337336.0
2013-05-28,5.02,5.11,5.11,4.99,31102790.0,136814144.0
2013-05-27,5.05,5.05,5.02,5.0,19507644.0,85275096.0
2013-05-24,5.04,5.09,5.04,5.01,17854656.0,78299888.0
2013-05-23,5.14,5.14,5.03,5.02,36252828.0,160058624.0
2013-05-22,5.11,5.17,5.16,5.1,21409780.0,95682192.0
2013-05-21,5.14,5.14,5.11,5.08,20707578.0,92059120.0
2013-05-20,5.1,5.21,5.14,5.09,36556300.0,164095376.0
2013-05-17,5.05,5.12,5.09,5.02,38232712.0,168922656.0
2013-05-16,4.94,5.05,5.04,4.9,31419756.0,136660160.0
2013-05-15,4.99,5.01,4.95,4.93,12501015.0,53943372.0
2013-05-14,5.03,5.04,4.97,4.95,14486179.0,62751200.0
2013-05-13,5.04,5.07,5.03,5.01,16084177.0,70475608.0
2013-05-10,5.0,5.11,5.05,4.96,18768020.0,82446528.0
2013-05-09,5.07,5.09,5.01,4.97,16957732.0,73999840.0
2013-05-08,5.05,5.11,5.05,5.01,21782668.0,96056928.0
2013-05-07,5.05,5.05,5.03,4.99,21976830.0,96004528.0
2013-05-06,4.95,5.11,5.08,4.94,36520388.0,160630640.0
2013-05-03,4.88,5.02,4.94,4.86,38963368.0,168234592.0
2013-05-02,4.88,4.92,4.86,4.83,20408780.0,86635272.0
2013-04-26,4.97,5.0,4.9,4.88,20002122.0,85898528.0
2013-04-25,4.94,5.03,4.94,4.86,28297042.0,121916112.0
2013-04-24,4.89,5.02,4.97,4.83,33092784.0,142216928.0
2013-04-23,5.07,5.07,4.87,4.86,36193744.0,155276720.0
2013-04-22,5.09,5.11,5.07,5.02,42969712.0,189396000.0
2013-04-19,4.93,5.19,5.13,4.9,71475680.0,315585984.0
2013-04-18,4.85,4.94,4.94,4.8,24558216.0,104257648.0
2013-04-17,4.93,4.93,4.88,4.82,19598322.0,83038376.0
2013-04-16,4.87,4.94,4.93,4.77,29910716.0,126392256.0
2013-04-15,4.93,4.95,4.88,4.86,22947018.0,97677584.0
2013-04-12,4.97,4.97,4.92,4.9,23765984.0,102182200.0
2013-04-11,4.97,5.03,4.96,4.92,37247680.0,161004720.0
2013-04-10,4.93,5.02,4.93,4.89,33786784.0,145908096.0
2013-04-09,4.94,5.01,4.95,4.93,46419660.0,200622896.0
2013-04-08,4.88,4.95,4.93,4.83,50565556.0,215022464.0
2013-04-03,5.14,5.19,5.02,4.94,63815792.0,281673472.0
2013-04-02,5.28,5.33,5.14,5.09,65685800.0,296851456.0
2013-04-01,5.38,5.39,5.28,5.21,63087612.0,290623264.0
2013-03-29,5.38,5.44,5.36,5.26,108631648.0,506567488.0
2013-03-28,5.44,5.73,5.5,5.44,151947328.0,735114560.0
2013-03-27,6.02,6.21,6.05,5.98,99355096.0,529106208.0
2013-03-26,6.04,6.13,6.05,5.92,90882840.0,475023808.0
2013-03-25,6.16,6.21,6.1,6.01,111583488.0,593549696.0
2013-03-22,6.16,6.24,6.14,6.06,146839376.0,784223616.0
2013-03-21,6.14,6.29,6.2,6.01,239136608.0,1279991552.0
2013-03-20,5.48,5.93,5.93,5.48,138266928.0,701914240.0
2013-03-19,5.26,5.4,5.39,5.24,39900996.0,185308368.0
2013-03-18,5.25,5.31,5.21,5.18,22749680.0,103817752.0
2013-03-15,5.17,5.33,5.26,5.1,30875260.0,141106336.0
2013-03-14,5.08,5.2,5.13,5.07,16947276.0,76069904.0
2013-03-13,5.16,5.17,5.1,5.08,11041235.0,49249556.0
2013-03-12,5.21,5.27,5.16,5.07,27583736.0,123905744.0
2013-03-11,5.23,5.26,5.23,5.15,18460592.0,83796120.0
2013-03-08,5.24,5.27,5.23,5.16,23382476.0,106182136.0
2013-03-07,5.33,5.4,5.23,5.18,40868368.0,187554496.0
2013-03-06,5.4,5.44,5.38,5.28,30199896.0,140840688.0
2013-03-05,5.11,5.41,5.38,5.05,36055240.0,164596928.0
2013-03-04,5.28,5.31,5.11,5.05,42697544.0,192485872.0
2013-03-01,5.48,5.51,5.42,5.33,31092376.0,146841008.0
2013-02-28,5.34,5.47,5.46,5.29,34929832.0,164437088.0
2013-02-27,5.31,5.41,5.29,5.27,22274408.0,103167240.0
2013-02-26,5.28,5.46,5.31,5.24,41013928.0,192197376.0
2013-02-25,5.23,5.34,5.32,5.21,21041376.0,96617792.0
2013-02-22,5.23,5.26,5.2,5.17,20274608.0,92154416.0
2013-02-21,5.4,5.4,5.23,5.16,57548884.0,264578928.0
2013-02-20,5.52,5.55,5.44,5.35,43506408.0,204766992.0
2013-02-19,5.61,5.62,5.53,5.5,23191920.0,112184704.0
2013-02-18,5.68,5.71,5.61,5.59,23522800.0,115230912.0
2013-02-08,5.63,5.67,5.65,5.52,41770820.0,204105888.0
2013-02-07,5.82,5.83,5.65,5.48,73324920.0,361538112.0
2013-02-06,5.78,5.9,5.83,5.75,36095472.0,182674272.0
2013-02-05,5.88,5.9,5.8,5.72,57724864.0,291167392.0
2013-02-04,6.04,6.16,5.96,5.93,65326784.0,342957088.0
2013-02-01,5.75,6.05,6.02,5.71,47810700.0,244972608.0
2013-01-31,5.79,5.8,5.78,5.7,27755828.0,138727072.0
2013-01-30,5.83,5.83,5.79,5.72,30426792.0,153038976.0
2013-01-29,5.8,5.9,5.83,5.73,54401644.0,275049120.0
2013-01-28,5.56,5.8,5.78,5.55,51766920.0,257898144.0
2013-01-25,5.56,5.58,5.57,5.48,26446700.0,127118184.0
2013-01-24,5.47,5.8,5.56,5.46,71164840.0,349798144.0
2013-01-23,5.33,5.62,5.51,5.31,67161768.0,321167456.0
2013-01-22,5.2,5.56,5.38,5.13,94370424.0,445081088.0
2013-01-21,5.05,5.26,5.21,5.02,51334884.0,229995296.0
2013-01-18,4.92,5.11,5.08,4.9,60114020.0,263184032.0
2013-01-17,4.89,4.92,4.87,4.8,15672044.0,66169068.0
2013-01-16,4.94,4.96,4.92,4.79,30403058.0,129257616.0
2013-01-15,4.92,4.99,4.95,4.88,32385924.0,139330928.0
2013-01-14,4.7,4.92,4.9,4.7,30640844.0,128917080.0
2013-01-11,4.88,4.89,4.7,4.67,36691288.0,152326256.0
2013-01-10,4.83,4.93,4.86,4.82,16703189.0,70919880.0
2013-01-09,4.89,4.93,4.86,4.82,19863330.0,84060976.0
2013-01-08,5.02,5.03,4.89,4.87,26279404.0,112651856.0
2013-01-07,4.99,5.03,5.02,4.95,29201436.0,126997864.0
2013-01-04,5.0,5.04,4.96,4.93,39507988.0,171127968.0
2012-12-31,4.81,4.95,4.93,4.8,40536672.0,173332960.0
2012-12-28,4.74,4.83,4.81,4.73,21976012.0,91765088.0
2012-12-27,4.79,4.82,4.74,4.73,18561384.0,76995952.0
2012-12-26,4.79,4.82,4.78,4.73,21193270.0,88029416.0
2012-12-25,4.63,4.85,4.8,4.61,44125288.0,183767360.0
2012-12-24,4.62,4.7,4.64,4.61,21570490.0,87468968.0
2012-12-21,4.7,4.71,4.61,4.59,30979978.0,125138944.0
2012-12-20,4.71,4.73,4.71,4.62,21837144.0,88880864.0
2012-12-19,4.75,4.79,4.74,4.7,24172580.0,99920352.0
2012-12-18,4.73,4.81,4.77,4.71,49670220.0,206232720.0
2012-12-17,4.69,4.8,4.75,4.67,76450408.0,316646976.0
2012-12-14,4.38,4.71,4.67,4.36,72191352.0,288767552.0
2012-12-13,4.43,4.43,4.38,4.35,19659528.0,75091728.0
2012-12-12,4.42,4.54,4.43,4.4,26736766.0,103821768.0
2012-12-11,4.43,4.46,4.41,4.4,19090032.0,73668080.0
2012-12-10,4.42,4.5,4.45,4.41,40455376.0,156814288.0
2012-12-07,4.34,4.43,4.41,4.28,41574936.0,158708128.0
2012-12-06,4.3,4.39,4.33,4.28,24501308.0,92370016.0
2012-12-05,4.19,4.35,4.32,4.18,45325616.0,169996448.0
2012-12-04,4.13,4.21,4.2,4.11,14118632.0,51361864.0
2012-12-03,4.17,4.21,4.13,4.11,8121371.0,29379608.0
2012-11-30,4.12,4.2,4.17,4.11,11232951.0,40539692.0
2012-11-29,4.13,4.15,4.12,4.11,7155930.0,25691404.0
2012-11-28,4.13,4.13,4.12,4.11,6956843.0,24983428.0
2012-11-27,4.16,4.17,4.13,4.13,7906069.0,28546390.0
2012-11-26,4.2,4.2,4.17,4.13,6602426.0,23957084.0
2012-11-23,4.18,4.27,4.2,4.17,12867043.0,47318516.0
2012-11-22,4.17,4.19,4.17,4.15,4926988.0,17888920.0
2012-11-21,4.1,4.19,4.18,4.09,11691754.0,42323724.0
2012-11-20,4.1,4.13,4.11,4.1,4566378.0,16354806.0
2012-11-19,4.09,4.11,4.09,4.07,7853930.0,28000444.0
2012-11-16,4.09,4.12,4.08,4.07,12329908.0,43942180.0
2012-11-15,4.13,4.18,4.1,4.08,11987578.0,43198920.0
2012-11-14,4.16,4.18,4.16,4.11,11212679.0,40442456.0
2012-11-13,4.2,4.2,4.16,4.11,11806381.0,42703876.0
2012-11-12,4.15,4.2,4.19,4.12,12373890.0,44983912.0
2012-11-09,4.11,4.16,4.11,4.11,5764717.0,20736428.0
2012-11-08,4.17,4.18,4.12,4.12,11335114.0,40904544.0
2012-11-07,4.19,4.21,4.2,4.13,11890695.0,43294280.0
2012-11-06,4.23,4.23,4.19,4.15,11787903.0,42878780.0
2012-11-05,4.23,4.26,4.23,4.18,14767762.0,54212296.0
2012-11-02,4.18,4.24,4.23,4.17,21196120.0,77526568.0
2012-11-01,4.1,4.2,4.18,4.09,23554068.0,85351888.0
2012-10-31,4.11,4.12,4.11,4.07,13538352.0,48229960.0
2012-10-30,4.09,4.15,4.12,4.08,10109522.0,36100960.0
2012-10-29,4.1,4.12,4.11,4.1,6462553.0,23124184.0
2012-10-26,4.23,4.24,4.11,4.09,22657202.0,81806240.0
2012-10-25,4.24,4.28,4.24,4.21,10628786.0,39304956.0
2012-10-24,4.24,4.27,4.25,4.23,11503798.0,42543264.0
2012-10-23,4.31,4.31,4.25,4.24,10022142.0,37247564.0
2012-10-22,4.27,4.32,4.31,4.26,12922806.0,48361872.0
2012-10-19,4.3,4.31,4.3,4.27,11296961.0,42152456.0
2012-10-18,4.28,4.31,4.3,4.25,12791595.0,47764248.0
2012-10-17,4.26,4.31,4.26,4.24,17417712.0,64722968.0
2012-10-16,4.23,4.3,4.25,4.21,11264008.0,41747204.0
2012-10-15,4.25,4.26,4.23,4.2,5850883.0,21573768.0
2012-10-12,4.24,4.28,4.25,4.21,9752334.0,36119420.0
2012-10-11,4.23,4.25,4.23,4.2,6946015.0,25589680.0
2012-10-10,4.25,4.26,4.24,4.21,7097010.0,26203930.0
2012-10-09,4.18,4.28,4.26,4.17,14673429.0,54244488.0
2012-10-08,4.2,4.23,4.17,4.13,8046743.0,29304020.0
2012-09-28,4.1,4.2,4.19,4.08,20713394.0,75057256.0
2012-09-27,4.04,4.17,4.13,4.01,18392480.0,65542328.0
2012-09-26,4.1,4.1,4.04,4.01,10835139.0,38176196.0
2012-09-25,4.09,4.1,4.09,4.07,4658524.0,16564166.0
2012-09-24,4.1,4.12,4.1,4.04,9823419.0,34928124.0
2012-09-21,4.11,4.17,4.11,4.09,10704027.0,38430212.0
2012-09-20,4.23,4.23,4.13,4.08,17993088.0,65104992.0
2012-09-19,4.24,4.26,4.24,4.2,11370690.0,41843440.0
2012-09-18,4.28,4.3,4.24,4.23,12414381.0,45972836.0
2012-09-17,4.33,4.34,4.3,4.27,13452098.0,50419744.0
2012-09-14,4.33,4.38,4.35,4.3,22973536.0,86786296.0
2012-09-13,4.32,4.35,4.32,4.3,16619224.0,62540448.0
2012-09-12,4.39,4.4,4.33,4.28,38365668.0,144444960.0
2012-09-11,4.39,4.39,4.38,4.33,13926154.0,52786552.0
2012-09-10,4.41,4.43,4.4,4.38,18956470.0,72510448.0
2012-09-07,4.35,4.49,4.39,4.33,40155520.0,154594816.0
2012-09-06,4.32,4.35,4.34,4.27,10279040.0,38611404.0
2012-09-05,4.34,4.35,4.31,4.27,15873093.0,59468520.0
2012-09-04,4.42,4.42,4.35,4.33,13636149.0,51921008.0
2012-09-03,4.43,4.43,4.42,4.39,10612996.0,40692544.0
2012-08-31,4.43,4.46,4.43,4.4,7077064.0,27294996.0
2012-08-30,4.41,4.46,4.46,4.4,9350064.0,36032420.0
2012-08-29,4.42,4.42,4.4,4.4,4250972.0,16327153.0
2012-08-28,4.39,4.47,4.43,4.38,9252391.0,35646688.0
2012-08-27,4.38,4.41,4.38,4.38,8297287.0,31719878.0
2012-08-24,4.42,4.43,4.4,4.38,9910910.0,38052260.0
2012-08-23,4.4,4.47,4.46,4.36,12180182.0,46778132.0
2012-08-22,4.4,4.4,4.4,4.36,6023398.0,22988280.0
2012-08-21,4.41,4.43,4.39,4.38,10449522.0,40012740.0
2012-08-20,4.4,4.41,4.4,4.36,5434473.0,20753656.0
2012-08-17,4.41,4.43,4.43,4.39,7080662.0,27202822.0
2012-08-16,4.45,4.46,4.41,4.39,10597179.0,40652800.0
2012-08-15,4.54,4.56,4.45,4.42,12004428.0,46793196.0
2012-08-14,4.54,4.57,4.55,4.51,6183516.0,24489506.0
2012-08-13,4.56,4.57,4.53,4.53,7946228.0,31462240.0
2012-08-10,4.59,4.59,4.55,4.55,11303897.0,45066024.0
2012-08-09,4.55,4.56,4.55,4.51,6565252.0,25952312.0
2012-08-08,4.51,4.57,4.56,4.51,15584053.0,61563044.0
2012-08-07,4.54,4.56,4.51,4.5,11120193.0,43787096.0
2012-08-06,4.56,4.61,4.55,4.53,15860045.0,63007472.0
2012-08-03,4.54,4.58,4.53,4.5,12138729.0,48009012.0
2012-08-02,4.49,4.56,4.55,4.48,19109216.0,75365000.0
2012-08-01,4.51,4.53,4.49,4.47,12980363.0,50760424.0
2012-07-31,4.45,4.56,4.51,4.42,22891196.0,89850928.0
2012-07-30,4.43,4.49,4.43,4.41,13480680.0,52258704.0
2012-07-27,4.38,4.48,4.43,4.36,14849750.0,57236324.0
2012-07-26,4.34,4.38,4.36,4.33,8097240.0,30712204.0
2012-07-25,4.35,4.38,4.34,4.33,5712559.0,21643540.0
2012-07-24,4.4,4.4,4.34,4.33,10033263.0,38023812.0
2012-07-23,4.39,4.41,4.38,4.35,9151686.0,34933480.0
2012-07-20,4.42,4.45,4.42,4.4,7702550.0,29616510.0
2012-07-19,4.43,4.48,4.45,4.42,11382287.0,44101544.0
2012-07-18,4.42,4.44,4.43,4.38,19581270.0,78052240.0
2012-07-17,4.37,4.43,4.42,4.35,14673833.0,58214008.0
2012-07-16,4.37,4.38,4.37,4.34,11538437.0,45488720.0
2012-07-13,4.33,4.39,4.36,4.32,12047691.0,47523524.0
2012-07-12,4.35,4.36,4.34,4.31,20666132.0,80873128.0
2012-07-11,4.34,4.38,4.36,4.34,8625802.0,34045296.0
2012-07-10,4.34,4.37,4.34,4.29,9938603.0,38965536.0
2012-07-09,4.42,4.44,4.33,4.31,14996618.0,59049904.0
2012-07-06,4.37,4.47,4.45,4.35,19671640.0,78163184.0
2012-07-05,4.45,4.47,4.45,4.42,10457736.0,41898632.0
2012-07-04,4.43,4.52,4.47,4.43,14188130.0,57235196.0
2012-07-03,4.42,4.45,4.42,4.39,13159755.0,52682344.0
2012-07-02,4.43,4.44,4.41,4.39,12179897.0,48569068.0
2012-06-29,4.35,4.44,4.43,4.34,15165100.0,60340248.0
2012-06-28,4.41,4.41,4.36,4.35,14104865.0,55756696.0
2012-06-27,4.42,4.44,4.39,4.37,13674108.0,54382108.0
2012-06-26,4.42,4.46,4.42,4.39,16378793.0,65411800.0
2012-06-25,4.44,4.46,4.41,4.41,12073195.0,48422408.0
2012-06-21,4.48,4.5,4.44,4.42,14032391.0,56300480.0
2012-06-20,4.51,4.54,4.5,4.48,15495751.0,63098516.0
2012-06-19,4.48,4.53,4.51,4.46,10907687.0,44236592.0
2012-06-18,4.52,4.52,4.48,4.46,16613345.0,67327312.0
2012-06-15,4.39,4.55,4.51,4.38,43592100.0,176021296.0
2012-06-14,4.42,4.43,4.38,4.37,18588984.0,73781368.0
2012-06-13,4.39,4.45,4.43,4.36,22915812.0,91310896.0
2012-06-12,4.37,4.42,4.39,4.35,19458780.0,76969456.0
2012-06-11,4.43,4.44,4.39,4.37,35042872.0,139427968.0
2012-06-08,4.56,4.56,4.42,4.41,41552264.0,166844576.0
2012-06-07,4.62,4.63,4.54,4.53,15955887.0,65979152.0
2012-06-06,4.57,4.61,4.59,4.54,15907597.0,65672092.0
2012-06-05,4.59,4.61,4.57,4.54,13419229.0,55400628.0
2012-06-04,4.66,4.67,4.57,4.57,24590436.0,102598400.0
2012-06-01,4.69,4.72,4.69,4.67,13168452.0,55831664.0
2012-05-31,4.69,4.71,4.69,4.67,15830735.0,67074768.0
2012-05-29,4.71,4.76,4.75,4.67,24132258.0,102940984.0
2012-05-28,4.65,4.72,4.71,4.65,18349220.0,77755128.0
2012-05-25,4.71,4.72,4.67,4.66,11914055.0,50342296.0
2012-05-24,4.75,4.78,4.71,4.68,17839072.0,76015256.0
2012-05-23,4.8,4.8,4.75,4.74,13164695.0,56557212.0
2012-05-22,4.75,4.8,4.8,4.75,8923792.0,38588528.0
2012-05-21,4.74,4.78,4.75,4.72,8097510.0,34791032.0
2012-05-18,4.76,4.77,4.73,4.71,12400451.0,52973232.0
2012-05-17,4.75,4.83,4.78,4.73,17114332.0,73707872.0
2012-05-16,4.82,4.82,4.73,4.72,18338148.0,78910216.0
2012-05-15,4.85,4.88,4.83,4.77,14742691.0,64138100.0
2012-05-14,4.98,4.98,4.87,4.86,17121386.0,75834880.0
2012-05-11,4.96,5.0,4.94,4.93,8800385.0,39410564.0
2012-05-10,4.99,5.0,4.98,4.95,7906733.0,35557184.0
2012-05-09,5.06,5.07,4.98,4.98,10662428.0,48286616.0
2012-05-08,5.08,5.13,5.09,5.03,23521588.0,107922848.0
2012-05-07,5.06,5.14,5.08,5.04,17986972.0,82775008.0
2012-05-04,5.03,5.12,5.09,5.01,25696248.0,118025936.0
2012-05-03,5.07,5.07,5.03,5.01,16055217.0,73146272.0
2012-05-02,5.06,5.09,5.07,5.01,32700412.0,149395424.0
2012-04-27,5.01,5.03,5.01,4.99,10097937.0,45711720.0
2012-04-26,5.04,5.08,5.0,4.98,21422820.0,97037696.0
2012-04-25,4.99,5.06,5.03,4.99,30300204.0,137566848.0
2012-04-24,4.93,5.24,5.04,4.92,73873784.0,339885760.0
2012-04-23,4.97,5.04,4.95,4.94,15995321.0,71875344.0
2012-04-20,4.9,5.01,4.99,4.9,22106928.0,99338976.0
2012-04-19,4.89,4.94,4.93,4.87,13260173.0,58658016.0
2012-04-18,4.8,4.95,4.93,4.78,26416568.0,116672280.0
2012-04-17,4.79,4.83,4.79,4.78,11007128.0,47741488.0
2012-04-16,4.8,4.84,4.8,4.77,10952785.0,47499568.0
2012-04-13,4.83,4.88,4.84,4.79,16397506.0,71585440.0
2012-04-12,4.74,4.88,4.85,4.68,25672524.0,111463008.0
2012-04-11,4.71,4.77,4.73,4.69,12559115.0,53693304.0
2012-04-10,4.63,4.78,4.76,4.63,21343424.0,90836888.0
2012-04-09,4.73,4.74,4.64,4.63,16261735.0,68638592.0
2012-04-06,4.72,4.76,4.75,4.69,11530388.0,49278216.0
2012-04-05,4.68,4.76,4.74,4.65,17213904.0,73176144.0
2012-03-30,4.68,4.73,4.72,4.67,9879058.0,41953504.0
2012-03-29,4.77,4.79,4.67,4.66,13661737.0,58348564.0
2012-03-28,4.92,4.94,4.8,4.77,11009756.0,48326960.0
2012-03-27,4.96,4.98,4.93,4.92,10763964.0,48032012.0
2012-03-26,4.9,4.97,4.94,4.89,9730504.0,43362012.0
2012-03-23,4.96,5.04,4.92,4.89,24514920.0,109488272.0
2012-03-22,4.87,5.19,5.0,4.85,36208312.0,164986512.0
2012-03-21,4.88,4.92,4.88,4.85,7220037.0,31812720.0
2012-03-20,4.93,4.95,4.87,4.86,11186516.0,49512292.0
2012-03-19,4.94,4.98,4.94,4.9,17414452.0,77611912.0
2012-03-16,4.97,4.98,4.96,4.89,16381711.0,73077472.0
2012-03-15,4.96,5.03,4.96,4.94,21767422.0,97866072.0
2012-03-14,5.04,5.09,4.97,4.95,35781600.0,162392848.0
2012-03-13,4.97,5.03,5.03,4.96,17921312.0,81037328.0
2012-03-12,5.01,5.01,4.97,4.95,15435529.0,69419504.0
2012-03-09,5.0,5.04,5.03,4.97,13532215.0,61106592.0
2012-03-08,4.98,5.05,5.0,4.96,16448774.0,74423200.0
2012-03-07,4.97,5.05,4.99,4.95,23439332.0,105528048.0
2012-03-05,5.16,5.19,5.07,5.07,28374676.0,131058712.0
2012-03-02,5.01,5.15,5.13,4.99,34601140.0,158987872.0
2012-03-01,4.99,5.03,5.01,4.98,12515653.0,56647440.0
2012-02-29,5.05,5.07,5.0,5.0,29650176.0,134884976.0
2012-02-28,4.97,5.12,5.07,4.97,49374436.0,225750832.0
2012-02-27,4.98,5.04,4.97,4.96,44077960.0,199042048.0
2012-02-24,4.93,4.97,4.97,4.88,44612080.0,198730672.0
2012-02-23,4.9,4.94,4.93,4.89,31264912.0,138813392.0
2012-02-22,4.88,4.92,4.9,4.87,33139928.0,146441936.0
2012-02-21,4.89,4.89,4.89,4.85,12083192.0,53250456.0
2012-02-20,4.94,4.95,4.89,4.86,20438044.0,90465232.0
2012-02-17,4.9,4.92,4.88,4.84,10295720.0,45413416.0
2012-02-16,4.87,4.9,4.87,4.84,13717366.0,60386056.0
2012-02-15,4.86,4.92,4.87,4.85,14824579.0,65437356.0
2012-02-14,4.92,4.94,4.87,4.86,13038324.0,57504572.0
2012-02-13,4.92,4.97,4.94,4.87,19825960.0,88068992.0
2012-02-10,4.96,5.04,4.94,4.92,13088419.0,58506656.0
2012-02-09,4.94,5.05,4.97,4.89,33999736.0,152960752.0
2012-02-08,4.8,5.0,4.94,4.79,26114104.0,115404008.0
2012-02-07,4.89,4.92,4.83,4.78,15589530.0,67974840.0
2012-02-06,4.9,4.95,4.92,4.88,24243346.0,107707744.0
2012-02-03,4.84,4.93,4.9,4.83,26739716.0,118040688.0
2012-02-02,4.77,4.87,4.86,4.72,21246014.0,92195104.0
2012-02-01,4.82,4.84,4.75,4.74,13046693.0,56521668.0
2012-01-31,4.84,4.86,4.83,4.77,15125657.0,65744648.0
2012-01-30,4.93,4.93,4.84,4.83,16191909.0,71119664.0
2012-01-20,4.85,4.95,4.92,4.84,32292924.0,142673776.0
2012-01-19,4.76,4.85,4.83,4.75,22634792.0,98514600.0
2012-01-18,4.8,4.83,4.76,4.73,27958204.0,120335968.0
2012-01-17,4.69,4.86,4.83,4.67,33993648.0,146377600.0
2012-01-16,4.66,4.73,4.71,4.64,16579786.0,70152792.0
2012-01-13,4.73,4.75,4.68,4.63,20844130.0,88166208.0
2012-01-12,4.66,4.82,4.73,4.65,31411316.0,134602208.0
2012-01-11,4.71,4.73,4.67,4.66,19292556.0,81703680.0
2012-01-10,4.65,4.74,4.73,4.62,41350444.0,174713440.0
2012-01-09,4.58,4.69,4.66,4.54,42295740.0,177221088.0
2012-01-06,4.54,4.62,4.59,4.51,38384736.0,158257312.0
2012-01-05,4.41,4.74,4.54,4.41,86350112.0,358083840.0
2012-01-04,4.47,4.5,4.42,4.42,16045029.0,64628316.0
2011-12-30,4.41,4.48,4.47,4.41,13527269.0,54345000.0
2011-12-29,4.41,4.44,4.41,4.38,14056999.0,56046456.0
2011-12-27,4.44,4.45,4.39,4.38,15075346.0,60083300.0
2011-12-26,4.44,4.47,4.44,4.43,7456621.0,29947136.0
2011-12-23,4.45,4.5,4.46,4.42,15522708.0,62597964.0
2011-12-22,4.41,4.45,4.45,4.36,14120541.0,56275304.0
2011-12-21,4.45,4.52,4.41,4.39,21681168.0,87521016.0
2011-12-20,4.39,4.47,4.42,4.36,15374248.0,61583596.0
2011-12-19,4.39,4.43,4.41,4.33,16827892.0,66534756.0
2011-12-16,4.36,4.44,4.44,4.34,17876260.0,70753560.0
2011-12-15,4.42,4.43,4.36,4.35,18709474.0,74023456.0
2011-12-14,4.45,4.5,4.43,4.42,11556802.0,46413364.0
2011-12-13,4.51,4.52,4.46,4.44,16020879.0,64911860.0
2011-12-12,4.53,4.54,4.53,4.47,11403475.0,46404404.0
2011-12-09,4.52,4.55,4.53,4.51,8692836.0,35563436.0
2011-12-08,4.57,4.59,4.56,4.51,15883629.0,65242016.0
2011-12-07,4.53,4.59,4.58,4.52,11895196.0,48955392.0
2011-12-06,4.53,4.57,4.53,4.51,11954085.0,48989524.0
2011-12-05,4.54,4.58,4.54,4.51,16922960.0,69452080.0
2011-12-02,4.56,4.57,4.55,4.5,18378452.0,75170288.0
2011-12-01,4.61,4.67,4.58,4.54,57033228.0,237307680.0
2011-11-30,4.63,4.63,4.47,4.44,31484732.0,128449872.0
2011-11-29,4.63,4.65,4.64,4.58,14780167.0,61613968.0
2011-11-28,4.64,4.67,4.59,4.58,14167251.0,59145616.0
2011-11-25,4.66,4.66,4.63,4.62,8978777.0,37591760.0
2011-11-24,4.63,4.69,4.67,4.62,10509537.0,44137560.0
2011-11-23,4.71,4.73,4.65,4.64,11091776.0,46801984.0
2011-11-22,4.65,4.73,4.71,4.64,14428022.0,60960616.0
2011-11-21,4.69,4.71,4.66,4.64,16358456.0,68870376.0
2011-11-18,4.78,4.78,4.69,4.68,22255048.0,94785952.0
2011-11-17,4.79,4.84,4.79,4.77,13437925.0,58198900.0
2011-11-16,4.9,4.93,4.79,4.77,21880380.0,95475744.0
2011-11-15,4.94,4.95,4.9,4.87,14438026.0,63950668.0
2011-11-14,4.92,4.96,4.95,4.87,14065161.0,62639772.0
2011-11-11,4.93,4.95,4.87,4.86,8350548.0,36976064.0
2011-11-10,4.95,4.97,4.9,4.89,16717992.0,75238328.0
2011-11-09,5.0,5.01,5.0,4.94,15507607.0,70670288.0
2011-11-08,4.95,5.0,4.97,4.91,23093488.0,104815776.0
2011-11-07,4.96,4.99,4.93,4.92,14050709.0,63660480.0
2011-11-04,4.95,4.99,4.97,4.92,19675044.0,89146032.0
2011-11-03,4.95,5.02,4.93,4.91,41308420.0,187915056.0
2011-11-02,4.82,4.94,4.94,4.8,22217854.0,99101664.0
2011-11-01,4.82,4.94,4.88,4.8,25577178.0,114148600.0
2011-10-31,4.92,4.94,4.87,4.83,21906356.0,97710080.0
2011-10-28,4.96,5.01,4.93,4.91,32249088.0,145867808.0
2011-10-27,4.89,4.92,4.92,4.86,32794744.0,146513616.0
2011-10-26,4.77,4.92,4.88,4.77,33311200.0,147947008.0
2011-10-25,4.73,4.82,4.8,4.7,21718548.0,94852688.0
2011-10-24,4.64,4.79,4.76,4.59,27170326.0,117114920.0
2011-10-21,4.65,4.72,4.64,4.57,20805496.0,88413800.0
2011-10-20,4.72,4.75,4.65,4.54,27683844.0,116850016.0
2011-10-18,4.81,4.84,4.75,4.72,16616078.0,72687464.0
2011-10-17,4.8,4.87,4.86,4.77,21146752.0,93420832.0
2011-10-14,4.82,4.82,4.8,4.73,14065976.0,61453868.0
2011-10-13,4.8,4.87,4.82,4.78,21037780.0,92801688.0
2011-10-12,4.66,4.86,4.82,4.6,29473232.0,129363072.0
2011-10-11,4.77,4.81,4.67,4.62,19089470.0,82484288.0
2011-10-10,4.72,4.73,4.6,4.57,17567840.0,74114232.0
2011-09-30,4.81,4.84,4.7,4.68,18348608.0,79495392.0
2011-09-29,4.72,4.84,4.77,4.72,13969364.0,61081248.0
2011-09-28,4.9,4.92,4.77,4.75,16317606.0,71870984.0
2011-09-27,4.88,4.91,4.88,4.82,13211807.0,58883036.0
2011-09-26,4.86,5.0,4.84,4.8,24986936.0,112101168.0
2011-09-23,4.92,4.95,4.92,4.83,29575262.0,132076944.0
2011-09-22,5.08,5.14,4.97,4.96,39169644.0,181364608.0
2011-09-21,5.06,5.18,5.13,5.02,45812824.0,215076928.0
2011-09-20,4.97,5.13,5.07,4.95,20664982.0,95410656.0
2011-09-19,5.03,5.04,4.99,4.95,15200503.0,69344584.0
2011-09-16,5.07,5.15,5.07,5.05,21270292.0,99209920.0
2011-09-15,5.12,5.17,5.05,5.04,28193204.0,131572864.0
2011-09-14,5.11,5.16,5.15,4.97,36676944.0,170601712.0
2011-09-13,4.96,5.09,5.08,4.92,29044460.0,133354672.0
2011-09-09,5.04,5.13,5.03,5.02,29155638.0,135148560.0
2011-09-08,5.06,5.11,5.04,5.0,28054830.0,129624360.0
2011-09-07,4.94,5.08,5.07,4.93,55843572.0,256475104.0
2011-09-06,4.82,4.95,4.91,4.82,23267540.0,104218488.0
2011-09-05,4.82,5.02,4.91,4.78,27452656.0,122980688.0
2011-09-02,4.92,4.93,4.88,4.83,12462581.0,55576568.0
2011-09-01,4.88,4.97,4.92,4.86,24722568.0,111011208.0
2011-08-31,4.81,4.91,4.88,4.81,14499546.0,64507648.0
2011-08-30,4.92,5.01,4.84,4.8,39858740.0,178928768.0
2011-08-29,5.01,5.01,4.88,4.84,49992608.0,224076688.0
2011-08-26,5.0,5.06,5.06,4.99,30014302.0,137974640.0
2011-08-25,4.92,5.09,5.06,4.91,72672632.0,334332000.0
2011-08-24,4.95,4.97,4.9,4.87,13873103.0,62489040.0
2011-08-23,4.8,4.97,4.94,4.77,28795860.0,129198832.0
2011-08-22,4.79,4.88,4.78,4.76,12258686.0,53888532.0
2011-08-19,4.76,4.82,4.8,4.69,19575184.0,85041816.0
2011-08-18,4.95,4.95,4.83,4.81,14997213.0,66754680.0
2011-08-17,4.91,4.99,4.92,4.91,22080630.0,99970416.0
2011-08-16,4.93,5.03,4.93,4.91,36461904.0,165528352.0
2011-08-15,4.77,5.06,4.96,4.73,63013708.0,284039552.0
2011-08-12,4.78,4.86,4.78,4.73,28167030.0,123207296.0
2011-08-11,4.65,4.82,4.78,4.61,26459936.0,114367664.0
2011-08-10,4.76,4.79,4.72,4.69,41239868.0,178933760.0
2011-08-09,4.49,4.75,4.69,4.49,54820288.0,232641728.0
2011-08-08,4.76,4.86,4.64,4.49,47803888.0,206154304.0
2011-08-05,4.76,4.84,4.79,4.72,34773252.0,152259280.0
2011-08-04,4.97,5.01,4.9,4.89,33086456.0,149244768.0
2011-08-03,4.87,5.03,4.96,4.86,57520864.0,260334912.0
2011-08-02,4.92,4.96,4.94,4.82,60974368.0,272888576.0
2011-08-01,4.95,5.02,4.96,4.89,106188480.0,481208128.0
2011-07-29,4.75,5.24,5.13,4.72,187613056.0,884840448.0
2011-07-28,4.71,4.8,4.76,4.7,19740656.0,86119480.0
2011-07-27,4.72,4.78,4.75,4.7,13118946.0,57014744.0
2011-07-26,4.72,4.77,4.73,4.7,10236343.0,44348688.0
2011-07-25,4.81,4.82,4.72,4.7,23099472.0,100658832.0
2011-07-22,4.84,4.86,4.82,4.79,18964124.0,83613688.0
2011-07-21,4.89,4.89,4.83,4.81,25794106.0,113851904.0
2011-07-20,4.9,4.93,4.87,4.84,9764046.0,43591596.0
2011-07-19,4.92,4.92,4.88,4.87,15177520.0,67769432.0
2011-07-18,4.96,4.97,4.93,4.92,22144826.0,100148480.0
2011-07-15,4.91,4.96,4.96,4.88,31531642.0,142341440.0
2011-07-14,4.89,4.95,4.93,4.81,54322624.0,242771072.0
2011-07-13,4.81,4.92,4.9,4.8,43047304.0,191568688.0
2011-07-12,4.89,4.89,4.81,4.8,34652312.0,153161648.0
2011-07-11,4.93,4.95,4.91,4.89,36973004.0,166062768.0
2011-07-08,4.89,5.02,4.97,4.84,60646048.0,274090112.0
2011-07-07,5.02,5.02,4.9,4.88,61906092.0,279263168.0
2011-06-28,4.99,5.0,4.93,4.9,45787196.0,217317792.0
2011-06-27,5.03,5.06,4.99,4.97,39873224.0,191992016.0
2011-06-24,4.9,5.05,5.03,4.89,42542064.0,203599408.0
2011-06-23,4.84,4.95,4.92,4.82,12391337.0,58143936.0
2011-06-22,4.84,4.9,4.86,4.81,15061462.0,70389584.0
2011-06-21,4.86,4.87,4.85,4.81,15744701.0,73226408.0
2011-06-20,4.91,4.93,4.85,4.82,16051970.0,74817616.0
2011-06-17,5.0,5.03,4.92,4.89,10843090.0,51892336.0
2011-06-16,5.05,5.05,5.02,5.0,6618413.0,31965430.0
2011-06-15,5.13,5.13,5.07,5.04,11800636.0,57649620.0
2011-06-14,5.09,5.15,5.14,5.06,9519594.0,46959328.0
2011-06-13,5.07,5.11,5.09,5.04,6129212.0,29879816.0
2011-06-10,5.11,5.13,5.11,5.07,8785773.0,43153604.0
2011-06-09,5.16,5.16,5.1,5.1,5114621.0,25254620.0
2011-06-08,5.17,5.18,5.15,5.1,6898743.0,34069708.0
2011-06-07,5.14,5.18,5.16,5.1,6160728.0,30557872.0
2011-06-03,5.1,5.15,5.15,5.09,10032572.0,49557960.0
2011-06-02,5.3,5.32,5.12,5.04,32027026.0,159285344.0
2011-06-01,5.37,5.37,5.33,5.3,7962120.0,40818708.0
2011-05-31,5.34,5.38,5.37,5.3,10161790.0,52218940.0
2011-05-30,5.3,5.38,5.34,5.3,11250672.0,57849000.0
2011-05-27,5.33,5.41,5.32,5.29,14320574.0,73471112.0
2011-05-25,5.46,5.46,5.31,5.29,16536916.0,85307688.0
2011-05-24,5.59,5.6,5.45,5.44,18126848.0,95858592.0
2011-05-23,5.67,5.67,5.6,5.59,9978199.0,53889560.0
2011-05-20,5.57,5.72,5.71,5.55,27171264.0,148697952.0
2011-05-19,5.6,5.63,5.56,5.55,6413446.0,34458696.0
2011-05-18,5.56,5.62,5.59,5.52,9321970.0,50135944.0
2011-05-17,5.56,5.61,5.57,5.5,13118936.0,69898760.0
2011-05-16,5.59,5.62,5.57,5.53,9133688.0,48927224.0
2011-05-13,5.56,5.63,5.63,5.55,6722988.0,36131680.0
2011-05-12,5.62,5.63,5.55,5.54,8121516.0,43632648.0
2011-05-11,5.64,5.66,5.62,5.58,6696282.0,36204960.0
2011-05-10,5.6,5.65,5.63,5.58,5442726.0,29435336.0
2011-05-09,5.63,5.66,5.59,5.54,7984479.0,43022344.0
2011-05-06,5.63,5.65,5.62,5.6,8212452.0,44439700.0
2011-05-05,5.63,5.71,5.65,5.59,8611076.0,46816844.0
2011-05-04,5.78,5.78,5.63,5.57,19021140.0,103933472.0
2011-05-03,5.81,5.82,5.8,5.75,12386014.0,68902072.0
2011-04-29,5.92,5.98,5.78,5.74,23701504.0,132096336.0
2011-04-28,5.94,6.11,5.93,5.92,34823052.0,201896080.0
2011-04-27,5.87,5.94,5.93,5.82,22343370.0,126641984.0
2011-04-26,5.84,5.92,5.85,5.81,16253231.0,91629696.0
2011-04-25,5.88,5.94,5.88,5.83,11998668.0,68051560.0
2011-04-22,5.9,5.97,5.91,5.88,7763588.0,44178208.0
2011-04-21,5.9,5.97,5.92,5.87,8396397.0,47824456.0
2011-04-20,5.89,5.93,5.89,5.87,12519810.0,71033024.0
2011-04-19,5.98,6.01,5.86,5.85,19957972.0,114066512.0
2011-04-18,6.03,6.06,6.03,5.98,16692520.0,96614240.0
2011-04-15,5.9,6.1,6.05,5.9,38674260.0,224233520.0
2011-04-14,5.9,6.03,5.92,5.88,35500876.0,203366752.0
2011-04-13,5.84,5.93,5.91,5.78,32287504.0,181590960.0
2011-04-12,5.88,5.91,5.86,5.81,23464876.0,132231504.0
2011-04-11,6.0,6.04,5.9,5.88,23802592.0,136118000.0
2011-04-08,6.01,6.07,5.97,5.92,29399940.0,169423616.0
2011-04-06,5.92,6.18,6.04,5.9,47875576.0,280144256.0
2011-04-01,5.87,6.0,5.95,5.84,21182800.0,121078984.0
2011-03-31,5.98,6.03,5.89,5.88,27915740.0,159690208.0
2011-03-30,5.94,6.06,6.0,5.84,37783664.0,217305168.0
2011-03-29,5.78,6.03,5.95,5.74,72814752.0,415781888.0
2011-03-28,5.7,5.9,5.78,5.7,29376408.0,164789968.0
2011-03-25,5.64,5.75,5.69,5.6,22035696.0,120808280.0
2011-03-24,5.67,5.67,5.6,5.59,11300635.0,61152224.0
2011-03-23,5.61,5.67,5.65,5.58,25181580.0,136623312.0
2011-03-22,5.56,5.63,5.63,5.5,19852564.0,106788464.0
2011-03-21,5.53,5.57,5.54,5.51,10720385.0,57032216.0
2011-03-18,5.58,5.59,5.53,5.5,10946407.0,58442864.0
2011-03-17,5.55,5.58,5.53,5.51,7624683.0,40635696.0
2011-03-16,5.55,5.6,5.58,5.52,9363611.0,50140096.0
2011-03-15,5.62,5.63,5.55,5.44,19183156.0,102001232.0
2011-03-14,5.64,5.7,5.65,5.62,8807302.0,47875752.0
2011-03-11,5.75,5.76,5.64,5.61,21360284.0,116829496.0
2011-03-10,5.81,5.81,5.76,5.7,20804604.0,114968760.0
2011-03-09,5.89,5.92,5.84,5.79,22995086.0,129069648.0
2011-03-08,5.86,5.97,5.87,5.84,16681598.0,94634496.0
2011-03-07,5.89,5.98,5.88,5.84,33701116.0,192114352.0
2011-03-04,5.76,5.93,5.88,5.75,57100604.0,322381952.0
2011-03-03,5.62,5.89,5.77,5.59,81522808.0,454229248.0
2011-03-02,5.53,5.72,5.62,5.51,30072730.0,162921664.0
2011-03-01,5.5,5.61,5.57,5.47,21003122.0,112083496.0
2011-02-28,5.5,5.51,5.49,5.42,8785891.0,46266700.0
2011-02-25,5.46,5.54,5.47,5.4,11867723.0,62477052.0
2011-02-24,5.45,5.47,5.45,5.41,10079420.0,52731968.0
2011-02-23,5.44,5.49,5.44,5.4,9360675.0,49035376.0
2011-02-22,5.61,5.65,5.45,5.44,15880752.0,84200248.0
2011-02-21,5.57,5.62,5.59,5.55,13695872.0,73569152.0
2011-02-18,5.59,5.69,5.63,5.56,26735970.0,144985680.0
2011-02-17,5.57,5.69,5.58,5.55,26694132.0,144209376.0
2011-02-16,5.51,5.57,5.56,5.49,13037382.0,69228648.0
2011-02-15,5.57,5.58,5.52,5.51,21978144.0,117291344.0
2011-02-14,5.4,5.62,5.58,5.39,43373192.0,230662000.0
2011-02-11,5.37,5.42,5.41,5.35,16791232.0,87110312.0
2011-02-10,5.36,5.39,5.39,5.33,11997473.0,61931056.0
2011-02-09,5.37,5.41,5.35,5.33,9398509.0,48582584.0
2011-02-01,5.38,5.39,5.38,5.35,8931612.0,46219196.0
2011-01-31,5.34,5.38,5.38,5.33,10149041.0,52386152.0
2011-01-28,5.36,5.37,5.35,5.32,11186293.0,57441952.0
2011-01-27,5.32,5.4,5.38,5.26,18894424.0,96918696.0
2011-01-26,5.33,5.37,5.35,5.32,7907526.0,40676048.0
2011-01-25,5.37,5.4,5.33,5.31,12316533.0,63518860.0
2011-01-24,5.36,5.39,5.35,5.32,7217298.0,37159472.0
2011-01-21,5.29,5.47,5.37,5.27,20171248.0,104249056.0
2011-01-20,5.33,5.36,5.25,5.23,13850616.0,70459728.0
2011-01-19,5.25,5.36,5.33,5.25,13936871.0,71189072.0
2011-01-18,5.3,5.32,5.24,5.2,15251636.0,77355752.0
2011-01-17,5.41,5.42,5.31,5.27,18734644.0,96406112.0
2011-01-14,5.5,5.51,5.43,5.42,12419259.0,65194136.0
2011-01-13,5.55,5.55,5.51,5.5,12926841.0,68756792.0
2011-01-12,5.49,5.56,5.54,5.46,15504032.0,82221872.0
2011-01-11,5.43,5.51,5.49,5.4,14429279.0,75808784.0
2011-01-10,5.55,5.59,5.43,5.4,36850672.0,194231008.0
2011-01-07,5.43,5.72,5.58,5.41,60133704.0,324797664.0
2011-01-06,5.5,5.52,5.44,5.4,13869216.0,72861392.0
2011-01-05,5.47,5.55,5.5,5.45,19058156.0,100884968.0
2011-01-04,5.45,5.54,5.52,5.41,21412968.0,113347016.0
