date,open,high,close,low,volume,amount
2015-12-31,8.54,8.58,8.54,8.51,47685843.0,276083974.0
2015-12-30,8.57,8.58,8.55,8.46,50416079.0,290555911.0
2015-12-29,8.52,8.6,8.57,8.49,34744516.0,201085029.0
2015-12-28,8.74,8.76,8.54,8.52,65670601.0,384165200.0
2015-12-25,8.73,8.74,8.71,8.67,38709314.0,228422183.0
2015-12-24,8.7,8.76,8.71,8.61,70227232.0,413295040.0
2015-12-23,8.68,8.82,8.71,8.62,103893264.0,612210240.0
2015-12-22,8.71,8.76,8.68,8.62,63728943.0,374548268.0
2015-12-21,8.54,8.79,8.74,8.54,99069664.0,583575552.0
2015-12-18,8.51,8.82,8.6,8.49,90835440.0,531513568.0
2015-12-17,8.49,8.58,8.54,8.48,54695792.0,316216672.0
2015-12-16,8.49,8.54,8.48,8.45,33507320.0,192422464.0
2015-12-15,8.58,8.65,8.48,8.45,48158376.0,277933952.0
2015-12-14,8.36,8.62,8.6,8.33,75847696.0,435446976.0
2015-12-11,8.52,8.54,8.43,8.36,58668600.0,334989088.0
2015-12-10,8.55,8.76,8.54,8.52,81845576.0,479401600.0
2015-12-09,8.49,8.64,8.58,8.48,58543951.0,339162730.0
2015-12-08,8.61,8.62,8.49,8.46,62489968.0,360679168.0
2015-12-07,8.76,8.79,8.64,8.58,77932699.0,455510296.0
2015-12-04,8.98,8.99,8.73,8.7,144293136.0,861848128.0
2015-12-03,8.7,9.25,9.1,8.68,302013185.0,1852539626.0
2015-12-02,8.39,8.91,8.8,8.33,249873648.0,1465602048.0
2015-12-01,8.52,8.54,8.39,8.3,74536238.0,423519096.0
2015-11-30,8.37,8.58,8.52,8.37,111212456.0,641249984.0
2015-11-27,8.52,8.61,8.4,8.26,93814272.0,538730816.0
2015-11-26,8.57,8.62,8.55,8.54,59354268.0,344756416.0
2015-11-25,8.42,8.58,8.54,8.42,68414200.0,394080928.0
2015-11-24,8.4,8.46,8.45,8.37,60561992.0,345289088.0
2015-11-23,8.52,8.52,8.43,8.4,49871404.0,285703424.0
2015-11-20,8.49,8.54,8.49,8.43,55411000.0,318497664.0
2015-11-19,8.45,8.51,8.49,8.42,39777380.0,227768928.0
2015-11-18,8.43,8.58,8.46,8.39,77779936.0,446055168.0
2015-11-17,8.43,8.62,8.46,8.43,84252168.0,486283808.0
2015-11-16,8.31,8.48,8.43,8.3,49771624.0,283206368.0
2015-11-13,8.46,8.57,8.42,8.4,58176432.0,333310592.0
2015-11-12,8.67,8.68,8.51,8.46,81573440.0,471151744.0
2015-11-11,8.65,8.76,8.65,8.54,89437456.0,521771008.0
2015-11-10,8.7,8.85,8.73,8.6,126156096.0,742671104.0
2015-11-09,8.54,9.08,8.8,8.54,251522112.0,1506667776.0
2015-11-06,8.27,8.45,8.42,8.23,119280000.0,673246912.0
2015-11-05,8.11,8.51,8.35,8.09,206448528.0,1166650624.0
2015-11-04,7.9,8.2,8.14,7.87,94433440.0,514566784.0
2015-11-03,8.02,8.04,7.89,7.87,57688108.0,310190048.0
2015-11-02,8.06,8.11,8.02,8.01,36878748.0,201456448.0
2015-10-30,8.12,8.14,8.09,8.08,46131412.0,253248848.0
2015-10-29,8.09,8.14,8.09,8.08,33490376.0,183906224.0
2015-10-28,8.12,8.18,8.11,8.06,60460596.0,332880960.0
2015-10-27,8.23,8.23,8.15,8.09,54236472.0,299069248.0
2015-10-26,8.24,8.33,8.24,8.2,89294568.0,498361184.0
2015-10-23,8.12,8.23,8.21,8.12,77674624.0,429725376.0
2015-10-22,8.14,8.31,8.18,8.06,112830104.0,623804480.0
2015-10-21,8.09,8.3,8.12,8.05,127652320.0,704985408.0
2015-10-20,8.08,8.09,8.09,7.99,55473928.0,302022400.0
2015-10-19,8.09,8.15,8.08,8.04,54929172.0,301146560.0
2015-10-16,8.05,8.14,8.06,8.02,72450856.0,396261664.0
2015-10-15,7.96,8.02,8.02,7.89,42216020.0,227739392.0
2015-10-14,7.95,8.01,7.93,7.92,36066664.0,194489616.0
2015-10-13,8.04,8.05,8.01,7.95,43470660.0,235254448.0
2015-10-12,7.87,8.12,8.04,7.86,89292816.0,484954464.0
2015-10-09,7.83,7.87,7.86,7.8,35595916.0,189113680.0
2015-10-08,7.83,7.87,7.8,7.77,60725440.0,321261472.0
2015-09-30,7.67,7.72,7.65,7.62,37061032.0,192620912.0
2015-09-29,7.71,7.72,7.64,7.61,49004096.0,253788944.0
2015-09-28,7.83,7.83,7.75,7.71,26997718.0,141590720.0
2015-09-25,7.75,7.84,7.81,7.72,39004860.0,205895280.0
2015-09-24,7.86,7.87,7.78,7.74,40476352.0,213759616.0
2015-09-23,7.93,7.97,7.81,7.8,55494076.0,295559136.0
2015-09-22,7.93,8.06,8.01,7.92,48858040.0,264559088.0
2015-09-21,7.97,8.01,7.95,7.83,68227176.0,365144736.0
2015-09-18,8.08,8.11,8.02,7.99,33909928.0,184658224.0
2015-09-17,8.12,8.21,8.05,8.05,54937640.0,302956416.0
2015-09-16,8.05,8.29,8.18,7.92,92987232.0,508111488.0
2015-09-15,8.09,8.31,8.14,8.08,98747352.0,548072128.0
2015-09-14,8.08,8.35,8.2,7.92,123768776.0,683478528.0
2015-09-11,8.14,8.27,8.09,8.08,56650112.0,312959424.0
2015-09-10,8.06,8.27,8.18,8.01,81942184.0,453923712.0
2015-09-09,8.01,8.18,8.12,7.95,98271504.0,537338432.0
2015-09-08,7.92,8.17,8.08,7.75,124895432.0,672092160.0
2015-09-07,8.4,8.46,7.97,7.97,175312160.0,979272192.0
2015-09-02,7.96,8.95,8.74,7.96,542530688.0,3108274176.0
2015-09-01,7.59,8.36,8.3,7.52,523710144.0,2872003840.0
2015-08-31,7.55,7.65,7.64,7.31,180125072.0,913421568.0
2015-08-28,7.56,7.62,7.59,7.47,186641712.0,954002432.0
2015-08-27,7.25,7.65,7.59,7.01,195921408.0,963821568.0
2015-08-26,6.94,7.22,7.15,6.74,243966496.0,1158614656.0
2015-08-25,7.0,7.41,6.79,6.75,223828288.0,1072233344.0
2015-08-24,7.9,7.97,7.28,7.28,274608608.0,1395937792.0
2015-08-21,8.18,8.33,8.09,8.05,137012464.0,759785920.0
2015-08-20,8.42,8.45,8.27,8.26,91331960.0,517126176.0
2015-08-19,8.43,8.51,8.37,8.12,156821904.0,882030144.0
2015-08-18,8.74,8.85,8.45,8.39,140052880.0,821058112.0
2015-08-17,8.85,8.85,8.76,8.68,104891840.0,620309440.0
2015-08-14,8.86,8.91,8.85,8.83,85531712.0,513500576.0
2015-08-13,8.86,8.95,8.89,8.79,85321912.0,511962208.0
2015-08-12,8.91,8.95,8.88,8.86,85472168.0,515361856.0
2015-08-11,9.08,9.1,9.01,8.96,113079384.0,690959680.0
2015-08-10,8.95,9.14,9.11,8.86,143018960.0,872118592.0
2015-08-07,8.89,8.99,8.95,8.86,71245792.0,431494880.0
2015-08-06,8.89,9.01,8.89,8.85,68990248.0,416258112.0
2015-08-05,9.11,9.13,8.95,8.91,67253224.0,412067552.0
2015-08-04,9.08,9.16,9.14,9.02,96232792.0,592093696.0
2015-08-03,8.86,9.2,9.14,8.79,201774928.0,1233398528.0
2015-07-31,8.83,8.98,8.92,8.74,187874496.0,1133426048.0
2015-07-30,9.07,9.07,8.91,8.83,178177488.0,1074894720.0
2015-07-29,9.05,9.08,9.07,8.98,134501440.0,820976768.0
2015-07-28,8.65,9.13,9.08,8.62,321648736.0,1960916736.0
2015-07-27,9.47,9.53,8.8,8.61,289089344.0,1801775104.0
2015-07-24,9.66,9.67,9.54,9.53,181056032.0,1176316288.0
2015-07-23,9.56,9.66,9.64,9.53,177654304.0,1156444288.0
2015-07-22,9.57,9.62,9.54,9.5,196061840.0,1268667264.0
2015-07-21,9.7,9.78,9.62,9.57,249551712.0,1628621696.0
2015-07-20,9.84,9.87,9.76,9.7,229031232.0,1516083328.0
2015-07-17,9.85,9.93,9.84,9.75,292984448.0,1948944896.0
2015-07-16,9.98,10.13,9.85,9.64,351583520.0,2357890816.0
2015-07-15,9.79,10.12,9.98,9.73,359473664.0,2428528896.0
2015-07-14,9.87,10.07,9.9,9.62,471193248.0,3130777600.0
2015-07-13,10.27,10.4,10.09,9.94,551504576.0,3794479104.0
2015-07-10,10.13,11.05,10.52,9.87,830256064.0,5979764736.0
2015-07-09,10.1,10.97,10.4,9.39,875889344.0,6061150720.0
2015-07-08,10.34,11.0,10.1,9.93,1396457728.0,9886173184.0
2015-07-07,9.82,11.03,11.03,9.75,1805440000.0,12969411584.0
2015-07-06,10.03,10.04,10.03,9.62,864856448.0,5770701312.0
2015-07-03,9.62,9.94,9.29,9.17,425138880.0,2766883072.0
2015-07-02,9.6,10.19,9.88,8.98,778520000.0,5098820608.0
2015-07-01,9.97,9.97,9.51,9.5,497761408.0,3293418240.0
2015-06-30,9.36,10.07,10.06,9.24,630876608.0,4323804160.0
2015-06-29,9.34,9.57,9.34,8.61,435062816.0,2848018432.0
2015-06-26,9.33,9.58,9.14,8.82,411035648.0,2695697920.0
2015-06-25,9.82,9.85,9.48,9.45,403461632.0,2777371904.0
2015-06-24,9.38,9.6,9.6,9.31,300017344.0,2005342592.0
2015-06-23,9.06,9.33,9.31,8.89,247098720.0,1601789824.0
2015-06-19,9.37,9.52,9.02,8.99,289798208.0,1903352704.0
2015-06-18,9.81,9.82,9.45,9.38,297855296.0,2034400000.0
2015-06-17,9.92,9.98,9.88,9.66,432662528.0,3022275584.0
2015-06-16,9.66,9.86,9.65,9.48,322592832.0,2221159936.0
2015-06-15,10.03,10.05,9.74,9.71,353735200.0,2477019136.0
2015-06-12,9.96,10.03,10.03,9.88,323189984.0,2279876352.0
2015-06-11,10.1,10.16,9.98,9.88,317523872.0,2243509504.0
2015-06-10,10.13,10.22,10.1,10.05,363601088.0,2609817088.0
2015-06-09,10.46,10.53,10.24,10.06,682785600.0,4998298624.0
2015-06-08,9.72,10.41,10.4,9.68,925497792.0,6649996800.0
2015-06-05,9.95,10.02,9.72,9.57,507047744.0,3508800000.0
2015-06-04,9.43,9.85,9.76,9.33,691681216.0,4723390976.0
2015-06-03,9.45,9.48,9.38,9.26,364973312.0,2420807424.0
2015-06-02,9.41,9.5,9.43,9.28,361730464.0,2404544256.0
2015-06-01,9.03,9.48,9.44,8.93,465722976.0,3046772480.0
2015-05-29,8.93,9.41,8.99,8.72,439071808.0,2796727296.0
2015-05-28,9.51,9.58,8.97,8.95,471497536.0,3118081024.0
2015-05-27,9.66,9.69,9.54,9.45,364372640.0,2472633344.0
2015-05-26,9.69,9.72,9.66,9.52,310743040.0,2115045248.0
2015-05-25,9.47,9.65,9.64,9.45,329007328.0,2230618880.0
2015-05-22,9.23,9.43,9.41,9.2,310996992.0,2056211968.0
2015-05-21,9.17,9.19,9.16,9.07,193843472.0,1253976576.0
2015-05-20,9.2,9.3,9.16,9.1,259145808.0,1688354432.0
2015-05-19,8.89,9.23,9.17,8.86,212701056.0,1371822848.0
2015-05-18,8.99,9.07,8.9,8.89,171737904.0,1092235008.0
2015-05-15,9.26,9.33,9.07,9.02,215361584.0,1392543360.0
2015-05-14,9.48,9.51,9.31,9.24,247534304.0,1640591616.0
2015-05-13,9.36,9.6,9.4,9.26,373064064.0,2486599424.0
2015-05-12,9.27,9.34,9.3,9.17,251905104.0,1651825152.0
2015-05-11,9.13,9.28,9.26,8.99,276924064.0,1789532544.0
2015-05-08,9.09,9.17,9.13,8.99,193567536.0,1246221184.0
2015-05-07,9.16,9.24,9.02,8.97,217198144.0,1399863424.0
2015-05-06,9.24,9.55,9.17,9.02,300122304.0,1979426432.0
2015-05-05,9.72,9.72,9.24,9.2,351392640.0,2353085952.0
2015-05-04,9.66,9.75,9.74,9.57,214618352.0,1472443392.0
2015-04-30,9.86,9.88,9.66,9.65,308800768.0,2132518656.0
2015-04-29,9.99,9.99,9.85,9.74,385056800.0,2688070400.0
2015-04-28,9.9,10.51,10.07,9.85,849528768.0,6099544576.0
2015-04-27,9.5,9.85,9.85,9.5,502634208.0,3465228544.0
2015-04-24,9.6,9.65,9.47,9.31,393550848.0,2647953152.0
2015-04-23,9.88,9.9,9.74,9.71,346143840.0,2402487808.0
2015-04-22,9.78,9.9,9.88,9.71,427168864.0,2968403968.0
2015-04-21,9.66,9.78,9.75,9.45,435080224.0,2971277568.0
2015-04-20,10.17,10.23,9.65,9.61,730506752.0,5137654784.0
2015-04-17,10.3,10.41,10.14,10.0,578246976.0,4171026688.0
2015-04-16,9.89,10.17,10.16,9.78,482366272.0,3403122432.0
2015-04-15,9.72,10.3,9.93,9.64,669684096.0,4748769792.0
2015-04-14,9.72,9.88,9.75,9.55,509769920.0,3505620224.0
2015-04-13,9.38,9.93,9.81,9.37,919385280.0,6252964352.0
2015-04-10,9.0,9.19,9.16,8.95,448693792.0,2885478912.0
2015-04-09,8.99,9.2,9.0,8.89,601995264.0,3851854336.0
2015-04-08,8.86,8.97,8.97,8.73,515149056.0,3237508864.0
2015-04-07,8.79,8.88,8.86,8.69,472945440.0,2946564608.0
2015-04-03,8.56,8.65,8.63,8.52,227171120.0,1383418496.0
2015-04-02,8.71,8.73,8.62,8.52,269380352.0,1645210624.0
2015-04-01,8.61,8.72,8.68,8.58,273863904.0,1677689088.0
2015-03-31,8.86,8.93,8.61,8.55,488651712.0,3038960128.0
2015-03-30,8.49,8.73,8.73,8.49,420170368.0,2572721664.0
2015-03-27,8.44,8.54,8.45,8.37,233324096.0,1396688896.0
2015-03-26,8.37,8.56,8.44,8.27,247619328.0,1480816640.0
2015-03-25,8.65,8.66,8.44,8.41,330104160.0,1992577024.0
2015-03-24,8.72,8.86,8.66,8.59,344850144.0,2122042624.0
2015-03-23,8.69,8.76,8.72,8.65,291882560.0,1800407424.0
2015-03-20,8.49,8.75,8.62,8.45,363078176.0,2209316352.0
2015-03-19,8.62,8.63,8.52,8.47,260253920.0,1575446912.0
2015-03-18,8.38,8.63,8.62,8.37,354822336.0,2138061824.0
2015-03-17,8.34,8.39,8.37,8.27,278658112.0,1643663104.0
2015-03-16,8.25,8.31,8.28,8.17,231668880.0,1352562176.0
2015-03-13,8.24,8.42,8.2,8.13,290661760.0,1705783808.0
2015-03-12,8.11,8.38,8.24,8.01,421032320.0,2450938880.0
2015-03-11,7.89,8.07,7.96,7.87,196386880.0,1110533376.0
2015-03-10,7.97,7.97,7.86,7.84,213275312.0,1193542016.0
2015-03-09,7.69,8.07,8.04,7.55,384317344.0,2137593088.0
2015-03-06,7.55,7.63,7.61,7.54,133349720.0,717058880.0
2015-03-05,7.72,7.73,7.55,7.52,194192304.0,1047384576.0
2015-03-04,7.79,7.82,7.76,7.72,152305376.0,837593536.0
2015-03-03,8.04,8.04,7.8,7.78,233305504.0,1304784384.0
2015-03-02,8.07,8.1,8.09,7.99,196250544.0,1117846784.0
2015-02-27,8.01,8.09,8.03,7.96,152959392.0,869156544.0
2015-02-26,7.79,8.03,8.01,7.76,209655616.0,1177294592.0
2015-02-25,7.92,7.93,7.82,7.79,110447336.0,613993408.0
2015-02-17,7.87,7.97,7.9,7.86,140727168.0,789638400.0
2015-02-16,7.89,7.9,7.87,7.8,116570496.0,648498560.0
2015-02-13,7.83,7.99,7.89,7.82,217337920.0,1217747712.0
2015-02-12,7.84,7.86,7.82,7.69,108796960.0,600235648.0
2015-02-11,7.87,7.9,7.84,7.79,91970128.0,511084256.0
2015-02-10,7.73,7.93,7.87,7.7,177713632.0,989627328.0
2015-02-09,7.7,7.87,7.79,7.55,166110576.0,906175808.0
2015-02-06,7.9,7.96,7.75,7.66,168258512.0,934011520.0
2015-02-05,8.48,8.51,7.96,7.94,315113920.0,1838597248.0
2015-02-04,8.21,8.32,8.07,8.06,126518480.0,736004672.0
2015-02-03,8.07,8.21,8.2,7.99,140359552.0,805092928.0
2015-02-02,8.07,8.17,8.0,7.99,151926448.0,866948992.0
2015-01-30,8.32,8.38,8.25,8.21,127561920.0,750553280.0
2015-01-29,8.25,8.35,8.3,8.2,169687296.0,995484672.0
2015-01-28,8.42,8.54,8.42,8.35,146144448.0,873546432.0
2015-01-27,8.68,8.71,8.49,8.34,273892992.0,1649026176.0
2015-01-26,8.72,8.75,8.68,8.55,212521104.0,1300648448.0
2015-01-23,8.83,8.96,8.76,8.71,337249696.0,2112239232.0
2015-01-22,8.82,8.92,8.75,8.61,288012192.0,1788607104.0
2015-01-21,8.44,8.93,8.85,8.3,434252832.0,2656387328.0
2015-01-20,8.39,8.59,8.38,8.18,333036768.0,1980819584.0
2015-01-19,8.54,8.86,8.44,8.44,449668576.0,2744156160.0
2015-01-16,9.28,9.47,9.37,9.17,437158560.0,2897310464.0
2015-01-15,8.93,9.24,9.24,8.85,287371328.0,1841323008.0
2015-01-14,8.75,9.03,8.93,8.75,264415856.0,1668441856.0
2015-01-13,8.78,8.86,8.72,8.68,192796656.0,1195999872.0
2015-01-12,8.89,9.0,8.82,8.68,352671264.0,2205932800.0
2015-01-09,8.96,9.55,9.03,8.78,622373568.0,4020934912.0
2015-01-08,9.4,9.45,8.96,8.89,427247008.0,2749604864.0
2015-01-07,9.44,9.58,9.36,9.2,460664832.0,3065659904.0
2015-01-06,9.58,10.19,9.62,9.52,543074496.0,3754165248.0
2015-01-05,9.54,9.9,9.76,9.41,560424448.0,3829590528.0
2014-12-31,9.27,9.68,9.5,9.06,545692672.0,3654418944.0
2014-12-30,9.04,9.41,9.27,8.89,435125440.0,2851623424.0
2014-12-29,9.52,9.66,9.06,8.8,559057664.0,3695205376.0
2014-12-26,8.96,9.17,9.14,8.8,502345728.0,3209230592.0
2014-12-25,8.58,8.96,8.92,8.39,492375040.0,3041101824.0
2014-12-24,8.83,8.92,8.35,8.23,449370912.0,2705840640.0
2014-12-23,8.82,9.45,8.83,8.76,576243008.0,3701445888.0
2014-12-22,8.65,9.45,9.3,8.52,1079410560.0,6987803136.0
2014-12-19,8.13,8.68,8.59,8.06,687334656.0,4113952512.0
2014-12-18,8.45,8.47,8.13,8.04,440898336.0,2568914176.0
2014-12-17,7.99,8.58,8.38,7.84,760645568.0,4444174336.0
2014-12-16,7.48,7.99,7.96,7.44,452919808.0,2491078656.0
2014-12-15,7.62,7.62,7.48,7.34,257781072.0,1361533184.0
2014-12-12,7.69,7.87,7.68,7.61,300785536.0,1646927872.0
2014-12-11,7.69,8.01,7.7,7.62,376864288.0,2083613952.0
2014-12-10,7.7,8.1,7.96,7.29,619936576.0,3362111488.0
2014-12-09,8.34,8.69,7.79,7.76,993888832.0,5841910272.0
2014-12-08,8.03,8.69,8.62,7.8,1025226688.0,5947076608.0
2014-12-05,7.37,8.04,8.04,7.31,976290112.0,5448354304.0
2014-12-04,7.0,7.34,7.31,6.93,379679712.0,1922048896.0
2014-12-03,7.21,7.34,6.97,6.89,489612288.0,2477979136.0
2014-12-02,6.67,7.31,7.15,6.63,422710144.0,2077574784.0
2014-12-01,6.76,6.98,6.76,6.6,495214336.0,2390487040.0
2014-11-28,6.19,6.67,6.63,6.19,568449216.0,2597402368.0
2014-11-27,6.19,6.26,6.19,6.1,190970064.0,836311104.0
2014-11-26,6.04,6.15,6.14,6.03,164188080.0,710266752.0
2014-11-25,6.0,6.05,6.04,5.97,114489752.0,486512352.0
2014-11-24,5.91,6.04,5.98,5.87,169992624.0,718467392.0
2014-11-21,5.88,5.98,5.95,5.86,88009624.0,369360640.0
2014-11-20,5.9,5.91,5.88,5.84,80702688.0,335802848.0
2014-11-19,5.91,5.94,5.91,5.88,66299284.0,277605728.0
2014-11-18,6.05,6.07,5.93,5.91,117341120.0,497645312.0
2014-11-17,6.22,6.25,6.05,6.04,129639568.0,564009216.0
2014-11-14,6.08,6.18,6.17,6.03,114639112.0,495111680.0
2014-11-13,6.1,6.19,6.07,6.07,143398080.0,622451072.0
2014-11-12,6.05,6.1,6.08,6.0,155601936.0,666843776.0
2014-11-11,5.98,6.28,6.12,5.97,495464256.0,2159180800.0
2014-11-10,5.87,5.94,5.93,5.86,163740320.0,685580608.0
2014-11-07,5.83,5.91,5.84,5.8,78632008.0,326375872.0
2014-11-06,5.84,5.86,5.83,5.8,31443624.0,129875552.0
2014-11-05,5.87,5.88,5.83,5.81,63821732.0,264502720.0
2014-11-04,5.84,5.87,5.87,5.81,74610896.0,309092128.0
2014-11-03,5.9,5.9,5.84,5.84,91174136.0,379208800.0
2014-10-31,5.79,5.98,5.9,5.77,196405280.0,818337792.0
2014-10-30,5.73,5.8,5.77,5.7,87453776.0,356195360.0
2014-10-29,5.7,5.76,5.74,5.69,58820440.0,238301456.0
2014-10-28,5.63,5.7,5.7,5.63,39928668.0,160109184.0
2014-10-27,5.7,5.7,5.63,5.62,39815352.0,159478880.0
2014-10-24,5.71,5.73,5.71,5.69,31347804.0,126691456.0
2014-10-23,5.73,5.74,5.73,5.71,32288384.0,131091224.0
2014-10-22,5.73,5.74,5.73,5.71,27867036.0,113231040.0
2014-10-21,5.76,5.76,5.73,5.71,25470076.0,103606720.0
2014-10-20,5.79,5.79,5.77,5.73,24938464.0,101753544.0
2014-10-17,5.74,5.79,5.76,5.71,36248688.0,147690992.0
2014-10-16,5.71,5.8,5.76,5.71,51949796.0,212083312.0
2014-10-15,5.71,5.76,5.73,5.7,28072280.0,113912824.0
2014-10-14,5.7,5.74,5.73,5.7,34180148.0,138540320.0
2014-10-13,5.73,5.74,5.7,5.7,40715516.0,164825888.0
2014-10-10,5.76,5.77,5.74,5.73,35288640.0,143632064.0
2014-10-09,5.77,5.79,5.77,5.76,34185024.0,139740224.0
2014-10-08,5.77,5.79,5.77,5.71,48330764.0,196848912.0
2014-09-30,5.77,5.79,5.74,5.73,51647060.0,210424416.0
2014-09-29,5.79,5.81,5.76,5.76,48560924.0,198755568.0
2014-09-26,5.79,5.83,5.8,5.74,23758334.0,97420168.0
2014-09-25,5.83,5.83,5.79,5.77,43262160.0,178023744.0
2014-09-24,5.73,5.81,5.8,5.7,58557088.0,238981552.0
2014-09-23,5.71,5.79,5.71,5.7,32287004.0,131166800.0
2014-09-22,5.8,5.81,5.71,5.7,35350036.0,143896832.0
2014-09-19,5.8,5.83,5.81,5.79,32365992.0,133121616.0
2014-09-18,5.8,5.83,5.8,5.76,45791608.0,188028640.0
2014-09-17,5.81,5.83,5.8,5.79,35700264.0,146729776.0
2014-09-16,5.81,5.86,5.8,5.79,53929000.0,222266032.0
2014-09-15,5.81,5.83,5.81,5.79,36152764.0,148802208.0
2014-09-12,5.8,5.83,5.83,5.79,28299978.0,116399192.0
2014-09-11,5.81,5.86,5.8,5.79,40755396.0,167903392.0
2014-09-10,5.83,5.84,5.8,5.79,27180436.0,111946800.0
2014-09-09,5.87,5.88,5.86,5.84,24929620.0,103411408.0
2014-09-05,5.84,5.88,5.87,5.83,38026460.0,157831552.0
2014-09-04,5.81,5.84,5.83,5.79,38682404.0,159421392.0
2014-09-03,5.73,5.83,5.8,5.73,56326588.0,230705712.0
2014-09-02,5.67,5.74,5.74,5.66,47688896.0,192269040.0
2014-09-01,5.67,5.69,5.66,5.64,36713108.0,147321248.0
2014-08-29,5.66,5.69,5.67,5.62,26352740.0,105385680.0
2014-08-28,5.7,5.71,5.64,5.63,28261634.0,113626984.0
2014-08-27,5.73,5.73,5.7,5.7,13841384.0,56084848.0
2014-08-26,5.71,5.74,5.73,5.7,25638038.0,103948048.0
2014-08-25,5.74,5.76,5.71,5.7,22790068.0,92423664.0
2014-08-22,5.73,5.76,5.74,5.71,23529400.0,95669784.0
2014-08-21,5.77,5.77,5.74,5.7,32135264.0,130609008.0
2014-08-20,5.79,5.8,5.77,5.76,23277004.0,95266440.0
2014-08-19,5.8,5.81,5.79,5.76,28651912.0,117325920.0
2014-08-18,5.8,5.83,5.8,5.77,23592722.0,96949744.0
2014-08-15,5.79,5.83,5.8,5.76,29531968.0,121193960.0
2014-08-14,5.81,5.83,5.79,5.77,32645326.0,134302224.0
2014-08-13,5.77,5.83,5.83,5.77,37464744.0,153844608.0
2014-08-12,5.8,5.81,5.79,5.77,32116442.0,131663712.0
2014-08-11,5.77,5.83,5.81,5.77,25579636.0,105303008.0
2014-08-08,5.77,5.8,5.77,5.74,30180572.0,123439688.0
2014-08-07,5.86,5.86,5.77,5.76,37814296.0,155540016.0
2014-08-06,5.87,5.87,5.84,5.83,26906736.0,111494416.0
2014-08-05,5.9,5.91,5.9,5.86,38252324.0,159419200.0
2014-08-04,5.87,5.9,5.88,5.86,57818992.0,241138480.0
2014-08-01,5.84,5.93,5.86,5.83,62219764.0,259409488.0
2014-07-31,5.8,5.86,5.86,5.8,35911076.0,148275216.0
2014-07-30,5.87,5.88,5.8,5.77,54030648.0,224089312.0
2014-07-29,5.87,5.9,5.87,5.84,50389260.0,209685216.0
2014-07-28,5.7,5.91,5.87,5.69,119084560.0,492697952.0
2014-07-25,5.64,5.67,5.67,5.63,29603246.0,118621632.0
2014-07-24,5.54,5.64,5.63,5.54,49033628.0,194737280.0
2014-07-23,5.5,5.56,5.54,5.49,37064132.0,145469568.0
2014-07-22,5.49,5.52,5.5,5.47,23992814.0,93552256.0
2014-07-21,5.49,5.5,5.5,5.47,18214834.0,70924224.0
2014-07-18,5.5,5.53,5.5,5.49,25227848.0,98480232.0
2014-07-17,5.54,5.54,5.52,5.5,23360242.0,91420432.0
2014-07-16,5.53,5.56,5.54,5.52,23536872.0,92410344.0
2014-07-15,5.52,5.54,5.54,5.5,28921808.0,113239344.0
2014-07-14,5.5,5.53,5.5,5.47,26148756.0,101920448.0
2014-07-11,5.46,5.53,5.5,5.45,23922540.0,93367304.0
2014-07-10,5.49,5.49,5.46,5.45,39011948.0,151312112.0
2014-07-09,5.51,5.54,5.5,5.47,43316084.0,182130832.0
2014-07-08,5.5,5.53,5.53,5.47,33014178.0,138644960.0
2014-07-07,5.49,5.5,5.5,5.47,27517444.0,115322088.0
2014-07-04,5.46,5.49,5.49,5.45,21845124.0,91181552.0
2014-07-03,5.42,5.46,5.46,5.41,24322160.0,101147840.0
2014-07-02,5.41,5.42,5.41,5.38,13131139.0,54183024.0
2014-07-01,5.42,5.42,5.41,5.38,13130394.0,54139552.0
2014-06-30,5.38,5.42,5.41,5.38,15108131.0,62377684.0
2014-06-27,5.38,5.39,5.38,5.37,15880054.0,65236148.0
2014-06-26,5.37,5.39,5.38,5.37,15673223.0,64429620.0
2014-06-25,5.39,5.41,5.37,5.36,13086252.0,53727528.0
2014-06-24,5.39,5.41,5.39,5.37,13460970.0,55448260.0
2014-06-23,5.42,5.45,5.39,5.38,19144924.0,79173968.0
2014-06-20,5.38,5.43,5.42,5.36,19798508.0,81761360.0
2014-06-19,5.42,5.43,5.38,5.37,20700196.0,85244936.0
2014-06-18,5.43,5.43,5.42,5.39,20264196.0,83811856.0
2014-06-17,5.47,5.47,5.43,5.41,30539460.0,126864640.0
2014-06-16,5.45,5.49,5.49,5.43,33496640.0,139582944.0
2014-06-13,5.41,5.46,5.45,5.39,31849692.0,132344696.0
2014-06-12,5.39,5.43,5.41,5.39,17549280.0,72532744.0
2014-06-11,5.41,5.45,5.41,5.38,30676348.0,126835344.0
2014-06-10,5.36,5.42,5.41,5.33,43695524.0,179329888.0
2014-06-09,5.3,5.36,5.36,5.3,27529496.0,112262736.0
2014-06-06,5.33,5.36,5.3,5.3,29373560.0,119557464.0
2014-06-05,5.28,5.34,5.33,5.26,31739128.0,128818760.0
2014-06-04,5.3,5.3,5.26,5.26,25937886.0,104735832.0
2014-06-03,5.28,5.32,5.3,5.28,30604012.0,123877728.0
2014-05-30,5.32,5.32,5.28,5.25,26608682.0,107294512.0
2014-05-29,5.32,5.33,5.3,5.3,20898316.0,84841440.0
2014-05-28,5.26,5.32,5.32,5.26,23229132.0,93930280.0
2014-05-27,5.26,5.29,5.26,5.25,17692128.0,71292552.0
2014-05-26,5.28,5.29,5.26,5.25,15888572.0,63991700.0
2014-05-23,5.24,5.26,5.26,5.24,13546135.0,54326220.0
2014-05-22,5.24,5.26,5.25,5.22,20933618.0,83911952.0
2014-05-21,5.2,5.24,5.24,5.2,16742225.0,66835636.0
2014-05-20,5.22,5.22,5.22,5.2,11513263.0,45872544.0
2014-05-19,5.24,5.24,5.22,5.2,17862236.0,71119528.0
2014-05-16,5.22,5.24,5.24,5.21,18073700.0,72216648.0
2014-05-15,5.2,5.24,5.22,5.2,16650970.0,66400220.0
2014-05-14,5.22,5.22,5.2,5.2,17907116.0,71255224.0
2014-05-13,5.22,5.24,5.21,5.2,16766472.0,66779180.0
2014-05-12,5.21,5.25,5.24,5.19,32419624.0,129354080.0
2014-05-09,5.19,5.2,5.2,5.17,14639208.0,58023624.0
2014-05-08,5.16,5.22,5.19,5.16,18028632.0,71450184.0
2014-05-07,5.16,5.19,5.16,5.15,16584117.0,65509096.0
2014-05-06,5.16,5.2,5.16,5.16,18337008.0,72573312.0
2014-05-05,5.17,5.19,5.17,5.13,27309744.0,107541608.0
2014-04-30,5.21,5.22,5.19,5.17,13965613.0,55343876.0
2014-04-29,5.21,5.22,5.21,5.17,21860780.0,86752776.0
2014-04-28,5.2,5.24,5.21,5.19,27890624.0,110919728.0
2014-04-25,5.19,5.22,5.2,5.17,25019648.0,99486184.0
2014-04-24,5.19,5.21,5.19,5.16,14457641.0,57191368.0
2014-04-23,5.19,5.2,5.19,5.17,19988432.0,79117496.0
2014-04-22,5.17,5.21,5.2,5.16,13178228.0,52228056.0
2014-04-21,5.2,5.24,5.17,5.17,16166331.0,64300288.0
2014-04-18,5.22,5.22,5.21,5.19,16065997.0,63834960.0
2014-04-17,5.25,5.28,5.22,5.22,10025133.0,40138432.0
2014-04-16,5.24,5.28,5.26,5.22,16272144.0,65315592.0
2014-04-15,5.29,5.3,5.24,5.24,18530812.0,74441520.0
2014-04-14,5.32,5.33,5.3,5.28,20062704.0,81185504.0
2014-04-11,5.33,5.34,5.32,5.3,42653904.0,173267600.0
2014-04-10,5.26,5.36,5.34,5.25,48490528.0,196162128.0
2014-04-09,5.28,5.29,5.28,5.25,28626312.0,115354464.0
2014-04-08,5.22,5.33,5.28,5.21,79473784.0,320034368.0
2014-04-04,5.16,5.24,5.22,5.15,18868474.0,74993672.0
2014-04-03,5.28,5.29,5.17,5.16,44639856.0,177617536.0
2014-04-02,5.28,5.28,5.26,5.24,18375380.0,73818248.0
2014-04-01,5.24,5.3,5.26,5.24,23535786.0,94814560.0
2014-03-31,5.26,5.3,5.24,5.21,39131612.0,157091808.0
2014-03-28,5.13,5.26,5.22,5.13,42246472.0,168448384.0
2014-03-27,5.11,5.17,5.13,5.07,35338368.0,138455296.0
2014-03-26,5.08,5.12,5.09,5.08,16399585.0,63857056.0
2014-03-25,5.07,5.11,5.07,5.04,16783392.0,65042864.0
2014-03-24,5.08,5.12,5.09,5.04,29094852.0,112787128.0
2014-03-21,4.94,5.08,5.07,4.94,39101164.0,150309376.0
2014-03-20,4.95,4.99,4.95,4.94,13082739.0,49628216.0
2014-03-19,4.98,4.98,4.95,4.94,12431126.0,46977992.0
2014-03-18,5.0,5.01,4.99,4.96,10857946.0,41330936.0
2014-03-17,4.99,5.01,5.0,4.96,15679809.0,59695080.0
2014-03-14,4.98,5.0,4.99,4.92,23656920.0,89557360.0
2014-03-13,4.96,5.09,5.0,4.96,37478364.0,144045360.0
2014-03-12,4.95,4.98,4.95,4.91,19359972.0,72976032.0
2014-03-11,4.95,4.96,4.95,4.92,13066033.0,49252316.0
2014-03-10,5.0,5.01,4.95,4.94,23739100.0,90142592.0
2014-03-07,5.04,5.05,5.01,5.01,19470538.0,74842784.0
2014-03-06,5.0,5.07,5.04,4.99,20585944.0,78899112.0
2014-03-05,5.03,5.03,5.01,4.99,20955820.0,80199872.0
2014-03-04,5.03,5.03,5.03,4.99,28886500.0,110459920.0
2014-03-03,5.04,5.07,5.03,5.0,31073420.0,119475896.0
2014-02-28,5.08,5.08,5.05,5.03,24933164.0,96283952.0
2014-02-27,5.05,5.09,5.09,5.01,23483864.0,90686264.0
2014-02-26,5.05,5.09,5.05,5.04,15128910.0,58477672.0
2014-02-25,5.09,5.11,5.07,5.04,28361656.0,109900624.0
2014-02-24,5.17,5.19,5.09,5.08,27808568.0,108427872.0
2014-02-21,5.22,5.22,5.19,5.19,20031032.0,79627760.0
2014-02-20,5.26,5.29,5.22,5.21,26338210.0,105456912.0
2014-02-19,5.19,5.29,5.26,5.17,42915772.0,171862864.0
2014-02-18,5.24,5.25,5.19,5.17,22334616.0,88909264.0
2014-02-17,5.25,5.25,5.25,5.22,28276704.0,113179456.0
2014-02-14,5.22,5.25,5.24,5.21,17104232.0,68328784.0
2014-02-13,5.21,5.29,5.22,5.2,46981156.0,187660784.0
2014-02-12,5.22,5.25,5.21,5.2,29032116.0,115685088.0
2014-02-11,5.16,5.28,5.24,5.13,63283160.0,251662016.0
2014-02-10,5.17,5.19,5.17,5.13,33154960.0,130781856.0
2014-02-07,5.13,5.15,5.15,5.11,15982039.0,62455496.0
2014-01-30,5.17,5.17,5.16,5.15,13309885.0,52452016.0
2014-01-29,5.15,5.2,5.19,5.15,13729596.0,54254116.0
2014-01-28,5.12,5.16,5.15,5.12,19482610.0,76512800.0
2014-01-27,5.12,5.13,5.12,5.09,16830130.0,65612768.0
2014-01-24,5.13,5.16,5.13,5.11,16946122.0,66480984.0
2014-01-23,5.16,5.17,5.13,5.12,19274128.0,75601312.0
2014-01-22,5.13,5.19,5.19,5.13,26489098.0,104373104.0
2014-01-21,5.12,5.15,5.13,5.11,12095379.0,47403388.0
2014-01-20,5.13,5.15,5.11,5.11,10242482.0,40059704.0
2014-01-17,5.13,5.16,5.15,5.08,27272098.0,106618760.0
2014-01-16,5.19,5.19,5.16,5.12,24479616.0,96302136.0
2014-01-15,5.24,5.25,5.2,5.17,14157040.0,56138264.0
2014-01-14,5.25,5.26,5.24,5.19,13429687.0,53598660.0
2014-01-13,5.2,5.26,5.25,5.17,26136492.0,104153720.0
2014-01-10,5.17,5.2,5.19,5.16,16948936.0,67024840.0
2014-01-09,5.2,5.24,5.17,5.16,19875036.0,78929464.0
2014-01-08,5.25,5.26,5.21,5.19,27515048.0,109696544.0
2014-01-07,5.29,5.3,5.25,5.22,25840606.0,103534720.0
2014-01-06,5.32,5.36,5.34,5.19,43613988.0,174930928.0
2014-01-03,5.34,5.37,5.33,5.26,30937200.0,125251392.0
2014-01-02,5.39,5.41,5.38,5.33,34717612.0,142131584.0
2013-12-31,5.34,5.43,5.42,5.34,19791864.0,81661824.0
2013-12-30,5.45,5.45,5.36,5.36,23550018.0,96797272.0
2013-12-27,5.34,5.46,5.41,5.34,20563556.0,84897888.0
2013-12-26,5.41,5.43,5.34,5.3,21421068.0,87492456.0
2013-12-25,5.45,5.45,5.42,5.39,9528491.0,39441176.0
2013-12-24,5.47,5.47,5.42,5.37,15949631.0,66289744.0
2013-12-23,5.37,5.49,5.46,5.36,28214652.0,117019328.0
2013-12-20,5.55,5.55,5.19,4.98,36553288.0,152166800.0
2013-12-19,5.57,5.57,5.53,5.53,15359804.0,65070440.0
2013-12-18,5.59,5.61,5.54,5.51,28895850.0,122605912.0
2013-12-17,5.61,5.63,5.59,5.58,18504938.0,79153616.0
2013-12-16,5.66,5.68,5.61,5.61,15623731.0,67250848.0
2013-12-13,5.67,5.71,5.66,5.66,19678144.0,85342768.0
2013-12-12,5.72,5.74,5.71,5.7,11775184.0,51344008.0
2013-12-11,5.78,5.79,5.72,5.71,18058328.0,79138928.0
2013-12-10,5.79,5.83,5.81,5.76,15752204.0,69701208.0
2013-12-09,5.84,5.85,5.79,5.79,14613107.0,64986016.0
2013-12-06,5.8,5.84,5.83,5.79,16725775.0,74322128.0
2013-12-05,5.84,5.85,5.81,5.8,16880820.0,75053496.0
2013-12-04,5.83,5.88,5.84,5.81,36343472.0,162250432.0
2013-12-03,5.85,5.92,5.85,5.81,35234016.0,157561104.0
2013-12-02,5.75,5.89,5.87,5.75,78202752.0,348377728.0
2013-11-29,5.76,5.79,5.74,5.72,21887060.0,95951264.0
2013-11-28,5.76,5.8,5.78,5.75,20580800.0,90739168.0
2013-11-27,5.72,5.81,5.75,5.71,20835684.0,91673808.0
2013-11-26,5.78,5.81,5.72,5.71,15249688.0,67133808.0
2013-11-25,5.8,5.84,5.78,5.78,14877944.0,65956504.0
2013-11-22,5.78,5.85,5.84,5.75,44689288.0,198410784.0
2013-11-21,5.71,5.79,5.78,5.67,37364232.0,163569008.0
2013-11-20,5.71,5.75,5.74,5.68,26358750.0,114962536.0
2013-11-19,5.72,5.74,5.68,5.66,28646862.0,124554088.0
2013-11-18,5.66,5.75,5.74,5.63,58311712.0,252607504.0
2013-11-15,5.66,5.7,5.66,5.61,31500532.0,136064896.0
2013-11-14,5.62,5.66,5.64,5.59,22497786.0,96671392.0
2013-11-13,5.64,5.66,5.61,5.59,20024722.0,85925400.0
2013-11-12,5.68,5.71,5.68,5.66,18989180.0,82417328.0
2013-11-11,5.63,5.71,5.68,5.62,25134002.0,108929288.0
2013-11-08,5.66,5.68,5.64,5.63,17634730.0,76299920.0
2013-11-07,5.63,5.67,5.66,5.59,28768228.0,123920024.0
2013-11-06,5.61,5.66,5.62,5.59,30244008.0,129710416.0
2013-11-05,5.61,5.66,5.64,5.58,30568776.0,131199000.0
2013-11-04,5.7,5.7,5.64,5.61,26069742.0,112547632.0
2013-11-01,5.62,5.68,5.66,5.59,30520430.0,131614688.0
2013-10-31,5.62,5.64,5.61,5.58,26596592.0,113958952.0
2013-10-30,5.59,5.62,5.61,5.55,20806870.0,88879848.0
2013-10-29,5.53,5.63,5.59,5.53,33205664.0,141611616.0
2013-10-28,5.51,5.57,5.51,5.5,16343855.0,69111376.0
2013-10-25,5.54,5.58,5.51,5.49,25976846.0,109805648.0
2013-10-24,5.58,5.58,5.54,5.54,24122130.0,102347216.0
2013-10-23,5.61,5.66,5.59,5.58,18712352.0,80225688.0
2013-10-22,5.63,5.63,5.59,5.58,10917495.0,46699440.0
2013-10-21,5.58,5.64,5.63,5.57,22787046.0,97540288.0
2013-10-18,5.59,5.61,5.59,5.57,11146776.0,47569896.0
2013-10-17,5.61,5.66,5.58,5.57,16818058.0,72154344.0
2013-10-16,5.57,5.61,5.58,5.57,18875062.0,80428160.0
2013-10-15,5.66,5.67,5.57,5.55,40617908.0,173309408.0
2013-10-14,5.7,5.76,5.66,5.64,26943240.0,117478272.0
2013-10-11,5.62,5.72,5.71,5.61,28890588.0,125434992.0
2013-10-10,5.62,5.63,5.59,5.58,12751544.0,54521752.0
2013-10-09,5.61,5.63,5.63,5.58,19812248.0,84824720.0
2013-10-08,5.62,5.63,5.62,5.57,27126460.0,115855232.0
2013-09-30,5.62,5.7,5.63,5.61,23211160.0,100183320.0
2013-09-27,5.59,5.62,5.61,5.58,14149089.0,60490564.0
2013-09-26,5.66,5.67,5.61,5.55,28176676.0,120238288.0
2013-09-25,5.7,5.72,5.67,5.66,15322903.0,66565640.0
2013-09-24,5.78,5.79,5.7,5.66,35902652.0,156241008.0
2013-09-23,5.79,5.81,5.79,5.76,20088112.0,88796864.0
2013-09-18,5.79,5.81,5.78,5.75,20169848.0,89175936.0
2013-09-17,5.83,5.88,5.76,5.76,26874928.0,119539576.0
2013-09-16,5.88,5.91,5.84,5.83,33576940.0,150737664.0
2013-09-13,5.89,5.95,5.84,5.83,34832784.0,156489008.0
2013-09-12,5.8,6.0,5.92,5.78,73986512.0,332628256.0
2013-09-11,5.83,5.87,5.8,5.78,47975024.0,213213008.0
2013-09-10,5.89,5.89,5.85,5.79,49960768.0,222175776.0
2013-09-09,5.64,6.02,5.93,5.63,116744304.0,522536032.0
2013-09-06,5.63,5.66,5.63,5.61,13348348.0,57376624.0
2013-09-05,5.62,5.64,5.63,5.61,13174559.0,56595568.0
2013-09-04,5.61,5.64,5.62,5.58,23336968.0,99990360.0
2013-09-03,5.58,5.63,5.62,5.54,26621000.0,113802392.0
2013-09-02,5.57,5.61,5.55,5.54,25434396.0,108152448.0
2013-08-30,5.55,5.57,5.57,5.51,19476470.0,82465688.0
2013-08-29,5.58,5.59,5.54,5.53,15237924.0,64610648.0
2013-08-28,5.61,5.61,5.55,5.55,18213636.0,77524672.0
2013-08-27,5.62,5.64,5.61,5.58,12684473.0,54315024.0
2013-08-26,5.61,5.64,5.63,5.58,18028986.0,77283176.0
2013-08-23,5.62,5.63,5.58,5.53,18629128.0,79365776.0
2013-08-22,5.62,5.66,5.61,5.58,15397923.0,66077016.0
2013-08-21,5.64,5.64,5.62,5.59,12760362.0,54748576.0
2013-08-20,5.66,5.7,5.62,5.62,20773132.0,89698720.0
2013-08-19,5.66,5.71,5.67,5.63,31658016.0,136936976.0
2013-08-16,5.68,5.95,5.71,5.64,54126792.0,238559936.0
2013-08-15,5.71,5.74,5.67,5.67,17854832.0,77759768.0
2013-08-14,5.72,5.76,5.7,5.68,19626718.0,85827200.0
2013-08-13,5.72,5.72,5.71,5.67,12886745.0,56125260.0
2013-08-12,5.64,5.72,5.71,5.62,24704056.0,107352448.0
2013-08-09,5.66,5.68,5.64,5.57,14539597.0,62423776.0
2013-08-08,5.66,5.7,5.64,5.62,12491259.0,53940312.0
2013-08-07,5.7,5.74,5.66,5.64,13830145.0,60118904.0
2013-08-06,5.7,5.75,5.7,5.66,16958782.0,73760472.0
2013-08-05,5.68,5.75,5.72,5.63,24095240.0,105004064.0
2013-08-02,5.68,5.71,5.67,5.63,15119596.0,65624860.0
2013-08-01,5.62,5.72,5.66,5.61,28629482.0,123680456.0
2013-07-31,5.61,5.63,5.62,5.57,17929060.0,76811040.0
2013-07-30,5.54,5.64,5.61,5.5,35259504.0,150186304.0
2013-07-29,5.57,5.58,5.51,5.46,24533620.0,103203952.0
2013-07-26,5.59,5.66,5.62,5.57,14934636.0,63992720.0
2013-07-25,5.66,5.68,5.61,5.59,15514469.0,66732416.0
2013-07-24,5.68,5.68,5.66,5.59,23345136.0,100525928.0
2013-07-23,5.7,5.76,5.68,5.64,31318720.0,136338144.0
2013-07-22,5.64,5.71,5.7,5.62,35318644.0,152728768.0
2013-07-19,5.68,5.72,5.71,5.58,42906356.0,185606784.0
2013-07-18,5.71,5.74,5.68,5.64,23010098.0,99542256.0
2013-07-17,5.81,5.81,5.72,5.71,24240100.0,106931616.0
2013-07-16,5.78,5.88,5.84,5.67,34507296.0,152077888.0
2013-07-15,5.88,5.91,5.8,5.79,27307386.0,121776296.0
2013-07-12,5.89,5.89,5.87,5.8,35155528.0,157048688.0
2013-07-11,5.75,5.96,5.92,5.71,48270624.0,215465712.0
2013-07-10,5.76,5.79,5.75,5.7,19284110.0,84464968.0
2013-07-09,5.71,5.8,5.78,5.7,21422288.0,94080008.0
2013-07-08,5.8,5.81,5.76,5.68,24247302.0,106241464.0
2013-07-05,5.71,5.89,5.84,5.63,44085728.0,192699104.0
2013-07-04,5.66,5.72,5.71,5.62,25392916.0,109962240.0
2013-07-03,5.64,5.74,5.68,5.58,44461868.0,191532784.0
2013-07-02,5.63,5.7,5.68,5.55,45492720.0,195472096.0
2013-07-01,5.42,5.64,5.63,5.37,76792040.0,323644416.0
2013-06-28,5.36,5.45,5.43,5.33,32704988.0,134615360.0
2013-06-27,5.29,5.39,5.34,5.28,48502448.0,197736352.0
2013-06-26,5.28,5.3,5.25,5.15,56156592.0,223257472.0
2013-06-25,5.17,5.25,5.22,5.11,56088568.0,221845760.0
2013-06-24,5.36,5.36,5.19,5.16,47989124.0,191655584.0
2013-06-21,5.55,5.55,5.34,5.24,72805040.0,299623904.0
2013-06-20,5.65,5.67,5.54,5.5,37752660.0,171032768.0
2013-06-19,5.7,5.71,5.65,5.64,30351220.0,139819440.0
2013-06-18,5.73,5.74,5.71,5.69,24145518.0,112149728.0
2013-06-17,5.76,5.76,5.69,5.69,23230016.0,108214176.0
2013-06-14,5.73,5.76,5.76,5.67,57356748.0,266495568.0
2013-06-13,5.79,5.8,5.74,5.47,71041296.0,328297632.0
2013-06-07,5.85,5.9,5.82,5.8,24415152.0,116299744.0
2013-06-06,5.87,5.89,5.84,5.84,15380835.0,73382064.0
2013-06-05,5.89,5.9,5.87,5.86,12755923.0,61096312.0
2013-06-04,5.91,5.92,5.89,5.86,27028848.0,129517872.0
2013-06-03,5.9,5.92,5.91,5.89,24437800.0,117482296.0
2013-05-31,5.93,5.96,5.9,5.9,12255629.0,59089904.0
2013-05-30,5.93,5.97,5.92,5.91,23163444.0,111836584.0
2013-05-29,5.97,6.01,5.95,5.92,25196828.0,122081480.0
2013-05-28,5.89,5.98,5.97,5.87,32418756.0,156298432.0
2013-05-27,5.86,5.92,5.89,5.85,27556576.0,132153216.0
2013-05-24,5.95,5.98,5.87,5.85,29336698.0,141088448.0
2013-05-23,5.96,5.98,5.91,5.89,26827460.0,129511760.0
2013-05-22,6.0,6.02,5.98,5.96,15151751.0,73818264.0
2013-05-21,6.02,6.05,6.0,5.97,15295395.0,74588344.0
2013-05-20,6.02,6.08,6.02,6.0,22422532.0,110406728.0
2013-05-17,5.91,6.05,6.02,5.89,33193850.0,161567344.0
2013-05-16,5.84,5.92,5.91,5.84,22254504.0,106579152.0
2013-05-15,5.85,5.89,5.85,5.84,14623038.0,69657448.0
2013-05-14,5.92,5.92,5.85,5.82,25990480.0,124211608.0
2013-05-13,5.95,5.96,5.92,5.91,16740744.0,80812152.0
2013-05-10,5.93,6.0,5.96,5.93,19933958.0,96696272.0
2013-05-09,5.97,6.0,5.96,5.93,24310952.0,117946208.0
2013-05-08,5.9,5.97,5.96,5.89,39121472.0,189555792.0
2013-05-07,5.89,5.91,5.89,5.87,27361284.0,131291160.0
2013-05-06,5.9,5.92,5.9,5.86,25732134.0,123439296.0
2013-05-03,5.81,5.95,5.9,5.8,41711400.0,200068368.0
2013-05-02,5.71,5.81,5.79,5.71,36156120.0,170012384.0
2013-04-26,5.78,5.78,5.71,5.71,22742004.0,106270912.0
2013-04-25,5.73,5.76,5.75,5.68,19359720.0,90180296.0
2013-04-24,5.73,5.78,5.71,5.65,18385704.0,85531184.0
2013-04-23,5.78,5.78,5.71,5.7,39868092.0,185837840.0
2013-04-22,5.74,5.78,5.76,5.73,32919144.0,154034816.0
2013-04-19,5.64,5.76,5.75,5.6,34078808.0,157968368.0
2013-04-18,5.63,5.69,5.6,5.6,37410816.0,171413840.0
2013-04-17,5.74,5.76,5.64,5.62,48352996.0,223493696.0
2013-04-16,5.76,5.79,5.75,5.73,45643332.0,213825184.0
2013-04-15,5.76,5.8,5.78,5.75,45925800.0,215564368.0
2013-04-12,5.76,5.78,5.76,5.74,19369452.0,90768888.0
2013-04-11,5.75,5.78,5.75,5.73,21467784.0,100585816.0
2013-04-10,5.74,5.75,5.73,5.7,17440664.0,81221712.0
2013-04-09,5.75,5.79,5.74,5.74,25148632.0,117842816.0
2013-04-08,5.67,5.75,5.74,5.63,42712356.0,198086400.0
2013-04-03,5.71,5.81,5.74,5.71,38530656.0,180799968.0
2013-04-02,5.64,5.71,5.7,5.62,31661872.0,145979584.0
2013-04-01,5.62,5.65,5.63,5.6,23339958.0,106813624.0
2013-03-29,5.62,5.64,5.63,5.6,21523278.0,98475928.0
2013-03-28,5.71,5.71,5.6,5.54,92186936.0,419559552.0
2013-03-27,5.78,5.86,5.75,5.73,46143768.0,217232544.0
2013-03-26,5.86,5.9,5.75,5.74,66077820.0,311931360.0
2013-03-25,5.85,5.91,5.89,5.84,67027864.0,320791904.0
2013-03-22,5.78,5.8,5.79,5.71,35705372.0,167610992.0
2013-03-21,5.78,5.85,5.78,5.74,55660904.0,262783872.0
2013-03-20,5.64,5.8,5.78,5.63,60468392.0,283317280.0
2013-03-19,5.59,5.7,5.63,5.59,31295160.0,143343456.0
2013-03-18,5.73,5.74,5.59,5.58,54151128.0,249387968.0
2013-03-15,5.65,5.8,5.76,5.63,69576488.0,325433920.0
2013-03-14,5.6,5.67,5.65,5.59,23784838.0,108920912.0
2013-03-13,5.6,5.63,5.62,5.58,25516640.0,116318016.0
2013-03-12,5.63,5.7,5.62,5.6,35134796.0,161533248.0
2013-03-11,5.65,5.67,5.63,5.59,25425866.0,116614648.0
2013-03-08,5.63,5.67,5.64,5.58,33952396.0,155326816.0
2013-03-07,5.71,5.73,5.62,5.57,53783868.0,247235248.0
2013-03-06,5.76,5.79,5.74,5.71,45046360.0,210568640.0
2013-03-05,5.63,5.79,5.74,5.6,42970812.0,198865216.0
2013-03-04,5.68,5.76,5.62,5.58,61463464.0,283116864.0
2013-03-01,5.81,5.86,5.78,5.71,38712528.0,182110384.0
2013-02-28,5.71,5.89,5.79,5.67,88872488.0,418206976.0
2013-02-27,5.64,5.7,5.69,5.63,33713976.0,155235664.0
2013-02-26,5.65,5.76,5.63,5.62,54144712.0,250975216.0
2013-02-25,5.67,5.73,5.68,5.65,29365456.0,135649472.0
2013-02-22,5.73,5.73,5.68,5.65,45691824.0,211249536.0
2013-02-21,5.87,5.87,5.74,5.68,82539064.0,385369376.0
2013-02-20,5.96,5.97,5.91,5.85,52678904.0,252809280.0
2013-02-19,6.0,6.03,5.95,5.92,45196456.0,219137888.0
2013-02-18,6.05,6.09,6.0,6.0,41367552.0,203418192.0
2013-02-08,6.0,6.07,6.02,5.98,50909088.0,249919712.0
2013-02-07,6.17,6.18,6.01,5.96,100231624.0,491642848.0
2013-02-06,6.16,6.22,6.17,6.12,45503180.0,228160864.0
2013-02-05,6.22,6.27,6.16,6.13,77224408.0,388428096.0
2013-02-04,6.21,6.38,6.24,6.21,108381392.0,554192576.0
2013-02-01,6.09,6.21,6.21,6.08,75767472.0,379756992.0
2013-01-31,6.05,6.17,6.11,6.01,129682272.0,644492992.0
2013-01-30,5.89,6.04,6.02,5.85,140615008.0,680736768.0
2013-01-29,5.9,5.9,5.87,5.84,75236208.0,359404448.0
2013-01-28,5.78,5.9,5.89,5.76,83265920.0,396114624.0
2013-01-25,5.81,5.85,5.76,5.76,47019412.0,221898528.0
2013-01-24,5.78,5.96,5.82,5.75,134460608.0,641877568.0
2013-01-23,5.71,5.79,5.76,5.68,46718960.0,217993040.0
2013-01-22,5.67,5.81,5.71,5.6,80415432.0,373819968.0
2013-01-21,5.71,5.73,5.68,5.6,56817372.0,261492720.0
2013-01-18,5.68,5.74,5.71,5.67,29933984.0,138918688.0
2013-01-17,5.71,5.73,5.67,5.6,50109092.0,229953376.0
2013-01-16,5.8,5.84,5.74,5.69,56986960.0,266809360.0
2013-01-15,5.84,5.87,5.81,5.78,58116520.0,275204992.0
2013-01-14,5.68,5.86,5.84,5.67,57522936.0,271163872.0
2013-01-11,5.69,5.7,5.69,5.63,48944236.0,226086368.0
2013-01-10,5.65,5.71,5.68,5.63,31889582.0,147017520.0
2013-01-09,5.7,5.74,5.65,5.62,41272412.0,190683024.0
2013-01-08,5.8,5.82,5.71,5.68,52082440.0,242711648.0
2013-01-07,5.76,5.82,5.81,5.75,40505416.0,191167872.0
2013-01-04,5.7,5.86,5.78,5.7,74139048.0,347513152.0
2012-12-31,5.57,5.69,5.65,5.57,53032364.0,243224272.0
2012-12-28,5.55,5.6,5.57,5.54,37234604.0,168622272.0
2012-12-27,5.62,5.64,5.54,5.54,30047712.0,136530224.0
2012-12-26,5.62,5.64,5.63,5.57,28505134.0,130133304.0
2012-12-25,5.43,5.67,5.63,5.41,63734456.0,290113920.0
2012-12-24,5.44,5.48,5.43,5.42,23403676.0,103838080.0
2012-12-21,5.55,5.55,5.42,5.41,34617896.0,154271712.0
2012-12-20,5.55,5.57,5.57,5.49,30391168.0,136623600.0
2012-12-19,5.55,5.6,5.57,5.54,34216564.0,155230736.0
2012-12-18,5.53,5.63,5.55,5.53,67001680.0,304788448.0
2012-12-17,5.54,5.59,5.53,5.49,59703688.0,268931296.0
2012-12-14,5.34,5.57,5.53,5.32,83994408.0,375085248.0
2012-12-13,5.38,5.39,5.33,5.31,24353358.0,106122656.0
2012-12-12,5.34,5.39,5.38,5.33,29053200.0,127041784.0
2012-12-11,5.33,5.37,5.34,5.32,26307656.0,114522232.0
2012-12-10,5.31,5.36,5.33,5.28,69896728.0,302666848.0
2012-12-07,5.27,5.36,5.28,5.26,62754592.0,270517920.0
2012-12-06,5.21,5.31,5.27,5.2,47927768.0,205605472.0
2012-12-05,5.11,5.23,5.22,5.1,45398936.0,191561072.0
2012-12-04,5.11,5.14,5.12,5.09,22738840.0,94505776.0
2012-12-03,5.1,5.14,5.12,5.08,20895448.0,86738640.0
2012-11-30,5.11,5.14,5.12,5.06,30365844.0,125816888.0
2012-11-29,5.15,5.16,5.11,5.1,19096590.0,79622344.0
2012-11-28,5.12,5.16,5.15,5.11,29465686.0,123079416.0
2012-11-27,5.1,5.15,5.14,5.09,26133132.0,108583056.0
2012-11-26,5.1,5.12,5.11,5.06,16076314.0,66543372.0
2012-11-23,5.1,5.14,5.1,5.09,15090079.0,62855128.0
2012-11-22,5.1,5.11,5.1,5.06,10664139.0,44159296.0
2012-11-21,5.11,5.14,5.12,5.04,30257204.0,125039736.0
2012-11-20,5.15,5.17,5.11,5.08,20602316.0,85628352.0
2012-11-19,5.15,5.17,5.17,5.08,18114854.0,75544776.0
2012-11-16,5.14,5.16,5.16,5.08,28951384.0,120281696.0
2012-11-15,5.25,5.27,5.14,5.12,28930656.0,122209856.0
2012-11-14,5.28,5.31,5.26,5.26,15025873.0,64478096.0
2012-11-13,5.3,5.33,5.31,5.22,54649872.0,234602848.0
2012-11-12,5.27,5.32,5.3,5.24,42719152.0,183909680.0
2012-11-09,5.24,5.3,5.27,5.2,45932076.0,195784432.0
2012-11-08,5.22,5.26,5.26,5.18,31113092.0,132300448.0
2012-11-07,5.2,5.25,5.24,5.18,11677359.0,49635944.0
2012-11-06,5.2,5.22,5.22,5.15,25332340.0,106932040.0
2012-11-05,5.21,5.22,5.2,5.17,17046352.0,72067424.0
2012-11-02,5.16,5.22,5.22,5.12,40477648.0,170394544.0
2012-11-01,5.09,5.16,5.15,5.08,19153976.0,80045944.0
2012-10-31,5.05,5.09,5.08,5.05,9701359.0,39997424.0
2012-10-30,5.08,5.09,5.08,5.04,14518346.0,59724024.0
2012-10-29,5.05,5.09,5.08,5.05,9472986.0,39061096.0
2012-10-26,5.1,5.14,5.08,5.04,16233560.0,67178592.0
2012-10-25,5.11,5.14,5.11,5.06,15133004.0,62905800.0
2012-10-24,5.12,5.15,5.11,5.1,11911840.0,49722128.0
2012-10-23,5.14,5.16,5.12,5.11,8516328.0,35613264.0
2012-10-22,5.11,5.16,5.14,5.08,18855248.0,78584552.0
2012-10-19,5.12,5.16,5.11,5.11,16269848.0,68124920.0
2012-10-18,5.15,5.17,5.15,5.11,22720844.0,95296304.0
2012-10-17,5.14,5.16,5.14,5.11,17692864.0,73985664.0
2012-10-16,5.09,5.14,5.14,5.06,25849020.0,107396592.0
2012-10-15,5.11,5.12,5.1,5.06,26139332.0,108404688.0
2012-10-12,5.0,5.1,5.09,4.99,44757828.0,184465408.0
2012-10-11,4.96,5.01,5.0,4.94,28256144.0,114686720.0
2012-10-10,4.98,4.99,4.99,4.94,18556112.0,74948272.0
2012-10-09,4.89,4.99,4.99,4.87,36235332.0,146336320.0
2012-10-08,4.88,4.9,4.89,4.84,40460688.0,160427584.0
2012-09-28,4.8,4.89,4.89,4.79,40057696.0,158203600.0
2012-09-27,4.72,4.92,4.82,4.71,37234400.0,145804896.0
2012-09-26,4.71,4.74,4.72,4.69,11410862.0,43890948.0
2012-09-25,4.73,4.74,4.71,4.69,8465743.0,32494044.0
2012-09-24,4.74,4.75,4.73,4.69,16218498.0,62277292.0
2012-09-21,4.74,4.79,4.75,4.73,18870396.0,73155232.0
2012-09-20,4.78,4.79,4.77,4.74,20826490.0,80707912.0
2012-09-19,4.8,4.82,4.79,4.77,16647355.0,64869616.0
2012-09-18,4.85,4.85,4.79,4.79,12337609.0,48344044.0
2012-09-17,4.9,4.9,4.84,4.84,12883422.0,51104368.0
2012-09-14,4.85,4.93,4.9,4.83,28325518.0,112752648.0
2012-09-13,4.82,4.87,4.83,4.82,9334651.0,36754048.0
2012-09-12,4.85,4.87,4.83,4.8,15773401.0,61971376.0
2012-09-11,4.88,4.88,4.84,4.82,16901708.0,66530328.0
2012-09-10,4.92,4.93,4.88,4.87,18349132.0,73060744.0
2012-09-07,4.8,4.95,4.93,4.78,37828288.0,150483232.0
2012-09-06,4.77,4.8,4.78,4.75,14953723.0,58073520.0
2012-09-05,4.79,4.79,4.77,4.74,19143740.0,74166472.0
2012-09-04,4.87,4.89,4.79,4.77,24698160.0,96894736.0
2012-09-03,4.94,4.94,4.89,4.87,19935020.0,79432592.0
2012-08-31,4.96,4.96,4.94,4.93,9536522.0,38367652.0
2012-08-30,4.92,4.98,4.98,4.92,18769168.0,75645496.0
2012-08-29,4.93,4.94,4.93,4.92,9581332.0,38423216.0
2012-08-28,4.9,4.95,4.94,4.89,11746923.0,47046540.0
2012-08-27,4.9,4.92,4.89,4.88,20473172.0,81726888.0
2012-08-24,4.89,4.92,4.89,4.88,17437682.0,69582928.0
2012-08-23,4.95,4.96,4.93,4.88,22850354.0,91446568.0
2012-08-22,4.98,4.99,4.95,4.93,11469948.0,46233780.0
2012-08-21,4.95,4.99,4.99,4.92,23703452.0,95528656.0
2012-08-20,4.93,4.96,4.96,4.9,10116421.0,40577664.0
2012-08-17,4.94,4.96,4.95,4.93,13532050.0,54505664.0
2012-08-16,4.94,4.95,4.94,4.92,8306188.0,33343692.0
2012-08-15,4.98,5.0,4.95,4.94,9286791.0,37462928.0
2012-08-14,5.0,5.01,4.99,4.98,12280249.0,49949168.0
2012-08-13,4.98,5.0,4.99,4.95,17052640.0,69140672.0
2012-08-10,4.99,5.0,4.98,4.96,9584358.0,38913148.0
2012-08-09,4.96,5.0,4.99,4.95,18851966.0,76402896.0
2012-08-08,4.93,4.99,4.96,4.93,20002900.0,80892400.0
2012-08-07,4.93,4.95,4.94,4.9,15317028.0,61446756.0
2012-08-06,4.94,4.96,4.94,4.92,18045206.0,72561376.0
2012-08-03,4.93,4.95,4.93,4.92,8230243.0,33069728.0
2012-08-02,4.93,4.95,4.93,4.9,12523591.0,50208660.0
2012-08-01,4.88,4.94,4.92,4.88,19897848.0,79740120.0
2012-07-31,4.85,4.89,4.88,4.83,15021483.0,59555836.0
2012-07-30,4.83,4.87,4.83,4.8,16776405.0,66176088.0
2012-07-27,4.77,4.83,4.83,4.75,15914035.0,62162056.0
2012-07-26,4.75,4.78,4.75,4.74,12254926.0,47439272.0
2012-07-25,4.79,4.8,4.75,4.75,11786684.0,45809376.0
2012-07-24,4.84,4.84,4.78,4.78,19801106.0,77416408.0
2012-07-23,4.9,4.92,4.84,4.83,16461018.0,64972512.0
2012-07-20,4.95,4.95,4.93,4.9,14569493.0,58337400.0
2012-07-19,4.94,4.96,4.95,4.92,15593233.0,62702356.0
2012-07-18,4.93,4.95,4.93,4.9,13532391.0,54262288.0
2012-07-17,4.92,4.95,4.94,4.92,11367381.0,45673088.0
2012-07-16,4.96,4.96,4.92,4.9,15587320.0,62522856.0
2012-07-13,4.93,4.96,4.95,4.93,12971373.0,52150024.0
2012-07-12,4.98,4.99,4.93,4.89,37308008.0,149448736.0
2012-07-11,5.04,5.04,4.98,4.98,15710019.0,63955400.0
2012-07-10,5.05,5.08,5.04,5.03,9666895.0,39706100.0
2012-07-09,5.11,5.14,5.05,5.04,19301756.0,79982592.0
2012-07-06,5.11,5.12,5.11,5.06,21703272.0,89963832.0
2012-07-05,5.16,5.16,5.15,5.12,11064244.0,46261612.0
2012-07-04,5.14,5.17,5.16,5.14,9080243.0,38105272.0
2012-07-03,5.14,5.16,5.14,5.12,10427227.0,43636604.0
2012-07-02,5.17,5.17,5.14,5.12,15183073.0,63463732.0
2012-06-29,5.12,5.18,5.16,5.11,19564040.0,81966248.0
2012-06-28,5.17,5.17,5.12,5.11,13264949.0,55475848.0
2012-06-27,5.17,5.18,5.17,5.14,17752114.0,74505984.0
2012-06-26,5.18,5.2,5.17,5.16,16923792.0,71358160.0
2012-06-25,5.22,5.23,5.18,5.18,20792840.0,88141248.0
2012-06-21,5.27,5.27,5.26,5.22,34754476.0,156662640.0
2012-06-20,5.25,5.27,5.27,5.24,23354744.0,105610480.0
2012-06-19,5.22,5.25,5.25,5.21,17612176.0,79214496.0
2012-06-18,5.22,5.24,5.24,5.2,21878774.0,98190960.0
2012-06-15,5.16,5.22,5.21,5.14,23683752.0,105466688.0
2012-06-14,5.16,5.16,5.14,5.13,14307595.0,63184496.0
2012-06-13,5.15,5.17,5.17,5.13,15719340.0,69575456.0
2012-06-12,5.17,5.18,5.14,5.13,16348658.0,72321984.0
2012-06-11,5.17,5.21,5.18,5.16,17852088.0,79533456.0
2012-06-08,5.22,5.22,5.18,5.1,61840452.0,274204800.0
2012-06-06,5.19,5.25,5.22,5.19,26305680.0,118088184.0
2012-06-05,5.17,5.21,5.19,5.17,27285296.0,121726632.0
2012-06-04,5.2,5.2,5.17,5.17,27793320.0,123823112.0
2012-06-01,5.24,5.25,5.22,5.21,19840954.0,89277456.0
2012-05-31,5.22,5.24,5.22,5.2,26298640.0,117827320.0
2012-05-30,5.26,5.27,5.24,5.21,46130756.0,207531744.0
2012-05-29,5.22,5.28,5.27,5.21,37737652.0,170052528.0
2012-05-28,5.21,5.25,5.24,5.2,34034864.0,152475680.0
2012-05-25,5.22,5.25,5.21,5.2,20640240.0,92604600.0
2012-05-24,5.25,5.25,5.22,5.21,19964848.0,89805648.0
2012-05-23,5.28,5.28,5.24,5.24,20078266.0,90578800.0
2012-05-22,5.27,5.28,5.28,5.26,23584976.0,106950000.0
2012-05-21,5.24,5.27,5.26,5.22,18576626.0,83867448.0
2012-05-18,5.26,5.27,5.24,5.21,43243956.0,194723120.0
2012-05-17,5.25,5.31,5.27,5.25,35638936.0,161477904.0
2012-05-16,5.35,5.35,5.25,5.22,75866304.0,343121280.0
2012-05-15,5.36,5.39,5.34,5.32,30282482.0,139009680.0
2012-05-14,5.47,5.48,5.36,5.36,43025692.0,200125824.0
2012-05-11,5.45,5.47,5.45,5.43,20557192.0,96216136.0
2012-05-10,5.49,5.49,5.46,5.43,55060492.0,258242928.0
2012-05-09,5.5,5.53,5.48,5.47,57951856.0,273734176.0
2012-05-08,5.53,5.54,5.53,5.5,44472300.0,210902304.0
2012-05-07,5.53,5.55,5.54,5.5,52394832.0,248653744.0
2012-05-04,5.5,5.55,5.54,5.49,51893000.0,246555472.0
2012-05-03,5.56,5.57,5.5,5.49,35823240.0,170106160.0
2012-05-02,5.6,5.61,5.55,5.55,110504320.0,529762368.0
2012-04-27,5.56,5.6,5.57,5.56,23677624.0,113424136.0
2012-04-26,5.6,5.61,5.57,5.55,22525582.0,107847624.0
2012-04-25,5.54,5.62,5.6,5.53,42833356.0,205319296.0
2012-04-24,5.5,5.64,5.55,5.49,86371136.0,412325536.0
2012-04-23,5.51,5.53,5.5,5.49,24022180.0,113828472.0
2012-04-20,5.48,5.53,5.51,5.46,48709880.0,230275440.0
2012-04-19,5.5,5.51,5.49,5.47,27796758.0,130979904.0
2012-04-18,5.47,5.53,5.51,5.45,28311152.0,133811736.0
2012-04-17,5.49,5.5,5.45,5.43,29281988.0,137571488.0
2012-04-16,5.5,5.53,5.5,5.48,12573560.0,59439044.0
2012-04-13,5.53,5.54,5.51,5.48,29551792.0,139951136.0
2012-04-12,5.47,5.54,5.54,5.45,43044520.0,202938688.0
2012-04-11,5.5,5.5,5.47,5.45,28985536.0,136257616.0
2012-04-10,5.43,5.53,5.51,5.43,30760780.0,145241728.0
2012-04-09,5.49,5.51,5.43,5.43,31719112.0,149100896.0
2012-04-06,5.56,5.57,5.5,5.49,59553524.0,282042368.0
2012-04-05,5.58,5.58,5.57,5.51,59332028.0,282758528.0
2012-03-30,5.51,5.62,5.62,5.51,46510424.0,222879680.0
2012-03-29,5.5,5.54,5.53,5.47,32864924.0,155329616.0
2012-03-28,5.51,5.55,5.51,5.5,35397304.0,168111504.0
2012-03-27,5.49,5.53,5.51,5.48,27197424.0,128704064.0
2012-03-26,5.48,5.51,5.47,5.47,25102574.0,118353552.0
2012-03-23,5.48,5.51,5.47,5.46,29148856.0,137391904.0
2012-03-22,5.5,5.51,5.48,5.46,23250004.0,109479384.0
2012-03-21,5.49,5.51,5.49,5.47,24729940.0,116778720.0
2012-03-20,5.51,5.53,5.47,5.46,27916444.0,131744760.0
2012-03-19,5.53,5.54,5.51,5.5,25395102.0,120484912.0
2012-03-16,5.56,5.56,5.53,5.51,25274000.0,120409552.0
2012-03-15,5.54,5.63,5.51,5.49,86249472.0,413975328.0
2012-03-14,5.57,5.64,5.54,5.51,93386184.0,447595936.0
2012-03-13,5.51,5.57,5.56,5.51,34918584.0,166654080.0
2012-03-12,5.53,5.54,5.53,5.5,54296200.0,257473856.0
2012-03-09,5.57,5.58,5.55,5.5,54657000.0,259700304.0
2012-03-08,5.57,5.6,5.56,5.55,32432108.0,155293296.0
2012-03-07,5.57,5.61,5.56,5.55,30528152.0,146391360.0
2012-03-06,5.63,5.63,5.6,5.58,40742496.0,196216208.0
2012-03-05,5.69,5.7,5.63,5.62,29936776.0,145713520.0
2012-03-02,5.67,5.71,5.69,5.66,26469606.0,129319656.0
2012-03-01,5.68,5.69,5.66,5.66,17151928.0,83601944.0
2012-02-29,5.71,5.71,5.68,5.68,19229992.0,94091464.0
2012-02-28,5.7,5.75,5.71,5.68,45846768.0,225443728.0
2012-02-27,5.69,5.72,5.69,5.68,52508608.0,256810400.0
2012-02-24,5.64,5.68,5.68,5.63,29827280.0,144904128.0
2012-02-23,5.67,5.67,5.64,5.63,31177670.0,151336064.0
2012-02-22,5.68,5.69,5.67,5.62,30533476.0,148308720.0
2012-02-21,5.67,5.69,5.68,5.63,28072356.0,136529968.0
2012-02-20,5.71,5.71,5.64,5.63,30215444.0,147351232.0
2012-02-17,5.66,5.67,5.67,5.62,23158324.0,112484488.0
2012-02-16,5.62,5.67,5.63,5.6,39019180.0,188929696.0
2012-02-15,5.58,5.66,5.64,5.57,36726748.0,177121504.0
2012-02-14,5.66,5.66,5.61,5.58,37101528.0,178853344.0
2012-02-13,5.67,5.69,5.66,5.64,20986428.0,102075760.0
2012-02-10,5.71,5.76,5.69,5.68,32998468.0,161997664.0
2012-02-09,5.68,5.75,5.74,5.63,72299200.0,354065376.0
2012-02-08,5.61,5.7,5.68,5.6,29042728.0,140886144.0
2012-02-07,5.64,5.66,5.61,5.56,19888956.0,95792576.0
2012-02-06,5.69,5.71,5.67,5.63,26045284.0,126916328.0
2012-02-03,5.62,5.74,5.69,5.61,41690908.0,203259408.0
2012-02-02,5.54,5.66,5.64,5.53,22517820.0,108397432.0
2012-02-01,5.55,5.57,5.51,5.5,17160404.0,81696240.0
2012-01-31,5.54,5.58,5.55,5.53,14521850.0,69407264.0
2012-01-30,5.68,5.71,5.51,5.51,40830916.0,196351168.0
2012-01-20,5.69,5.7,5.68,5.63,28215940.0,137558352.0
2012-01-19,5.6,5.74,5.64,5.6,31868420.0,155167120.0
2012-01-18,5.61,5.64,5.6,5.58,22846758.0,110001296.0
2012-01-17,5.54,5.64,5.63,5.49,28293270.0,135447936.0
2012-01-13,5.56,5.58,5.55,5.53,21592332.0,103183656.0
2012-01-12,5.55,5.58,5.55,5.49,24197816.0,115344664.0
2012-01-11,5.56,5.58,5.55,5.51,31390428.0,149646448.0
2012-01-10,5.51,5.58,5.56,5.48,30075872.0,143106048.0
2012-01-09,5.42,5.57,5.51,5.36,72976960.0,343805248.0
2012-01-06,5.32,5.42,5.41,5.29,66224096.0,305372736.0
2012-01-05,5.25,5.36,5.33,5.24,80458280.0,367011104.0
2012-01-04,5.31,5.34,5.24,5.21,41436984.0,187980848.0
2011-12-30,5.27,5.33,5.28,5.25,68086848.0,309021504.0
2011-12-29,5.24,5.32,5.25,5.24,42919520.0,194378320.0
2011-12-28,5.22,5.27,5.26,5.2,28636508.0,128765616.0
2011-12-27,5.26,5.28,5.24,5.21,32655244.0,146943888.0
2011-12-26,5.28,5.29,5.28,5.22,32882258.0,148263808.0
2011-12-23,5.27,5.33,5.31,5.25,40159436.0,182724048.0
2011-12-22,5.26,5.29,5.27,5.21,49850388.0,225034176.0
2011-12-21,5.33,5.35,5.26,5.24,32790670.0,148964064.0
2011-12-20,5.34,5.39,5.31,5.28,23193072.0,106147024.0
2011-12-19,5.4,5.41,5.38,5.21,32331940.0,147581952.0
2011-12-16,5.39,5.43,5.42,5.34,41900536.0,194378144.0
2011-12-15,5.42,5.48,5.4,5.38,16631280.0,77498672.0
2011-12-14,5.48,5.49,5.43,5.43,9754820.0,45809744.0
2011-12-13,5.49,5.56,5.48,5.46,19568404.0,92620104.0
2011-12-12,5.53,5.56,5.5,5.5,8304339.0,39471916.0
2011-12-09,5.53,5.57,5.55,5.51,8819338.0,42109484.0
2011-12-08,5.57,5.6,5.54,5.53,11858131.0,56652400.0
2011-12-07,5.58,5.61,5.55,5.54,8882461.0,42507288.0
2011-12-06,5.6,5.64,5.57,5.56,13040298.0,62857884.0
2011-12-05,5.53,5.66,5.62,5.53,39020360.0,188061280.0
2011-12-02,5.55,5.6,5.53,5.51,16240991.0,77474808.0
2011-12-01,5.53,5.69,5.55,5.47,44548408.0,214123088.0
2011-11-30,5.48,5.5,5.46,5.4,29405306.0,137798480.0
2011-11-29,5.5,5.53,5.5,5.47,8997859.0,42507644.0
2011-11-28,5.5,5.57,5.48,5.47,10777503.0,51119564.0
2011-11-25,5.53,5.55,5.5,5.49,10993228.0,52147344.0
2011-11-24,5.47,5.57,5.53,5.47,19826288.0,94188280.0
2011-11-23,5.46,5.5,5.49,5.42,17593112.0,82543536.0
2011-11-22,5.48,5.53,5.45,5.45,9727056.0,45788712.0
2011-11-21,5.49,5.53,5.48,5.47,7929327.0,37374040.0
2011-11-18,5.51,5.58,5.49,5.49,14387632.0,68319912.0
2011-11-17,5.53,5.58,5.54,5.5,10276375.0,49123968.0
2011-11-16,5.63,5.63,5.53,5.5,19922542.0,95306488.0
2011-11-15,5.63,5.66,5.63,5.61,15425171.0,74663400.0
2011-11-14,5.58,5.69,5.66,5.56,15434556.0,74785872.0
2011-11-11,5.54,5.61,5.56,5.53,21381804.0,102549568.0
2011-11-10,5.64,5.67,5.51,5.49,57495912.0,274634272.0
2011-11-09,5.7,5.71,5.68,5.66,15490980.0,75677728.0
2011-11-08,5.67,5.71,5.68,5.64,21489924.0,105078136.0
2011-11-07,5.66,5.7,5.66,5.63,15706453.0,76546424.0
2011-11-04,5.7,5.72,5.69,5.66,29547510.0,144608208.0
2011-11-03,5.7,5.72,5.67,5.66,24006390.0,117499928.0
2011-11-02,5.61,5.7,5.7,5.6,34455064.0,167155936.0
2011-11-01,5.6,5.67,5.64,5.58,30056266.0,145885664.0
2011-10-31,5.56,5.64,5.61,5.56,48346228.0,233522544.0
2011-10-28,5.62,5.66,5.58,5.54,30270964.0,145628608.0
2011-10-27,5.5,5.6,5.58,5.5,35504732.0,170303408.0
2011-10-26,5.5,5.56,5.51,5.49,34453320.0,163784848.0
2011-10-25,5.4,5.53,5.51,5.39,40401072.0,190032640.0
2011-10-24,5.32,5.43,5.41,5.31,18886386.0,87380656.0
2011-10-21,5.28,5.35,5.33,5.28,15437398.0,70729488.0
2011-10-20,5.36,5.41,5.31,5.25,27911608.0,127901664.0
2011-10-19,5.39,5.46,5.4,5.38,21772944.0,101371680.0
2011-10-18,5.36,5.42,5.41,5.34,42413168.0,196291424.0
2011-10-17,5.36,5.41,5.4,5.33,21605782.0,99795152.0
2011-10-14,5.33,5.38,5.38,5.29,22397600.0,102723520.0
2011-10-13,5.32,5.36,5.35,5.26,45172276.0,205659056.0
2011-10-12,5.21,5.39,5.34,5.19,44842868.0,205642720.0
2011-10-11,5.29,5.35,5.26,5.14,68500648.0,311248544.0
2011-10-10,5.14,5.15,5.13,5.11,20116388.0,88684480.0
2011-09-30,5.08,5.24,5.12,5.08,33736168.0,148923536.0
2011-09-29,5.04,5.12,5.08,5.03,15282511.0,66703816.0
2011-09-28,5.11,5.13,5.06,5.04,11892145.0,51862400.0
2011-09-27,5.07,5.13,5.1,5.05,16915422.0,74031440.0
2011-09-26,5.13,5.17,5.05,5.04,18302586.0,80069688.0
2011-09-23,5.14,5.24,5.16,5.1,25441518.0,112502864.0
2011-09-22,5.24,5.26,5.17,5.17,16554208.0,74180560.0
2011-09-21,5.21,5.29,5.27,5.19,19567048.0,88536216.0
2011-09-20,5.2,5.24,5.21,5.18,7709994.0,34566796.0
2011-09-19,5.22,5.24,5.2,5.19,9597004.0,42906636.0
2011-09-16,5.26,5.29,5.25,5.2,13085612.0,59036564.0
2011-09-15,5.27,5.29,5.22,5.22,13339928.0,60239100.0
2011-09-14,5.28,5.29,5.28,5.21,14798037.0,66838220.0
2011-09-13,5.28,5.28,5.27,5.25,11977491.0,54211720.0
2011-09-09,5.32,5.36,5.32,5.29,13998255.0,64125960.0
2011-09-08,5.28,5.33,5.29,5.26,17195572.0,78353568.0
2011-09-07,5.24,5.29,5.28,5.24,13934750.0,63114120.0
2011-09-06,5.21,5.26,5.24,5.18,11090761.0,49802452.0
2011-09-05,5.24,5.26,5.22,5.19,13942234.0,62531064.0
2011-09-02,5.32,5.33,5.27,5.26,9546122.0,43394844.0
2011-09-01,5.33,5.35,5.32,5.28,11770446.0,53871620.0
2011-08-31,5.27,5.35,5.34,5.25,18954140.0,86470016.0
2011-08-30,5.28,5.35,5.28,5.26,23766212.0,108355920.0
2011-08-29,5.28,5.28,5.24,5.21,16741656.0,75374024.0
2011-08-26,5.35,5.36,5.31,5.26,37286344.0,169947056.0
2011-08-25,5.24,5.38,5.36,5.21,32852500.0,150259360.0
2011-08-24,5.22,5.25,5.22,5.2,15514572.0,69710928.0
2011-08-23,5.18,5.24,5.21,5.14,14208117.0,63477396.0
2011-08-22,5.24,5.26,5.18,5.16,16994542.0,75979320.0
2011-08-19,5.21,5.29,5.22,5.2,23883396.0,107526616.0
2011-08-17,5.31,5.34,5.32,5.31,10808556.0,49495952.0
2011-08-16,5.33,5.39,5.29,5.29,17817124.0,81600280.0
2011-08-15,5.27,5.35,5.33,5.24,23778488.0,108311608.0
2011-08-12,5.29,5.31,5.27,5.25,12753023.0,57750800.0
2011-08-11,5.2,5.29,5.28,5.18,24347466.0,109783728.0
2011-08-10,5.38,5.38,5.25,5.25,31350736.0,142694032.0
2011-08-09,5.16,5.25,5.25,5.04,49294732.0,217593072.0
2011-08-08,5.24,5.32,5.22,5.18,47730492.0,214595264.0
2011-08-05,5.32,5.32,5.27,5.26,23195518.0,105426088.0
2011-08-04,5.41,5.43,5.38,5.38,7309862.0,33943012.0
2011-08-03,5.41,5.45,5.39,5.36,15391560.0,71487960.0
2011-08-02,5.46,5.47,5.43,5.41,13125955.0,61197252.0
2011-08-01,5.5,5.5,5.48,5.46,12550018.0,59169272.0
2011-07-29,5.43,5.56,5.48,5.41,32722426.0,153835520.0
2011-07-28,5.45,5.47,5.42,5.4,20962656.0,97838992.0
2011-07-27,5.49,5.53,5.48,5.45,22174964.0,104230344.0
2011-07-26,5.51,5.55,5.5,5.49,10773750.0,51093428.0
2011-07-25,5.58,5.6,5.51,5.49,31147868.0,148463168.0
2011-07-22,5.66,5.67,5.6,5.6,16382515.0,79166992.0
2011-07-21,5.69,5.69,5.67,5.62,33482592.0,163053120.0
2011-07-20,5.68,5.71,5.68,5.64,27779490.0,135621616.0
2011-07-19,5.67,5.7,5.68,5.64,27792752.0,135621824.0
2011-07-18,5.69,5.72,5.7,5.64,30304694.0,148045872.0
2011-07-15,5.67,5.7,5.69,5.63,34437260.0,167779664.0
2011-07-14,5.64,5.7,5.67,5.6,63675256.0,308919808.0
2011-07-13,5.56,5.66,5.63,5.55,63032948.0,303745184.0
2011-07-12,5.58,5.6,5.55,5.53,33641096.0,160765216.0
2011-07-11,5.62,5.63,5.61,5.6,26896916.0,129893440.0
2011-07-08,5.62,5.66,5.63,5.58,26127856.0,126231272.0
2011-07-07,5.64,5.68,5.62,5.61,30133908.0,146096720.0
2011-07-06,5.69,5.7,5.62,5.61,43150656.0,208999840.0
2011-07-05,5.76,5.76,5.7,5.69,30213782.0,148366144.0
2011-07-04,5.76,5.78,5.76,5.72,30463416.0,150606256.0
2011-07-01,5.76,5.82,5.72,5.71,21869996.0,107943256.0
2011-06-30,5.75,5.83,5.75,5.72,37061160.0,184233184.0
2011-06-29,5.81,5.81,5.76,5.7,56057712.0,277011712.0
2011-06-28,5.84,5.84,5.81,5.77,34249964.0,170795168.0
2011-06-27,5.75,5.89,5.82,5.72,99461272.0,496408448.0
2011-06-24,5.63,5.78,5.77,5.58,71005696.0,347311744.0
2011-06-23,5.57,5.65,5.65,5.54,83312512.0,418124416.0
2011-06-22,5.52,5.59,5.57,5.5,47932192.0,238412512.0
2011-06-21,5.5,5.56,5.51,5.49,49897672.0,247023856.0
2011-06-20,5.49,5.52,5.49,5.47,31655532.0,156116128.0
2011-06-17,5.46,5.52,5.49,5.43,23243508.0,114373472.0
2011-06-16,5.45,5.47,5.43,5.42,33641940.0,164083120.0
2011-06-15,5.47,5.5,5.47,5.46,34432784.0,169157584.0
2011-06-14,5.5,5.53,5.48,5.47,37037404.0,182585344.0
2011-06-13,5.47,5.51,5.5,5.43,25591508.0,125546800.0
2011-06-10,5.45,5.52,5.48,5.42,45056664.0,221230256.0
2011-06-08,5.52,5.55,5.5,5.41,48083440.0,235072464.0
2011-06-07,5.49,5.57,5.52,5.49,33715144.0,167098592.0
2011-06-03,5.43,5.53,5.52,5.43,34748884.0,171540720.0
2011-06-02,5.58,5.59,5.45,5.39,51489392.0,252693648.0
2011-06-01,5.62,5.66,5.63,5.59,53117892.0,267735088.0
2011-05-31,5.58,5.68,5.62,5.53,53141936.0,267069840.0
2011-05-30,5.51,5.61,5.58,5.5,43880428.0,218935472.0
2011-05-27,5.53,5.57,5.5,5.49,31180934.0,154520752.0
2011-05-26,5.51,5.55,5.53,5.5,28712890.0,142279840.0
2011-05-25,5.55,5.55,5.48,5.47,25696936.0,126541712.0
2011-05-24,5.58,5.62,5.55,5.55,32710140.0,163076688.0
2011-05-23,5.7,5.72,5.57,5.54,63930408.0,322411104.0
2011-05-20,5.71,5.76,5.71,5.7,28107896.0,144304864.0
2011-05-19,5.71,5.74,5.71,5.68,21616904.0,110715216.0
2011-05-18,5.66,5.71,5.69,5.65,19154080.0,97640384.0
2011-05-17,5.66,5.68,5.65,5.62,34190284.0,173208000.0
2011-05-16,5.69,5.75,5.66,5.65,44402124.0,226243056.0
2011-05-13,5.68,5.74,5.71,5.63,33800792.0,172344304.0
2011-05-12,5.7,5.74,5.66,5.65,31276696.0,159242640.0
2011-05-11,5.75,5.78,5.72,5.7,17121172.0,88163672.0
2011-05-10,5.7,5.76,5.74,5.68,14651815.0,75177320.0
2011-05-09,5.72,5.78,5.69,5.68,22720940.0,116637544.0
2011-05-06,5.75,5.79,5.74,5.72,27698064.0,142894608.0
2011-05-05,5.69,5.8,5.79,5.63,65420264.0,335745408.0
2011-05-04,5.77,5.81,5.71,5.7,41865308.0,216258544.0
2011-05-03,5.79,5.86,5.8,5.78,44423500.0,231747296.0
2011-04-29,5.81,5.84,5.81,5.68,57975984.0,300687040.0
2011-04-28,5.79,5.89,5.79,5.76,40512212.0,211434576.0
2011-04-27,5.75,5.8,5.76,5.74,36383392.0,188160976.0
2011-04-26,5.72,5.77,5.71,5.71,27427430.0,141162592.0
2011-04-25,5.74,5.77,5.75,5.68,43460256.0,223279520.0
2011-04-22,5.87,5.87,5.78,5.72,35484352.0,183978208.0
2011-04-21,5.87,5.9,5.85,5.82,29552236.0,155304832.0
2011-04-20,5.87,5.92,5.84,5.82,66238680.0,349373664.0
2011-04-19,5.91,5.92,5.84,5.84,59303408.0,312676960.0
2011-04-18,5.87,5.96,5.96,5.85,95300224.0,506259808.0
2011-04-15,5.81,5.91,5.89,5.79,73537008.0,387512288.0
2011-04-14,5.78,5.86,5.83,5.77,95988456.0,501645760.0
2011-04-13,5.7,5.78,5.77,5.65,57664304.0,295322752.0
2011-04-12,5.71,5.74,5.71,5.67,57793060.0,295728256.0
2011-04-11,5.7,5.76,5.72,5.69,62312552.0,320045888.0
2011-04-08,5.67,5.7,5.69,5.63,46978196.0,238543184.0
2011-04-07,5.7,5.71,5.68,5.66,43172012.0,219627696.0
2011-04-06,5.61,5.71,5.68,5.6,84099768.0,428135616.0
2011-04-01,5.55,5.62,5.59,5.53,33876084.0,169727856.0
2011-03-31,5.61,5.61,5.55,5.53,40034776.0,199775760.0
2011-03-30,5.6,5.63,5.61,5.55,63465404.0,318301280.0
2011-03-29,5.6,5.68,5.6,5.58,83065080.0,418736704.0
2011-03-28,5.65,5.67,5.61,5.59,76361520.0,384251008.0
2011-03-25,5.6,5.66,5.62,5.58,72289232.0,364603840.0
2011-03-24,5.55,5.59,5.57,5.53,48622136.0,242725040.0
2011-03-23,5.48,5.56,5.55,5.48,38822232.0,192570096.0
2011-03-22,5.48,5.52,5.49,5.45,29738596.0,146314096.0
2011-03-21,5.42,5.47,5.46,5.4,32885622.0,160298656.0
2011-03-18,5.47,5.49,5.42,5.41,43271504.0,211014960.0
2011-03-17,5.41,5.47,5.46,5.4,37646852.0,183546768.0
2011-03-16,5.41,5.47,5.46,5.41,34968032.0,170407072.0
2011-03-15,5.42,5.45,5.42,5.34,57739672.0,278584544.0
2011-03-14,5.46,5.5,5.46,5.42,38716876.0,189092000.0
2011-03-11,5.49,5.52,5.47,5.46,30592652.0,150683632.0
2011-03-10,5.56,5.57,5.51,5.47,58049920.0,286761952.0
2011-03-09,5.6,5.61,5.57,5.57,34501264.0,172655536.0
2011-03-08,5.57,5.61,5.58,5.56,43780088.0,219115312.0
2011-03-07,5.54,5.59,5.57,5.52,62994944.0,314195840.0
2011-03-04,5.5,5.57,5.53,5.46,48261468.0,238695008.0
2011-03-03,5.45,5.6,5.51,5.42,124338312.0,615437952.0
2011-03-02,5.39,5.48,5.43,5.38,39058288.0,190137264.0
2011-03-01,5.4,5.43,5.41,5.38,30696650.0,148756128.0
2011-02-28,5.42,5.43,5.38,5.37,46769484.0,225861984.0
2011-02-25,5.41,5.45,5.45,5.33,62176588.0,300856192.0
2011-02-24,5.39,5.43,5.41,5.37,43184632.0,209092064.0
2011-02-23,5.4,5.47,5.41,5.39,73550088.0,357467200.0
2011-02-22,5.46,5.46,5.41,5.38,61950912.0,300320000.0
2011-02-21,5.43,5.48,5.47,5.34,91381536.0,444081248.0
2011-02-18,5.47,5.49,5.47,5.42,78490632.0,383772832.0
2011-02-17,5.47,5.5,5.47,5.43,83146984.0,407217536.0
2011-02-16,5.49,5.53,5.47,5.43,104855704.0,513434240.0
2011-02-15,5.52,5.56,5.51,5.48,96839840.0,478846432.0
2011-02-14,5.42,5.53,5.52,5.42,101244744.0,498104576.0
2011-02-11,5.41,5.45,5.45,5.39,69024888.0,335034944.0
2011-02-10,5.37,5.43,5.42,5.34,53701984.0,259773312.0
2011-02-09,5.33,5.41,5.37,5.32,41607892.0,199979104.0
2011-02-01,5.33,5.41,5.38,5.31,39967460.0,192563088.0
2011-01-31,5.2,5.37,5.36,5.18,85849248.0,407963360.0
2011-01-28,5.21,5.23,5.2,5.18,37594132.0,175042512.0
2011-01-27,5.17,5.27,5.25,5.12,56738276.0,264001232.0
2011-01-26,5.2,5.22,5.2,5.17,30282212.0,140994544.0
2011-01-25,5.21,5.21,5.19,5.13,54739720.0,253512400.0
2011-01-24,5.27,5.29,5.21,5.18,46396152.0,216804144.0
2011-01-21,5.2,5.38,5.27,5.19,44224536.0,209901632.0
2011-01-20,5.32,5.32,5.2,5.19,29986608.0,140804288.0
2011-01-19,5.29,5.34,5.32,5.25,25088768.0,119215816.0
2011-01-18,5.25,5.34,5.29,5.23,44220576.0,210128096.0
2011-01-17,5.43,5.45,5.25,5.23,54372748.0,259496944.0
2011-01-14,5.48,5.51,5.48,5.43,57322560.0,281081856.0
2011-01-13,5.42,5.5,5.49,5.42,72154752.0,353324768.0
2011-01-12,5.4,5.46,5.41,5.36,50733928.0,246083680.0
2011-01-11,5.29,5.4,5.4,5.27,69903576.0,335537472.0
2011-01-10,5.25,5.39,5.32,5.25,97981048.0,468631776.0
2011-01-07,5.12,5.36,5.28,5.11,141485728.0,667261696.0
2011-01-06,5.21,5.25,5.11,5.11,66005928.0,306233216.0
2011-01-05,5.18,5.23,5.19,5.17,50936848.0,237471200.0
2011-01-04,5.18,5.23,5.2,5.12,76217400.0,353887712.0
