date,open,high,close,low,volume,amount
2015-12-31,6.05,6.05,6.02,6.02,120088895.0,482486083.0
2015-12-30,6.06,6.06,6.05,6.02,126977953.0,510808845.0
2015-12-29,6.02,6.06,6.06,6.0,150150314.0,603400387.0
2015-12-28,6.08,6.11,6.03,6.02,241372987.0,975343501.0
2015-12-25,6.09,6.09,6.09,6.06,110868929.0,448983570.0
2015-12-24,6.11,6.12,6.09,6.03,241057856.0,976332736.0
2015-12-23,6.14,6.2,6.12,6.08,376979904.0,1538217344.0
2015-12-22,6.15,6.17,6.14,6.09,241974904.0,987812235.0
2015-12-21,6.08,6.21,6.18,6.06,469604704.0,1924261504.0
2015-12-18,6.09,6.24,6.12,6.06,365970208.0,1497975936.0
2015-12-17,6.08,6.12,6.11,6.06,220837248.0,897096000.0
2015-12-16,6.08,6.09,6.06,6.03,135133936.0,545664192.0
2015-12-15,6.12,6.14,6.06,6.03,169772896.0,687803200.0
2015-12-14,6.0,6.17,6.15,6.0,217470016.0,882306816.0
2015-12-11,6.08,6.09,6.06,6.0,171740048.0,691321088.0
2015-12-10,6.14,6.24,6.11,6.09,182884432.0,751651456.0
2015-12-09,6.06,6.17,6.17,6.06,216103828.0,881818072.0
2015-12-08,6.14,6.17,6.09,6.06,237413104.0,967577024.0
2015-12-07,6.27,6.29,6.18,6.14,295954085.0,1219614442.0
2015-12-04,6.38,6.42,6.26,6.23,528560000.0,2223948544.0
2015-12-03,6.21,6.75,6.51,6.14,1207564528.0,5161692142.0
2015-12-02,6.0,6.33,6.27,5.97,797980480.0,3292144640.0
2015-12-01,6.17,6.17,6.03,5.93,432924365.0,1740692989.0
2015-11-30,5.94,6.17,6.17,5.93,643245632.0,2618390272.0
2015-11-27,6.09,6.09,5.93,5.87,257429392.0,1028984768.0
2015-11-26,6.12,6.14,6.11,6.08,210101152.0,855399296.0
2015-11-25,6.05,6.12,6.12,6.02,249387728.0,1008907712.0
2015-11-24,6.02,6.06,6.06,5.97,224039328.0,898074944.0
2015-11-23,6.05,6.06,6.03,6.0,198729744.0,799109504.0
2015-11-20,6.12,6.12,6.08,6.05,262912400.0,1065144768.0
2015-11-19,6.11,6.14,6.12,6.08,202776704.0,824755456.0
2015-11-18,6.09,6.18,6.11,6.08,297559072.0,1213362688.0
2015-11-17,6.08,6.17,6.09,6.08,341866048.0,1395418496.0
2015-11-16,5.99,6.11,6.08,5.97,234509824.0,946683584.0
2015-11-13,6.03,6.11,6.03,6.02,195661424.0,788929664.0
2015-11-12,6.15,6.17,6.08,6.05,237495584.0,963585664.0
2015-11-11,6.21,6.23,6.15,6.05,329991680.0,1351185920.0
2015-11-10,6.21,6.33,6.23,6.17,389131008.0,1613081472.0
2015-11-09,6.11,6.45,6.29,6.09,886238656.0,3731467008.0
2015-11-06,5.96,6.05,6.02,5.91,445028672.0,1771759872.0
2015-11-05,5.85,6.15,6.0,5.82,783549312.0,3135719424.0
2015-11-04,5.72,5.9,5.9,5.7,390812896.0,1514264960.0
2015-11-03,5.78,5.79,5.72,5.69,152914352.0,584119936.0
2015-11-02,5.81,5.87,5.78,5.76,168821392.0,654732288.0
2015-10-30,5.82,5.85,5.82,5.81,143049760.0,555777920.0
2015-10-29,5.85,5.87,5.84,5.82,154649760.0,602350720.0
2015-10-28,5.87,5.93,5.87,5.84,230932544.0,902578112.0
2015-10-27,5.9,5.91,5.88,5.84,182087488.0,712654976.0
2015-10-26,5.96,5.96,5.91,5.9,231560000.0,916280256.0
2015-10-23,5.93,5.94,5.93,5.88,258748576.0,1019018176.0
2015-10-22,5.93,6.0,5.91,5.88,290685664.0,1147063168.0
2015-10-21,5.88,6.15,6.05,5.84,661666688.0,2617409536.0
2015-10-20,5.85,5.88,5.87,5.82,177335040.0,691457920.0
2015-10-19,5.9,5.91,5.87,5.81,239492288.0,937307520.0
2015-10-16,5.85,5.9,5.88,5.82,281384608.0,1099708288.0
2015-10-15,5.76,5.84,5.84,5.75,226838784.0,876409344.0
2015-10-14,5.75,5.78,5.78,5.73,154189232.0,591370368.0
2015-10-13,5.78,5.79,5.76,5.75,158395904.0,608439104.0
2015-10-12,5.7,5.85,5.81,5.67,368965312.0,1418730496.0
2015-10-09,5.69,5.72,5.7,5.66,143793392.0,545119040.0
2015-10-08,5.69,5.73,5.67,5.64,151650864.0,573912320.0
2015-09-30,5.6,5.63,5.58,5.57,83167232.0,310198016.0
2015-09-29,5.64,5.66,5.58,5.57,116334976.0,434507456.0
2015-09-28,5.7,5.72,5.7,5.64,89537168.0,338331968.0
2015-09-25,5.69,5.76,5.75,5.64,190962848.0,723746368.0
2015-09-24,5.7,5.73,5.69,5.66,128647176.0,487577408.0
2015-09-23,5.78,5.81,5.7,5.69,171975744.0,656229440.0
2015-09-22,5.78,5.82,5.81,5.75,153216864.0,592486528.0
2015-09-21,5.76,5.78,5.78,5.7,172555920.0,660445952.0
2015-09-18,5.85,5.85,5.79,5.76,152767680.0,591205248.0
2015-09-17,5.87,5.93,5.84,5.82,195717088.0,767364480.0
2015-09-16,5.82,5.99,5.91,5.75,271977952.0,1059574720.0
2015-09-15,5.85,5.97,5.87,5.82,276980576.0,1082964992.0
2015-09-14,5.9,6.02,5.9,5.75,355994240.0,1400406016.0
2015-09-11,5.99,6.0,5.9,5.87,166669472.0,658483136.0
2015-09-10,5.94,6.06,6.0,5.91,228886960.0,915742336.0
2015-09-09,5.97,6.02,6.0,5.9,300258080.0,1193658880.0
2015-09-08,5.88,6.05,5.97,5.76,308385760.0,1216091520.0
2015-09-07,6.17,6.18,5.94,5.88,489165952.0,1973897728.0
2015-09-02,5.9,6.44,6.36,5.78,1482348288.0,6074448384.0
2015-09-01,5.72,6.21,6.08,5.67,1255457792.0,5025702912.0
2015-08-31,5.75,5.81,5.79,5.58,516781216.0,1963774336.0
2015-08-28,5.85,5.91,5.84,5.73,640730816.0,2472746240.0
2015-08-27,5.51,5.85,5.84,5.43,700725312.0,2619029504.0
2015-08-26,5.37,5.69,5.49,5.18,766411328.0,2754935808.0
2015-08-25,5.45,5.82,5.24,5.15,826005568.0,3049980416.0
2015-08-24,6.08,6.2,5.7,5.61,814956928.0,3196538112.0
2015-08-21,6.23,6.38,6.23,6.17,456085184.0,1901485312.0
2015-08-20,6.45,6.47,6.27,6.24,449506048.0,1913696128.0
2015-08-19,6.32,6.42,6.3,6.06,600093312.0,2499275264.0
2015-08-18,6.5,6.57,6.39,6.38,630294592.0,2730988032.0
2015-08-17,6.53,6.56,6.5,6.47,366992256.0,1587619072.0
2015-08-14,6.59,6.6,6.56,6.54,289185504.0,1264674816.0
2015-08-13,6.56,6.62,6.59,6.5,335467744.0,1465089024.0
2015-08-12,6.63,6.65,6.57,6.56,387626400.0,1703725824.0
2015-08-11,6.71,6.72,6.68,6.63,450753344.0,2006638720.0
2015-08-10,6.56,6.77,6.74,6.54,648440640.0,2875261440.0
2015-08-07,6.59,6.63,6.59,6.53,323843552.0,1420102912.0
2015-08-06,6.51,6.63,6.54,6.48,263784240.0,1153800832.0
2015-08-05,6.68,6.71,6.59,6.57,324053888.0,1435475072.0
2015-08-04,6.62,6.74,6.72,6.56,441976544.0,1956743424.0
2015-08-03,6.63,6.78,6.68,6.47,637104960.0,2799643904.0
2015-07-31,6.74,6.83,6.68,6.63,460217888.0,2055555072.0
2015-07-30,6.93,6.95,6.78,6.77,559233536.0,2548371968.0
2015-07-29,6.9,6.96,6.95,6.77,672566784.0,3078566656.0
2015-07-28,6.75,7.28,7.01,6.66,996318656.0,4689821184.0
2015-07-27,7.44,7.5,6.95,6.83,1094152704.0,5283459072.0
2015-07-24,7.58,7.62,7.52,7.49,830111296.0,4182406144.0
2015-07-23,7.53,7.61,7.59,7.5,934259392.0,4710065664.0
2015-07-22,7.58,7.68,7.56,7.53,919918144.0,4657854464.0
2015-07-21,7.64,7.76,7.62,7.61,941452288.0,4799168000.0
2015-07-20,7.65,7.88,7.74,7.59,1363580032.0,7019878912.0
2015-07-17,7.82,7.86,7.76,7.61,1329255168.0,6835553280.0
2015-07-16,8.06,8.36,7.85,7.67,1816356736.0,9623155712.0
2015-07-15,7.65,8.12,8.06,7.59,2128326528.0,11271716864.0
2015-07-14,7.64,8.03,7.85,7.37,2149460480.0,10878692352.0
2015-07-13,7.95,8.1,7.82,7.8,2219790592.0,11706672128.0
2015-07-10,8.09,8.91,8.3,7.82,3224343808.0,18194683904.0
2015-07-09,8.39,8.94,8.4,7.62,3323468288.0,18458853376.0
2015-07-08,7.65,8.4,8.39,7.28,5109897216.0,27465121792.0
2015-07-07,7.2,8.09,8.09,7.19,4071144704.0,21157787648.0
2015-07-06,7.28,7.37,7.35,6.9,3986505984.0,19138185216.0
2015-07-03,7.05,7.2,6.69,6.6,1603257600.0,7459026432.0
2015-07-02,6.88,7.34,7.21,6.56,2419236608.0,11763170304.0
2015-07-01,7.01,7.05,6.83,6.79,1371411840.0,6602910720.0
2015-06-30,6.62,7.05,7.04,6.49,1858969088.0,8770855936.0
2015-06-29,6.71,6.76,6.56,6.09,1672092800.0,7636938752.0
2015-06-26,6.72,6.89,6.52,6.23,1701822336.0,7842397184.0
2015-06-25,7.07,7.11,6.82,6.76,1495809536.0,7219096576.0
2015-06-24,6.83,6.91,6.91,6.71,1134184576.0,5362868224.0
2015-06-23,6.55,6.81,6.79,6.43,1244372736.0,5748308480.0
2015-06-19,6.73,6.89,6.52,6.47,1154498176.0,5373085184.0
2015-06-18,7.04,7.05,6.81,6.78,1353271808.0,6515714048.0
2015-06-17,7.21,7.31,7.12,7.07,1874502400.0,9332867072.0
2015-06-16,7.08,7.24,6.95,6.88,1642454144.0,8062132224.0
2015-06-15,7.31,7.31,7.14,7.11,1375534720.0,6894108160.0
2015-06-12,7.22,7.34,7.34,7.07,1694219648.0,8478084608.0
2015-06-11,7.4,7.45,7.21,7.12,1937264768.0,9733120000.0
2015-06-10,7.41,7.53,7.41,7.31,2064957312.0,10629579776.0
2015-06-09,7.55,7.86,7.61,7.37,4795353088.0,25401788416.0
2015-06-08,6.79,7.44,7.44,6.79,4091793920.0,20605401088.0
2015-06-05,6.91,6.96,6.76,6.63,1718118144.0,8098833920.0
2015-06-04,6.49,6.82,6.78,6.43,2230413056.0,10328933376.0
2015-06-03,6.49,6.52,6.45,6.36,874694912.0,3906257408.0
2015-06-02,6.46,6.52,6.45,6.36,919543232.0,4105928704.0
2015-06-01,6.25,6.52,6.47,6.17,1040247808.0,4597985280.0
2015-05-29,6.3,6.34,6.23,6.1,997181120.0,4325799424.0
2015-05-28,6.68,6.71,6.3,6.29,1422391424.0,6473996800.0
2015-05-27,6.73,6.76,6.69,6.63,1051933504.0,4890050560.0
2015-05-26,6.75,6.79,6.73,6.63,1177596544.0,5484442112.0
2015-05-25,6.62,6.73,6.72,6.6,1281053824.0,5943986688.0
2015-05-22,6.46,6.58,6.58,6.42,1171560320.0,5302279680.0
2015-05-21,6.37,6.4,6.39,6.33,685628480.0,3032154880.0
2015-05-20,6.42,6.49,6.39,6.34,895472896.0,3988074752.0
2015-05-19,6.2,6.45,6.42,6.19,780576384.0,3444895232.0
2015-05-18,6.33,6.33,6.23,6.2,738177792.0,3217488896.0
2015-05-15,6.5,6.52,6.39,6.36,777797888.0,3468155392.0
2015-05-14,6.59,6.63,6.55,6.5,654705408.0,2983882496.0
2015-05-13,6.66,6.69,6.56,6.52,984127232.0,4514529280.0
2015-05-12,6.55,6.62,6.59,6.49,906667136.0,4132891392.0
2015-05-11,6.47,6.56,6.56,6.36,1093674112.0,4901775360.0
2015-05-08,6.43,6.47,6.46,6.36,793470464.0,3544950016.0
2015-05-07,6.46,6.49,6.37,6.34,881491968.0,3930568960.0
2015-05-06,6.59,6.75,6.49,6.37,1239073408.0,5680564224.0
2015-05-05,6.93,6.93,6.6,6.56,1469694336.0,6891471872.0
2015-05-04,6.95,6.98,6.95,6.82,1002395456.0,4814831104.0
2015-04-30,7.14,7.14,6.96,6.95,1471072896.0,7179089408.0
2015-04-29,7.19,7.21,7.15,6.98,1872648832.0,9226271744.0
2015-04-28,6.95,7.61,7.28,6.92,4017962240.0,20155496448.0
2015-04-27,6.71,6.93,6.92,6.71,1841765888.0,8748362752.0
2015-04-24,6.78,6.81,6.71,6.62,1619024512.0,7558234624.0
2015-04-23,6.99,7.02,6.91,6.83,1543600896.0,7417101312.0
2015-04-22,6.89,6.99,6.99,6.83,1987120384.0,9539123200.0
2015-04-21,6.76,6.88,6.88,6.71,1796728576.0,8483328512.0
2015-04-20,7.18,7.18,6.82,6.76,3054796544.0,14899935232.0
2015-04-17,7.05,7.19,7.09,6.95,2691318784.0,13228417024.0
2015-04-16,6.72,6.92,6.91,6.66,1708043776.0,8065126400.0
2015-04-15,6.68,6.89,6.78,6.65,2396243200.0,11280467968.0
2015-04-14,6.72,6.72,6.66,6.62,1521179136.0,7040475136.0
2015-04-13,6.69,6.79,6.73,6.59,2474513408.0,11481411584.0
2015-04-10,6.46,6.58,6.56,6.42,1604071040.0,7249499136.0
2015-04-09,6.53,6.68,6.46,6.43,1989324032.0,9029283840.0
2015-04-08,6.45,6.53,6.52,6.33,2029669120.0,9081467904.0
2015-04-07,6.36,6.46,6.43,6.34,1629148288.0,7242467840.0
2015-04-03,6.23,6.29,6.29,6.2,984150592.0,4275805440.0
2015-04-02,6.34,6.39,6.27,6.22,1253047296.0,5474537984.0
2015-04-01,6.3,6.39,6.34,6.26,1086504320.0,4775605760.0
2015-03-31,6.5,6.59,6.3,6.27,1719546496.0,7693718016.0
2015-03-30,6.29,6.43,6.42,6.25,1807150848.0,7984244224.0
2015-03-27,6.19,6.33,6.22,6.13,1002528832.0,4332622848.0
2015-03-26,6.16,6.29,6.2,6.09,1040450432.0,4477350400.0
2015-03-25,6.33,6.39,6.19,6.16,1310978688.0,5691647488.0
2015-03-24,6.36,6.55,6.39,6.27,1644430592.0,7272438784.0
2015-03-23,6.37,6.43,6.37,6.3,1420375808.0,6275480576.0
2015-03-20,6.14,6.4,6.3,6.09,1877753088.0,8129269760.0
2015-03-19,6.23,6.25,6.14,6.1,1198099456.0,5127054848.0
2015-03-18,6.07,6.23,6.23,6.06,1540556288.0,6590365184.0
2015-03-17,6.06,6.09,6.06,5.99,1283203072.0,5379010560.0
2015-03-16,5.97,6.03,6.01,5.88,1213862784.0,5028279808.0
2015-03-13,6.04,6.14,5.97,5.93,1366698496.0,5739191808.0
2015-03-12,5.88,6.13,6.01,5.86,1851796224.0,7707089920.0
2015-03-11,5.68,5.87,5.77,5.68,1259676160.0,5080600576.0
2015-03-10,5.73,5.76,5.66,5.64,892575680.0,3525571840.0
2015-03-09,5.54,5.84,5.8,5.48,1670654720.0,6599759872.0
2015-03-06,5.44,5.58,5.51,5.42,804295680.0,3080876288.0
2015-03-05,5.58,5.58,5.47,5.4,1262026624.0,4805177856.0
2015-03-04,5.68,5.71,5.63,5.6,1172707072.0,4589680640.0
2015-03-03,5.86,5.87,5.71,5.7,1248221312.0,5009147904.0
2015-03-02,5.93,5.94,5.91,5.86,996853632.0,4081541376.0
2015-02-27,5.93,5.97,5.91,5.88,933246016.0,3843894784.0
2015-02-26,5.81,5.96,5.96,5.73,1060225792.0,4321311232.0
2015-02-25,5.9,5.9,5.83,5.8,534927552.0,2169226240.0
2015-02-17,5.88,5.96,5.9,5.87,638107520.0,2619950080.0
2015-02-16,5.88,5.91,5.88,5.83,661783104.0,2697528576.0
2015-02-13,5.87,6.01,5.91,5.83,1030874560.0,4250978048.0
2015-02-12,5.88,5.88,5.84,5.77,541869248.0,2192128512.0
2015-02-11,5.9,5.91,5.86,5.81,521716704.0,2125181568.0
2015-02-10,5.76,5.9,5.9,5.71,895753280.0,3636790016.0
2015-02-09,5.71,5.88,5.8,5.58,1079572224.0,4299606016.0
2015-02-06,5.83,5.93,5.77,5.7,1063928640.0,4301515776.0
2015-02-05,6.29,6.29,5.94,5.93,1658631808.0,7051371520.0
2015-02-04,6.1,6.14,5.94,5.93,1117336576.0,4702767104.0
2015-02-03,6.01,6.22,6.16,5.81,1621741056.0,6732571648.0
2015-02-02,6.1,6.19,5.94,5.93,1219248896.0,5127737344.0
2015-01-30,6.4,6.45,6.33,6.25,863713024.0,3811523328.0
2015-01-29,6.39,6.47,6.33,6.32,1121429248.0,4969470976.0
2015-01-28,6.58,6.71,6.55,6.47,1017346816.0,4647153152.0
2015-01-27,6.83,6.85,6.66,6.52,1449753472.0,6711325696.0
2015-01-26,6.88,6.93,6.88,6.65,1386278144.0,6531497984.0
2015-01-23,7.02,7.18,6.96,6.91,1722337920.0,8421735936.0
2015-01-22,7.02,7.04,6.96,6.83,1622801792.0,7826658816.0
2015-01-21,6.46,7.05,7.04,6.34,2681905920.0,12573299712.0
2015-01-20,6.45,6.58,6.4,6.2,1751400064.0,7806777344.0
2015-01-19,6.52,6.88,6.45,6.45,2158887936.0,9910001664.0
2015-01-16,7.04,7.31,7.17,6.95,1887003648.0,9402684416.0
2015-01-15,6.6,7.04,7.01,6.49,1680669824.0,7849348096.0
2015-01-14,6.42,6.69,6.61,6.42,1673274624.0,7656606720.0
2015-01-13,6.32,6.39,6.39,6.2,912319232.0,3991497472.0
2015-01-12,6.3,6.46,6.33,6.19,1276075648.0,5610756096.0
2015-01-09,6.16,6.85,6.43,6.09,2277619456.0,10212605952.0
2015-01-08,6.55,6.58,6.23,6.2,1489272576.0,6536809472.0
2015-01-07,6.42,6.68,6.53,6.39,1548575488.0,7006124032.0
2015-01-06,6.3,6.82,6.56,6.16,2312726016.0,10516945920.0
2015-01-05,6.01,6.47,6.36,6.01,2308454912.0,9922663424.0
2014-12-31,5.67,6.16,5.97,5.58,2278282240.0,9320222720.0
2014-12-30,5.48,5.76,5.67,5.47,1603930112.0,6283509760.0
2014-12-29,5.76,5.81,5.54,5.41,2004713600.0,7829727232.0
2014-12-26,5.34,5.54,5.5,5.25,1922661120.0,7192386560.0
2014-12-25,5.27,5.37,5.35,5.12,1586690560.0,5814137856.0
2014-12-24,5.35,5.4,5.14,5.05,1496218112.0,5392665088.0
2014-12-23,5.38,5.58,5.35,5.32,2813128192.0,10700739584.0
2014-12-22,5.27,5.6,5.6,5.18,3574832384.0,13681318912.0
2014-12-19,4.96,5.12,5.09,4.92,1111210752.0,3894673408.0
2014-12-18,5.11,5.14,4.98,4.92,1019731328.0,3562903552.0
2014-12-17,4.92,5.22,5.09,4.85,1922876416.0,6726576640.0
2014-12-16,4.72,4.89,4.89,4.69,944092416.0,3157806336.0
2014-12-15,4.75,4.76,4.73,4.65,709601920.0,2317046784.0
2014-12-12,4.81,4.89,4.81,4.75,659283776.0,2205144320.0
2014-12-11,4.78,4.93,4.81,4.69,746516288.0,2498272000.0
2014-12-10,4.76,4.93,4.88,4.58,1292013440.0,4272224256.0
2014-12-09,5.11,5.31,4.79,4.73,2188514560.0,7738574336.0
2014-12-08,5.17,5.38,5.27,5.07,2512228096.0,9105629184.0
2014-12-05,5.08,5.48,5.31,4.92,2642899968.0,9513892864.0
2014-12-04,4.89,5.09,5.08,4.78,1886247040.0,6472786432.0
2014-12-03,5.04,5.15,4.91,4.83,1800945920.0,6253702656.0
2014-12-02,4.72,5.24,5.12,4.68,1725665024.0,5855948288.0
2014-12-01,4.79,5.18,4.86,4.62,1009907392.0,3418950912.0
2014-11-28,4.43,4.79,4.79,4.42,982520704.0,3172178944.0
2014-11-27,4.42,4.5,4.43,4.39,412497344.0,1272991104.0
2014-11-26,4.26,4.43,4.39,4.25,381483296.0,1152062080.0
2014-11-25,4.22,4.27,4.27,4.17,278662272.0,817851520.0
2014-11-24,4.17,4.27,4.23,4.14,370103584.0,1084640896.0
2014-11-21,4.2,4.26,4.25,4.13,238013232.0,693896512.0
2014-11-20,4.17,4.23,4.2,4.16,150590544.0,439403776.0
2014-11-19,4.19,4.23,4.2,4.16,207332240.0,603463488.0
2014-11-18,4.33,4.34,4.22,4.19,310261376.0,915711360.0
2014-11-17,4.45,4.52,4.34,4.33,317856832.0,967531648.0
2014-11-14,4.45,4.46,4.45,4.3,402796128.0,1229707136.0
2014-11-13,4.43,4.53,4.46,4.4,649222720.0,2010213888.0
2014-11-12,4.4,4.43,4.43,4.29,815984064.0,2485035776.0
2014-11-11,4.2,4.53,4.53,4.2,986034176.0,3067559168.0
2014-11-10,4.0,4.19,4.12,4.0,226333584.0,645466432.0
2014-11-07,3.96,4.03,3.99,3.94,108079488.0,299201344.0
2014-11-06,3.97,3.99,3.96,3.94,50862212.0,140343664.0
2014-11-05,4.01,4.03,3.97,3.96,66743660.0,184763792.0
2014-11-04,4.0,4.03,4.01,3.97,109069600.0,303654144.0
2014-11-03,4.04,4.06,4.0,3.99,108801184.0,303277088.0
2014-10-31,3.9,4.1,4.03,3.9,333119328.0,928296128.0
2014-10-30,3.87,3.93,3.9,3.84,113435760.0,306368608.0
2014-10-29,3.8,3.88,3.87,3.8,89071432.0,237772944.0
2014-10-28,3.75,3.8,3.8,3.74,43126780.0,113260464.0
2014-10-27,3.83,3.84,3.76,3.71,71371016.0,187430016.0
2014-10-24,3.84,3.86,3.83,3.83,50765204.0,135554928.0
2014-10-23,3.84,3.86,3.84,3.83,63096916.0,168615856.0
2014-10-22,3.83,3.86,3.86,3.83,44988656.0,120316000.0
2014-10-21,3.84,3.86,3.84,3.83,29636078.0,79159360.0
2014-10-20,3.86,3.86,3.86,3.83,42355972.0,113247248.0
2014-10-17,3.84,3.86,3.84,3.83,48314248.0,128860168.0
2014-10-16,3.83,3.88,3.84,3.83,76367168.0,204544960.0
2014-10-15,3.83,3.86,3.84,3.81,41030924.0,109428840.0
2014-10-14,3.83,3.86,3.83,3.83,41678480.0,111090720.0
2014-10-13,3.86,3.86,3.84,3.83,54096296.0,144166400.0
2014-10-10,3.87,3.88,3.87,3.84,51565080.0,138232864.0
2014-10-09,3.87,3.88,3.88,3.86,46042012.0,123902360.0
2014-10-08,3.87,3.88,3.87,3.86,63786492.0,171465440.0
2014-09-30,3.87,3.88,3.88,3.86,59540744.0,160098688.0
2014-09-29,3.87,3.88,3.86,3.84,79248968.0,212895408.0
2014-09-26,3.87,3.88,3.87,3.86,29872646.0,80376696.0
2014-09-25,3.9,3.91,3.88,3.87,56987044.0,154038576.0
2014-09-24,3.84,3.9,3.88,3.84,63790600.0,171680992.0
2014-09-23,3.84,3.87,3.86,3.83,35878984.0,95867472.0
2014-09-22,3.9,3.91,3.84,3.84,52649352.0,141541632.0
2014-09-19,3.91,3.91,3.91,3.88,45727864.0,124037256.0
2014-09-18,3.88,3.93,3.91,3.87,96757888.0,262583744.0
2014-09-17,3.9,3.9,3.88,3.87,56336640.0,152052784.0
2014-09-16,3.91,3.96,3.91,3.88,100878544.0,274493088.0
2014-09-15,3.9,3.91,3.9,3.88,45026432.0,121942176.0
2014-09-12,3.88,3.91,3.91,3.87,28713280.0,77654400.0
2014-09-11,3.88,3.93,3.88,3.87,41029588.0,111261200.0
2014-09-10,3.93,3.93,3.9,3.88,50679584.0,137169088.0
2014-09-09,3.94,3.96,3.93,3.91,39691476.0,108535328.0
2014-09-05,3.91,3.96,3.94,3.9,59639904.0,162886736.0
2014-09-04,3.9,3.91,3.91,3.88,53936496.0,146270640.0
2014-09-03,3.86,3.9,3.9,3.86,54083416.0,146119440.0
2014-09-02,3.84,3.87,3.87,3.81,48280776.0,128939648.0
2014-09-01,3.84,3.86,3.83,3.81,43948720.0,117128840.0
2014-08-29,3.8,3.87,3.86,3.78,32746392.0,86747584.0
2014-08-28,3.84,3.86,3.78,3.78,38944804.0,103168496.0
2014-08-27,3.86,3.86,3.84,3.84,21195332.0,56686416.0
2014-08-26,3.87,3.87,3.86,3.84,41843356.0,112198752.0
2014-08-25,3.88,3.88,3.88,3.86,36874092.0,99125792.0
2014-08-22,3.87,3.9,3.9,3.86,41603864.0,112139832.0
2014-08-21,3.88,3.9,3.87,3.84,46896392.0,126012496.0
2014-08-20,3.88,3.9,3.88,3.87,40026516.0,108018672.0
2014-08-19,3.88,3.9,3.87,3.87,30724428.0,82792816.0
2014-08-18,3.88,3.9,3.88,3.87,33681100.0,90978528.0
2014-08-15,3.87,3.88,3.88,3.86,29659124.0,79850136.0
2014-08-14,3.88,3.88,3.87,3.86,27733030.0,74595552.0
2014-08-13,3.88,3.88,3.88,3.86,29019848.0,78021616.0
2014-08-12,3.88,3.9,3.88,3.87,30065400.0,81022208.0
2014-08-11,3.87,3.9,3.9,3.87,35105688.0,94921136.0
2014-08-08,3.86,3.87,3.87,3.84,30812544.0,82617000.0
2014-08-07,3.88,3.9,3.86,3.84,42516876.0,114596792.0
2014-08-06,3.9,3.91,3.9,3.87,44081648.0,119079360.0
2014-08-05,3.93,3.93,3.91,3.9,53755672.0,146062224.0
2014-08-04,3.91,3.93,3.93,3.88,73078032.0,198655472.0
2014-08-01,3.88,3.94,3.9,3.87,85623168.0,232374688.0
2014-07-31,3.86,3.9,3.9,3.84,54818216.0,147203056.0
2014-07-30,3.88,3.91,3.86,3.83,110422072.0,297619264.0
2014-07-29,3.9,3.96,3.91,3.87,115226136.0,313203104.0
2014-07-28,3.77,3.91,3.88,3.77,118501088.0,318237888.0
2014-07-25,3.74,3.77,3.76,3.73,33451238.0,87205432.0
2014-07-24,3.7,3.75,3.73,3.68,58498224.0,151374816.0
2014-07-23,3.68,3.7,3.68,3.68,29587864.0,75901280.0
2014-07-22,3.68,3.7,3.7,3.67,35684224.0,91450632.0
2014-07-21,3.7,3.7,3.7,3.67,24926404.0,63828192.0
2014-07-18,3.68,3.7,3.7,3.67,28377772.0,72674048.0
2014-07-17,3.68,3.7,3.7,3.67,22643232.0,57984348.0
2014-07-16,3.7,3.7,3.7,3.68,21838396.0,56006104.0
2014-07-15,3.7,3.7,3.7,3.67,25686740.0,65828908.0
2014-07-14,3.67,3.7,3.68,3.67,21270916.0,54386712.0
2014-07-11,3.65,3.7,3.67,3.64,26389896.0,67434128.0
2014-07-10,3.65,3.67,3.65,3.64,35329740.0,89816128.0
2014-07-09,3.7,3.71,3.68,3.67,38112016.0,97540168.0
2014-07-08,3.7,3.71,3.71,3.67,28417692.0,72943448.0
2014-07-07,3.71,3.73,3.71,3.67,25578846.0,65732320.0
2014-07-04,3.73,3.74,3.73,3.71,18484050.0,47805724.0
2014-07-03,3.7,3.74,3.73,3.68,26073800.0,67319824.0
2014-07-02,3.68,3.71,3.71,3.68,23100354.0,59399968.0
2014-07-01,3.68,3.7,3.68,3.67,24726340.0,63279860.0
2014-06-30,3.67,3.68,3.67,3.65,23791572.0,60688848.0
2014-06-27,3.71,3.71,3.65,3.64,47758436.0,121566680.0
2014-06-26,3.7,3.71,3.7,3.67,59990184.0,166068976.0
2014-06-25,3.67,3.7,3.7,3.66,32276436.0,88887472.0
2014-06-24,3.66,3.69,3.67,3.65,24819020.0,68096376.0
2014-06-23,3.67,3.69,3.65,3.65,24956156.0,68529440.0
2014-06-20,3.63,3.67,3.67,3.62,28306068.0,77425392.0
2014-06-19,3.69,3.69,3.63,3.63,23052874.0,63152884.0
2014-06-18,3.71,3.71,3.69,3.66,43445440.0,119573040.0
2014-06-17,3.74,3.75,3.71,3.71,29160856.0,81404048.0
2014-06-16,3.73,3.77,3.75,3.71,48428532.0,135532720.0
2014-06-13,3.69,3.74,3.74,3.67,54952760.0,153118608.0
2014-06-12,3.66,3.69,3.69,3.65,23814288.0,65500692.0
2014-06-11,3.66,3.67,3.66,3.65,22813740.0,62440432.0
2014-06-10,3.62,3.66,3.66,3.62,33614720.0,91666688.0
2014-06-09,3.61,3.65,3.63,3.59,26544432.0,72067824.0
2014-06-06,3.65,3.66,3.61,3.59,25256012.0,68608624.0
2014-06-05,3.62,3.66,3.65,3.61,27686860.0,75450344.0
2014-06-04,3.63,3.65,3.63,3.59,30888820.0,83568776.0
2014-06-03,3.58,3.65,3.63,3.58,47703056.0,129347920.0
2014-05-30,3.59,3.59,3.57,3.57,20636896.0,55381628.0
2014-05-29,3.61,3.61,3.59,3.58,16838258.0,45346052.0
2014-05-28,3.58,3.61,3.59,3.58,26361104.0,70870744.0
2014-05-27,3.58,3.59,3.58,3.58,22561264.0,60600000.0
2014-05-26,3.58,3.59,3.59,3.57,13475317.0,36154784.0
2014-05-23,3.57,3.58,3.58,3.55,16807230.0,44892264.0
2014-05-22,3.55,3.58,3.57,3.54,19835536.0,52979836.0
2014-05-21,3.53,3.57,3.55,3.51,24147560.0,64001412.0
2014-05-20,3.54,3.55,3.54,3.53,17071116.0,45297864.0
2014-05-19,3.54,3.55,3.54,3.53,35135716.0,93119744.0
2014-05-16,3.53,3.55,3.54,3.53,14380060.0,38101384.0
2014-05-15,3.53,3.55,3.54,3.53,18152224.0,48086456.0
2014-05-14,3.54,3.55,3.54,3.51,19610490.0,51884124.0
2014-05-13,3.53,3.54,3.54,3.51,18049062.0,47591208.0
2014-05-12,3.49,3.54,3.53,3.49,49628924.0,130427856.0
2014-05-09,3.47,3.49,3.49,3.46,17153758.0,44691388.0
2014-05-08,3.47,3.49,3.49,3.46,25448154.0,66163404.0
2014-05-07,3.46,3.49,3.47,3.46,17600688.0,45716696.0
2014-05-06,3.46,3.47,3.46,3.45,15396502.0,39941496.0
2014-05-05,3.49,3.49,3.47,3.45,23877460.0,61836568.0
2014-04-30,3.49,3.5,3.47,3.47,21770544.0,56699056.0
2014-04-29,3.5,3.5,3.49,3.47,17761452.0,46426192.0
2014-04-28,3.5,3.51,3.5,3.47,24740160.0,64685720.0
2014-04-25,3.49,3.51,3.49,3.47,27196204.0,71234632.0
2014-04-24,3.49,3.5,3.47,3.46,17214432.0,44845140.0
2014-04-23,3.5,3.51,3.49,3.47,16532616.0,43162468.0
2014-04-22,3.47,3.53,3.51,3.43,24913846.0,64853200.0
2014-04-21,3.5,3.53,3.47,3.47,19209378.0,50346272.0
2014-04-18,3.5,3.53,3.51,3.49,17030812.0,44644984.0
2014-04-17,3.53,3.53,3.51,3.5,15252163.0,40119572.0
2014-04-16,3.5,3.54,3.51,3.49,18820518.0,49548584.0
2014-04-15,3.55,3.57,3.5,3.5,30741918.0,81247600.0
2014-04-14,3.57,3.59,3.57,3.53,38701608.0,103174536.0
2014-04-11,3.55,3.59,3.58,3.54,47730648.0,127232704.0
2014-04-10,3.51,3.57,3.57,3.5,48276960.0,127713384.0
2014-04-09,3.53,3.55,3.51,3.51,28325534.0,74832760.0
2014-04-08,3.47,3.54,3.53,3.45,56091544.0,147236032.0
2014-04-04,3.43,3.47,3.47,3.43,19780716.0,51158060.0
2014-04-03,3.47,3.47,3.45,3.43,38009632.0,98250136.0
2014-04-02,3.46,3.47,3.47,3.45,25085808.0,65066096.0
2014-04-01,3.45,3.47,3.46,3.43,31012760.0,80239536.0
2014-03-31,3.45,3.46,3.46,3.42,42516920.0,109608504.0
2014-03-28,3.43,3.49,3.45,3.42,93338696.0,240626464.0
2014-03-27,3.41,3.46,3.42,3.39,52897828.0,135441920.0
2014-03-26,3.38,3.41,3.39,3.38,25953784.0,65895344.0
2014-03-25,3.38,3.39,3.39,3.37,22556676.0,57053604.0
2014-03-24,3.39,3.41,3.39,3.35,42313744.0,107119728.0
2014-03-21,3.29,3.39,3.38,3.27,77473648.0,193579856.0
2014-03-20,3.29,3.33,3.29,3.27,27012610.0,66762944.0
2014-03-19,3.3,3.31,3.3,3.26,28158104.0,69118480.0
2014-03-18,3.31,3.33,3.3,3.29,17728404.0,43828672.0
2014-03-17,3.31,3.33,3.31,3.3,16838404.0,41659368.0
2014-03-14,3.33,3.33,3.3,3.27,32855604.0,81115536.0
2014-03-13,3.29,3.38,3.33,3.29,47525468.0,118761664.0
2014-03-12,3.29,3.3,3.27,3.26,29255828.0,71755376.0
2014-03-11,3.29,3.29,3.29,3.27,22320768.0,54761672.0
2014-03-10,3.31,3.33,3.29,3.27,36749512.0,90680968.0
2014-03-07,3.34,3.37,3.33,3.33,20809778.0,52032532.0
2014-03-06,3.31,3.34,3.34,3.3,19814276.0,49231976.0
2014-03-05,3.34,3.34,3.33,3.3,32268716.0,80190880.0
2014-03-04,3.34,3.34,3.34,3.31,26658912.0,66354396.0
2014-03-03,3.35,3.37,3.34,3.33,42113216.0,105306368.0
2014-02-28,3.37,3.38,3.35,3.34,29348616.0,73678776.0
2014-02-27,3.37,3.39,3.38,3.34,27054948.0,68159896.0
2014-02-26,3.38,3.39,3.35,3.34,20024914.0,50406088.0
2014-02-25,3.38,3.41,3.39,3.35,34158848.0,86566656.0
2014-02-24,3.43,3.45,3.38,3.35,29814562.0,75493512.0
2014-02-21,3.47,3.49,3.45,3.42,27983710.0,72160544.0
2014-02-20,3.5,3.53,3.49,3.47,45629392.0,119251944.0
2014-02-19,3.39,3.57,3.51,3.38,105567584.0,274934624.0
2014-02-18,3.41,3.42,3.39,3.38,30007048.0,76423840.0
2014-02-17,3.39,3.42,3.41,3.39,31423884.0,80066064.0
2014-02-14,3.41,3.41,3.39,3.38,27342344.0,69361072.0
2014-02-13,3.39,3.43,3.41,3.38,48498852.0,123653832.0
2014-02-12,3.39,3.42,3.39,3.38,29736856.0,75729080.0
2014-02-11,3.35,3.42,3.41,3.34,60653224.0,154036208.0
2014-02-10,3.34,3.37,3.35,3.33,36473720.0,91530208.0
2014-02-07,3.34,3.34,3.33,3.31,21622684.0,53884784.0
2014-01-30,3.37,3.38,3.35,3.35,19595720.0,49307904.0
2014-01-29,3.34,3.38,3.38,3.33,39061088.0,98209736.0
2014-01-28,3.31,3.34,3.33,3.3,29807268.0,74181704.0
2014-01-27,3.31,3.33,3.31,3.29,43715208.0,107888616.0
2014-01-24,3.31,3.34,3.33,3.3,36289720.0,90143608.0
2014-01-23,3.34,3.34,3.31,3.31,40174248.0,99927472.0
2014-01-22,3.3,3.35,3.35,3.3,52102928.0,129709008.0
2014-01-21,3.29,3.31,3.3,3.29,33143520.0,81900680.0
2014-01-20,3.33,3.33,3.3,3.27,39797856.0,98324280.0
2014-01-17,3.34,3.34,3.31,3.31,41326412.0,102918952.0
2014-01-16,3.35,3.37,3.34,3.33,31381580.0,78559184.0
2014-01-15,3.35,3.37,3.35,3.34,50614192.0,127028488.0
2014-01-14,3.35,3.37,3.35,3.34,30626324.0,76833352.0
2014-01-13,3.34,3.37,3.37,3.34,29469368.0,73908992.0
2014-01-10,3.34,3.35,3.33,3.33,41009092.0,102435152.0
2014-01-09,3.35,3.38,3.34,3.33,45339804.0,113973552.0
2014-01-08,3.35,3.39,3.35,3.33,69087920.0,173915456.0
2014-01-07,3.35,3.37,3.37,3.33,53293828.0,133574496.0
2014-01-06,3.43,3.43,3.38,3.34,68674728.0,173051056.0
2014-01-03,3.47,3.49,3.42,3.42,45517736.0,117134392.0
2014-01-02,3.5,3.5,3.49,3.46,41632560.0,108459528.0
2013-12-31,3.47,3.51,3.5,3.46,53990380.0,141071872.0
2013-12-30,3.57,3.57,3.49,3.46,114327904.0,298075360.0
2013-12-27,3.51,3.57,3.55,3.5,27128248.0,71709912.0
2013-12-26,3.54,3.55,3.51,3.49,21107146.0,55522448.0
2013-12-25,3.54,3.57,3.55,3.53,14228143.0,37812268.0
2013-12-24,3.55,3.57,3.54,3.53,16595968.0,44058912.0
2013-12-23,3.51,3.55,3.55,3.5,23373456.0,61853092.0
2013-12-20,3.59,3.59,3.5,3.49,34291048.0,90801736.0
2013-12-19,3.61,3.62,3.58,3.57,23988872.0,64496328.0
2013-12-18,3.61,3.62,3.61,3.59,18117816.0,48852768.0
2013-12-17,3.65,3.66,3.61,3.61,25785244.0,69986056.0
2013-12-16,3.69,3.7,3.63,3.62,39787356.0,108821584.0
2013-12-13,3.71,3.71,3.69,3.67,34740504.0,96168272.0
2013-12-12,3.73,3.74,3.73,3.71,14513499.0,40404208.0
2013-12-11,3.75,3.77,3.73,3.73,19400670.0,54234552.0
2013-12-10,3.77,3.78,3.77,3.75,17357646.0,48836072.0
2013-12-09,3.78,3.78,3.77,3.75,21432154.0,60518728.0
2013-12-06,3.78,3.79,3.78,3.75,31787756.0,89831352.0
2013-12-05,3.79,3.79,3.78,3.77,24877844.0,70479880.0
2013-12-04,3.78,3.81,3.79,3.77,74476984.0,211185200.0
2013-12-03,3.79,3.79,3.78,3.77,52299744.0,148034944.0
2013-12-02,3.75,3.85,3.83,3.74,130104848.0,369326848.0
2013-11-29,3.77,3.77,3.75,3.74,17602992.0,49421032.0
2013-11-28,3.74,3.77,3.75,3.73,25561866.0,71826640.0
2013-11-27,3.73,3.75,3.75,3.7,28566872.0,79761504.0
2013-11-26,3.75,3.77,3.74,3.73,25321864.0,70939688.0
2013-11-25,3.78,3.79,3.75,3.75,22145208.0,62554148.0
2013-11-22,3.79,3.81,3.78,3.78,31280656.0,88933512.0
2013-11-21,3.77,3.79,3.79,3.75,32886360.0,92841712.0
2013-11-20,3.77,3.78,3.78,3.75,21764112.0,61411916.0
2013-11-19,3.79,3.79,3.77,3.75,23678832.0,66832128.0
2013-11-18,3.74,3.79,3.78,3.74,42376148.0,119415608.0
2013-11-15,3.73,3.77,3.74,3.71,30221584.0,84623016.0
2013-11-14,3.71,3.75,3.73,3.7,29446706.0,82047608.0
2013-11-13,3.74,3.75,3.71,3.7,16627447.0,46373688.0
2013-11-12,3.74,3.77,3.75,3.73,21385020.0,60057832.0
2013-11-11,3.73,3.75,3.74,3.71,19701928.0,55050588.0
2013-11-08,3.73,3.74,3.73,3.71,17396416.0,48567484.0
2013-11-07,3.73,3.74,3.74,3.71,19038534.0,53116648.0
2013-11-06,3.74,3.75,3.71,3.71,18318120.0,51148936.0
2013-11-05,3.77,3.77,3.75,3.73,25688560.0,71914992.0
2013-11-04,3.79,3.79,3.78,3.77,15282561.0,43193508.0
2013-11-01,3.77,3.79,3.78,3.74,33519402.0,94626512.0
2013-10-31,3.77,3.78,3.77,3.74,23439672.0,65872488.0
2013-10-30,3.75,3.78,3.77,3.73,22698230.0,63717960.0
2013-10-29,3.71,3.82,3.75,3.71,43946392.0,123653208.0
2013-10-28,3.71,3.73,3.71,3.7,10284565.0,28521578.0
2013-10-25,3.73,3.78,3.71,3.7,29925644.0,83757728.0
2013-10-24,3.75,3.77,3.73,3.71,25329436.0,70687072.0
2013-10-23,3.77,3.81,3.77,3.75,20456384.0,57812280.0
2013-10-22,3.81,3.81,3.77,3.75,13222789.0,37308428.0
2013-10-21,3.75,3.81,3.81,3.73,37749288.0,106777104.0
2013-10-18,3.74,3.77,3.74,3.74,11462349.0,32175214.0
2013-10-17,3.75,3.79,3.75,3.74,18356756.0,51715256.0
2013-10-16,3.73,3.77,3.74,3.71,26352968.0,73749936.0
2013-10-15,3.77,3.78,3.73,3.73,25627076.0,71801056.0
2013-10-14,3.79,3.82,3.78,3.77,27104020.0,76941512.0
2013-10-11,3.75,3.81,3.79,3.74,31933556.0,90498704.0
2013-10-10,3.77,3.78,3.74,3.74,20217072.0,56918076.0
2013-10-09,3.73,3.78,3.77,3.71,24345554.0,68176872.0
2013-10-08,3.71,3.74,3.73,3.69,22070876.0,61346228.0
2013-09-30,3.73,3.74,3.71,3.7,21796658.0,60744392.0
2013-09-27,3.69,3.73,3.71,3.67,21946132.0,60811492.0
2013-09-26,3.71,3.73,3.7,3.67,30460370.0,84385872.0
2013-09-25,3.7,3.74,3.73,3.67,41606900.0,115806536.0
2013-09-24,3.73,3.73,3.7,3.67,30858848.0,85336768.0
2013-09-23,3.7,3.73,3.71,3.69,33545716.0,93205912.0
2013-09-18,3.73,3.74,3.7,3.63,45935336.0,127159608.0
2013-09-17,3.77,3.78,3.71,3.71,33256644.0,93250088.0
2013-09-16,3.79,3.81,3.78,3.75,43320816.0,122829016.0
2013-09-13,3.82,3.85,3.78,3.75,53393868.0,152086128.0
2013-09-12,3.74,3.91,3.83,3.7,136705904.0,391132704.0
2013-09-11,3.77,3.81,3.75,3.74,55306232.0,156073440.0
2013-09-10,3.79,3.82,3.79,3.7,98802632.0,277217088.0
2013-09-09,3.59,3.89,3.81,3.58,207431680.0,581699200.0
2013-09-06,3.57,3.59,3.58,3.57,30457612.0,81625904.0
2013-09-05,3.57,3.58,3.57,3.55,18526842.0,49437460.0
2013-09-04,3.57,3.58,3.57,3.55,32213898.0,86002888.0
2013-09-03,3.54,3.58,3.57,3.53,34465456.0,91732752.0
2013-09-02,3.54,3.55,3.54,3.51,26583194.0,70334448.0
2013-08-30,3.51,3.54,3.54,3.51,29830360.0,78799392.0
2013-08-29,3.53,3.53,3.51,3.5,15854564.0,41655436.0
2013-08-28,3.51,3.53,3.51,3.5,21642928.0,56849988.0
2013-08-27,3.53,3.54,3.53,3.5,18515780.0,48787856.0
2013-08-26,3.5,3.54,3.53,3.49,21112668.0,55616472.0
2013-08-23,3.53,3.54,3.5,3.47,28070288.0,73625512.0
2013-08-22,3.54,3.54,3.51,3.51,24593502.0,64930928.0
2013-08-21,3.57,3.57,3.54,3.53,28417606.0,75265696.0
2013-08-20,3.59,3.59,3.55,3.54,59628052.0,159330928.0
2013-08-19,3.58,3.61,3.61,3.57,43144296.0,115706776.0
2013-08-16,3.58,3.94,3.61,3.55,107431408.0,295058208.0
2013-08-15,3.58,3.59,3.58,3.57,17108196.0,45907036.0
2013-08-14,3.59,3.61,3.59,3.58,19254564.0,51806880.0
2013-08-13,3.59,3.61,3.58,3.57,19367986.0,51968104.0
2013-08-12,3.57,3.61,3.59,3.55,27672638.0,74232624.0
2013-08-09,3.57,3.58,3.55,3.53,13248394.0,35232352.0
2013-08-08,3.57,3.58,3.55,3.55,11786606.0,31460612.0
2013-08-07,3.58,3.59,3.57,3.57,14594871.0,39112976.0
2013-08-06,3.58,3.59,3.59,3.57,12760187.0,34163704.0
2013-08-05,3.58,3.59,3.59,3.57,12972401.0,34766052.0
2013-08-02,3.59,3.61,3.58,3.57,13825383.0,37191400.0
2013-08-01,3.57,3.59,3.59,3.55,30133184.0,80830712.0
2013-07-31,3.57,3.58,3.55,3.54,12589053.0,33511782.0
2013-07-30,3.51,3.58,3.55,3.5,26836736.0,71253688.0
2013-07-29,3.54,3.55,3.5,3.5,15813649.0,41685432.0
2013-07-26,3.57,3.58,3.55,3.55,12418213.0,33138408.0
2013-07-25,3.57,3.59,3.58,3.55,21877566.0,58561288.0
2013-07-24,3.55,3.58,3.57,3.54,21612584.0,57564360.0
2013-07-23,3.54,3.59,3.57,3.51,21488324.0,57371472.0
2013-07-22,3.51,3.54,3.54,3.5,20315586.0,53510380.0
2013-07-19,3.57,3.59,3.53,3.51,26443100.0,70541272.0
2013-07-18,3.58,3.59,3.55,3.54,21673180.0,57857540.0
2013-07-17,3.59,3.61,3.58,3.57,23652456.0,63602132.0
2013-07-16,3.58,3.59,3.59,3.57,18425384.0,49356964.0
2013-07-15,3.59,3.62,3.59,3.58,24281120.0,65403844.0
2013-07-12,3.63,3.65,3.58,3.57,38981624.0,105043392.0
2013-07-11,3.54,3.66,3.63,3.54,60362296.0,163386112.0
2013-07-10,3.51,3.55,3.54,3.5,15413089.0,40706032.0
2013-07-09,3.49,3.54,3.53,3.47,20348428.0,53475244.0
2013-07-08,3.53,3.53,3.49,3.47,18901978.0,49368552.0
2013-07-05,3.54,3.55,3.53,3.51,14260818.0,37675608.0
2013-07-04,3.54,3.57,3.54,3.51,19796728.0,52364148.0
2013-07-03,3.58,3.59,3.55,3.51,31060092.0,82296912.0
2013-07-02,3.63,3.63,3.61,3.55,36787888.0,98698344.0
2013-07-01,3.59,3.65,3.63,3.54,53980644.0,144951280.0
2013-06-28,3.54,3.63,3.62,3.54,65679384.0,176018464.0
2013-06-27,3.46,3.55,3.54,3.46,52947764.0,138594336.0
2013-06-26,3.45,3.47,3.45,3.38,45716552.0,116831008.0
2013-06-25,3.38,3.45,3.43,3.31,62631648.0,158503824.0
2013-06-24,3.5,3.5,3.39,3.38,53775204.0,137908016.0
2013-06-21,3.51,3.53,3.5,3.47,34264820.0,89797904.0
2013-06-20,3.61,3.62,3.53,3.51,30774928.0,81859056.0
2013-06-19,3.63,3.65,3.61,3.59,24825152.0,67123960.0
2013-06-18,3.71,3.71,3.65,3.59,52072308.0,142017424.0
2013-06-17,3.65,3.7,3.67,3.63,48671336.0,141854656.0
2013-06-14,3.6,3.65,3.64,3.6,33919372.0,97910224.0
2013-06-13,3.64,3.65,3.62,3.54,77290552.0,220630880.0
2013-06-07,3.69,3.7,3.65,3.64,24941320.0,72976104.0
2013-06-06,3.7,3.72,3.68,3.68,22383376.0,65916688.0
2013-06-05,3.7,3.73,3.7,3.69,17018452.0,50276956.0
2013-06-04,3.7,3.72,3.7,3.69,21173720.0,62420604.0
2013-06-03,3.72,3.72,3.72,3.69,33912360.0,100055232.0
2013-05-31,3.73,3.73,3.7,3.7,17194940.0,50906596.0
2013-05-30,3.72,3.74,3.72,3.7,21980516.0,65169456.0
2013-05-29,3.74,3.75,3.73,3.72,28097824.0,83548672.0
2013-05-28,3.7,3.75,3.74,3.69,43967656.0,130263408.0
2013-05-27,3.69,3.73,3.7,3.68,25687068.0,75886568.0
2013-05-24,3.69,3.7,3.69,3.68,16188343.0,47596328.0
2013-05-23,3.7,3.72,3.68,3.68,30817304.0,90772192.0
2013-05-22,3.7,3.73,3.72,3.7,30481208.0,90266056.0
2013-05-21,3.7,3.72,3.72,3.69,19955062.0,58948888.0
2013-05-20,3.68,3.74,3.72,3.68,62667032.0,185170528.0
2013-05-17,3.64,3.69,3.68,3.64,47558172.0,138766112.0
2013-05-16,3.63,3.65,3.65,3.62,35712264.0,103496480.0
2013-05-15,3.62,3.64,3.63,3.62,17556556.0,50734704.0
2013-05-14,3.64,3.65,3.62,3.6,24387466.0,70486968.0
2013-05-13,3.65,3.67,3.64,3.64,17163516.0,49916624.0
2013-05-10,3.64,3.67,3.65,3.64,23884480.0,69519624.0
2013-05-09,3.65,3.67,3.64,3.64,32188756.0,93650328.0
2013-05-08,3.64,3.67,3.65,3.63,37522264.0,109091368.0
2013-05-07,3.64,3.64,3.64,3.63,20190674.0,58428132.0
2013-05-06,3.63,3.65,3.64,3.62,38918080.0,112759120.0
2013-05-03,3.6,3.64,3.63,3.59,45797544.0,131966944.0
2013-05-02,3.6,3.62,3.59,3.58,47336824.0,135309728.0
2013-04-26,3.63,3.64,3.6,3.59,34709644.0,99856680.0
2013-04-25,3.64,3.64,3.64,3.62,20722552.0,59931392.0
2013-04-24,3.6,3.65,3.64,3.59,35225452.0,101769000.0
2013-04-23,3.65,3.65,3.6,3.59,31232032.0,89867760.0
2013-04-22,3.65,3.67,3.65,3.64,27674740.0,80428424.0
2013-04-19,3.6,3.67,3.67,3.6,54277164.0,157585328.0
2013-04-18,3.6,3.62,3.62,3.59,21432764.0,61515884.0
2013-04-17,3.64,3.64,3.62,3.59,30769372.0,88497856.0
2013-04-16,3.65,3.65,3.63,3.62,35535528.0,102932552.0
2013-04-15,3.67,3.67,3.65,3.63,35786384.0,104031248.0
2013-04-12,3.65,3.67,3.67,3.64,22092028.0,64322272.0
2013-04-11,3.67,3.68,3.65,3.64,15664767.0,45617656.0
2013-04-10,3.65,3.68,3.65,3.64,14664254.0,42708724.0
2013-04-09,3.67,3.68,3.65,3.65,17545778.0,51198688.0
2013-04-08,3.67,3.68,3.65,3.63,32589528.0,94674392.0
2013-04-03,3.68,3.72,3.69,3.67,23831098.0,70062368.0
2013-04-02,3.65,3.68,3.68,3.65,18255420.0,53371260.0
2013-04-01,3.65,3.68,3.65,3.64,18407056.0,53659468.0
2013-03-29,3.65,3.68,3.67,3.63,22026362.0,64159772.0
2013-03-28,3.73,3.73,3.64,3.63,87848552.0,255938416.0
2013-03-27,3.77,3.78,3.74,3.73,30009436.0,89813320.0
2013-03-26,3.77,3.77,3.75,3.7,30573894.0,91036224.0
2013-03-25,3.75,3.77,3.75,3.74,29923644.0,89560904.0
2013-03-22,3.74,3.75,3.74,3.72,20272620.0,60405328.0
2013-03-21,3.74,3.77,3.74,3.72,33252448.0,99090056.0
2013-03-20,3.67,3.74,3.74,3.65,68793968.0,203893424.0
2013-03-19,3.67,3.69,3.67,3.64,41717860.0,121688704.0
2013-03-18,3.72,3.73,3.67,3.64,43492424.0,127708984.0
2013-03-15,3.68,3.74,3.73,3.67,49466004.0,146542112.0
2013-03-14,3.67,3.7,3.69,3.65,24270236.0,71153072.0
2013-03-13,3.69,3.7,3.67,3.65,20198460.0,59105696.0
2013-03-12,3.72,3.73,3.7,3.68,39798800.0,117458960.0
2013-03-11,3.7,3.73,3.7,3.68,24349164.0,71874760.0
2013-03-08,3.7,3.73,3.7,3.69,27116104.0,80077352.0
2013-03-07,3.7,3.74,3.69,3.68,48318136.0,142563984.0
2013-03-06,3.74,3.75,3.73,3.69,56981908.0,168918912.0
2013-03-05,3.65,3.74,3.73,3.64,61716184.0,181636672.0
2013-03-04,3.73,3.75,3.65,3.64,69501216.0,204071600.0
2013-03-01,3.78,3.79,3.75,3.72,53638096.0,160476512.0
2013-02-28,3.74,3.8,3.78,3.7,77655032.0,232633856.0
2013-02-27,3.7,3.75,3.74,3.7,49200104.0,145907280.0
2013-02-26,3.74,3.79,3.72,3.7,44943232.0,134167152.0
2013-02-25,3.73,3.77,3.74,3.73,34091516.0,101791624.0
2013-02-22,3.73,3.77,3.73,3.72,46940644.0,139676640.0
2013-02-21,3.8,3.82,3.73,3.72,81415480.0,243548144.0
2013-02-20,3.84,3.84,3.82,3.78,52190012.0,158483920.0
2013-02-19,3.87,3.88,3.83,3.8,56170824.0,171727648.0
2013-02-18,3.89,3.9,3.87,3.85,52600712.0,162806480.0
2013-02-08,3.87,3.89,3.88,3.85,50345384.0,155633456.0
2013-02-07,3.95,3.95,3.87,3.84,118992048.0,367726240.0
2013-02-06,3.97,3.98,3.95,3.92,102646064.0,322854240.0
2013-02-05,4.02,4.05,3.97,3.95,118343640.0,375171616.0
2013-02-04,3.97,4.09,4.04,3.95,133728656.0,430327232.0
2013-02-01,3.9,3.98,3.98,3.87,130990864.0,409170976.0
2013-01-31,3.89,3.97,3.92,3.88,158084288.0,494273216.0
2013-01-30,3.79,3.92,3.9,3.77,190344672.0,579683840.0
2013-01-29,3.79,3.82,3.8,3.77,92884320.0,280155360.0
2013-01-28,3.74,3.8,3.79,3.72,73459808.0,220812368.0
2013-01-25,3.74,3.77,3.72,3.72,43193136.0,128928752.0
2013-01-24,3.72,3.83,3.75,3.7,85965432.0,258277136.0
2013-01-23,3.73,3.73,3.73,3.69,60097440.0,177528848.0
2013-01-22,3.72,3.79,3.74,3.69,83633152.0,248950384.0
2013-01-21,3.73,3.73,3.72,3.7,36148492.0,107068176.0
2013-01-18,3.7,3.74,3.73,3.69,30687006.0,91084616.0
2013-01-17,3.69,3.72,3.7,3.68,21151660.0,62248080.0
2013-01-16,3.73,3.74,3.7,3.67,31839016.0,94104688.0
2013-01-15,3.74,3.75,3.73,3.72,33201252.0,98663632.0
2013-01-14,3.67,3.75,3.74,3.65,41775000.0,123537224.0
2013-01-11,3.7,3.7,3.68,3.65,29859192.0,87572352.0
2013-01-10,3.68,3.7,3.69,3.68,17942408.0,52731720.0
2013-01-09,3.68,3.72,3.68,3.67,40122184.0,118099744.0
2013-01-08,3.7,3.72,3.69,3.67,45421332.0,133633400.0
2013-01-07,3.7,3.75,3.7,3.69,39926588.0,118427504.0
2013-01-04,3.69,3.72,3.72,3.68,60834360.0,179177424.0
2012-12-31,3.63,3.68,3.67,3.62,43590224.0,127171712.0
2012-12-28,3.6,3.64,3.63,3.59,29718764.0,85680344.0
2012-12-27,3.64,3.65,3.6,3.59,38526508.0,110755456.0
2012-12-26,3.65,3.65,3.63,3.62,32497772.0,94046624.0
2012-12-25,3.58,3.68,3.67,3.56,56187224.0,162812448.0
2012-12-24,3.58,3.6,3.59,3.56,21298068.0,60826228.0
2012-12-21,3.6,3.62,3.58,3.56,24188556.0,69220480.0
2012-12-20,3.62,3.63,3.6,3.59,24911930.0,71560752.0
2012-12-19,3.64,3.64,3.63,3.62,26096020.0,75435592.0
2012-12-18,3.63,3.67,3.64,3.6,50466520.0,146028304.0
2012-12-17,3.67,3.67,3.63,3.6,60555832.0,175343040.0
2012-12-14,3.55,3.7,3.67,3.54,98018112.0,283339232.0
2012-12-13,3.55,3.56,3.55,3.52,36295048.0,102278144.0
2012-12-12,3.56,3.58,3.56,3.54,19642962.0,55806560.0
2012-12-11,3.56,3.58,3.56,3.54,24316264.0,68951688.0
2012-12-10,3.52,3.58,3.55,3.5,71108464.0,201025456.0
2012-12-07,3.48,3.53,3.5,3.45,57177300.0,159116944.0
2012-12-06,3.48,3.49,3.48,3.45,31955150.0,88261808.0
2012-12-05,3.44,3.5,3.48,3.42,73323160.0,202618448.0
2012-12-04,3.44,3.45,3.44,3.41,17632552.0,48245792.0
2012-12-03,3.45,3.46,3.44,3.41,29262044.0,80013856.0
2012-11-30,3.46,3.48,3.46,3.41,33053060.0,90873288.0
2012-11-29,3.45,3.49,3.46,3.43,35540208.0,98202688.0
2012-11-28,3.44,3.46,3.45,3.43,26250336.0,71965856.0
2012-11-27,3.43,3.46,3.45,3.42,32769368.0,89455216.0
2012-11-26,3.45,3.48,3.44,3.43,14826025.0,40642612.0
2012-11-23,3.45,3.49,3.46,3.44,19939042.0,55104016.0
2012-11-22,3.44,3.48,3.46,3.41,25141584.0,68840496.0
2012-11-21,3.48,3.48,3.45,3.42,28562682.0,78302840.0
2012-11-20,3.46,3.5,3.49,3.4,38301960.0,105028616.0
2012-11-19,3.45,3.48,3.46,3.41,20807602.0,57035152.0
2012-11-16,3.52,3.52,3.45,3.4,20829988.0,57541712.0
2012-11-15,3.53,3.55,3.53,3.5,30483020.0,85675296.0
2012-11-14,3.53,3.56,3.55,3.49,35653480.0,100074608.0
2012-11-13,3.54,3.55,3.55,3.49,43657888.0,122186024.0
2012-11-12,3.54,3.56,3.55,3.52,43504676.0,122530696.0
2012-11-09,3.52,3.55,3.55,3.5,29689720.0,83406064.0
2012-11-08,3.52,3.55,3.54,3.49,27154116.0,76240408.0
2012-11-07,3.5,3.54,3.53,3.48,17926740.0,50234356.0
2012-11-06,3.48,3.52,3.52,3.45,20014968.0,55526028.0
2012-11-05,3.5,3.5,3.48,3.46,12726931.0,35335792.0
2012-11-02,3.48,3.52,3.5,3.45,21300392.0,59196568.0
2012-11-01,3.43,3.49,3.48,3.42,26706804.0,73752368.0
2012-10-31,3.42,3.44,3.43,3.4,11304558.0,30732628.0
2012-10-30,3.4,3.43,3.43,3.39,14081510.0,38217936.0
2012-10-29,3.4,3.43,3.42,3.39,13101972.0,35520420.0
2012-10-26,3.44,3.45,3.4,3.39,15705034.0,42795728.0
2012-10-25,3.44,3.46,3.44,3.43,11806497.0,32390804.0
2012-10-24,3.44,3.46,3.45,3.43,12786042.0,35163536.0
2012-10-23,3.44,3.45,3.44,3.43,9574428.0,26281184.0
2012-10-22,3.44,3.46,3.44,3.41,16171938.0,44277428.0
2012-10-19,3.46,3.46,3.44,3.44,12793407.0,35209632.0
2012-10-18,3.45,3.48,3.46,3.44,22484832.0,61953980.0
2012-10-17,3.44,3.45,3.45,3.43,19136976.0,52477720.0
2012-10-16,3.44,3.45,3.44,3.43,13958988.0,38245856.0
2012-10-15,3.44,3.46,3.45,3.42,15935310.0,43621828.0
2012-10-12,3.43,3.46,3.44,3.41,15569325.0,42746416.0
2012-10-11,3.43,3.45,3.44,3.39,27216742.0,74275104.0
2012-10-10,3.44,3.44,3.43,3.42,19280656.0,52561424.0
2012-10-09,3.4,3.44,3.44,3.39,25439800.0,69406472.0
2012-10-08,3.39,3.4,3.4,3.35,30581002.0,82166640.0
2012-09-28,3.31,3.4,3.39,3.3,55008052.0,147571792.0
2012-09-27,3.24,3.34,3.34,3.24,38999860.0,102486464.0
2012-09-26,3.28,3.29,3.24,3.24,15066546.0,39140824.0
2012-09-25,3.29,3.3,3.28,3.26,14315021.0,37446112.0
2012-09-24,3.3,3.31,3.29,3.25,23942356.0,62547628.0
2012-09-21,3.3,3.31,3.3,3.29,13569927.0,35658516.0
2012-09-20,3.33,3.34,3.3,3.29,22344254.0,58930112.0
2012-09-19,3.34,3.34,3.33,3.31,20851666.0,55303140.0
2012-09-18,3.35,3.36,3.34,3.31,21612476.0,57323728.0
2012-09-17,3.38,3.39,3.35,3.35,22387130.0,59996484.0
2012-09-14,3.38,3.39,3.39,3.36,57048472.0,153478656.0
2012-09-13,3.39,3.4,3.38,3.36,42995908.0,115528984.0
2012-09-12,3.43,3.43,3.4,3.38,29697570.0,80285352.0
2012-09-11,3.43,3.44,3.42,3.4,10752807.0,29222408.0
2012-09-10,3.44,3.44,3.44,3.41,21267510.0,58083624.0
2012-09-07,3.39,3.48,3.44,3.39,65574200.0,179493328.0
2012-09-06,3.39,3.4,3.39,3.38,8097600.0,21874800.0
2012-09-05,3.43,3.45,3.39,3.36,14652666.0,39765304.0
2012-09-04,3.45,3.49,3.45,3.43,19756308.0,54429712.0
2012-09-03,3.48,3.48,3.45,3.45,13391231.0,36963656.0
2012-08-31,3.5,3.52,3.49,3.48,10760802.0,29859434.0
2012-08-30,3.46,3.52,3.52,3.46,20993142.0,58437784.0
2012-08-29,3.48,3.49,3.48,3.46,6156730.0,17029928.0
2012-08-28,3.48,3.5,3.48,3.46,14180716.0,39426088.0
2012-08-27,3.49,3.5,3.48,3.48,25583632.0,71199168.0
2012-08-24,3.49,3.5,3.49,3.46,21560010.0,59832944.0
2012-08-23,3.48,3.52,3.49,3.46,21005672.0,58401844.0
2012-08-22,3.46,3.5,3.5,3.45,16769074.0,46411044.0
2012-08-21,3.49,3.5,3.46,3.45,20068874.0,55531184.0
2012-08-20,3.48,3.52,3.49,3.45,14303367.0,39657876.0
2012-08-17,3.48,3.5,3.48,3.46,10058150.0,27959026.0
2012-08-16,3.46,3.49,3.48,3.46,5679519.0,15737755.0
2012-08-15,3.48,3.52,3.46,3.46,7089036.0,19679914.0
2012-08-14,3.48,3.53,3.49,3.46,15103030.0,42123744.0
2012-08-13,3.48,3.5,3.48,3.45,15581890.0,43230164.0
2012-08-10,3.48,3.49,3.48,3.46,9015148.0,25011692.0
2012-08-09,3.49,3.49,3.46,3.45,9235803.0,25543676.0
2012-08-08,3.44,3.5,3.49,3.44,22860604.0,63352984.0
2012-08-07,3.45,3.46,3.44,3.43,16551175.0,45425020.0
2012-08-06,3.46,3.49,3.45,3.45,18062292.0,49837192.0
2012-08-03,3.46,3.48,3.46,3.45,10635974.0,29410754.0
2012-08-02,3.45,3.48,3.45,3.44,22713780.0,62720816.0
2012-08-01,3.41,3.46,3.46,3.41,21837620.0,59840440.0
2012-07-31,3.41,3.44,3.43,3.4,12443861.0,33964720.0
2012-07-30,3.43,3.44,3.42,3.4,13770582.0,37534144.0
2012-07-27,3.39,3.43,3.42,3.38,14352962.0,38952800.0
2012-07-26,3.38,3.39,3.38,3.36,7396142.0,19914436.0
2012-07-25,3.36,3.39,3.38,3.36,7310273.0,19660882.0
2012-07-24,3.38,3.39,3.36,3.35,17533566.0,47098492.0
2012-07-23,3.43,3.44,3.39,3.38,23980156.0,64934244.0
2012-07-20,3.46,3.48,3.44,3.43,17831700.0,48944140.0
2012-07-19,3.48,3.48,3.46,3.45,17009308.0,46928924.0
2012-07-18,3.46,3.49,3.48,3.44,14830316.0,40961096.0
2012-07-17,3.45,3.46,3.45,3.44,13696300.0,37717416.0
2012-07-16,3.48,3.48,3.45,3.44,18815942.0,51764944.0
2012-07-13,3.46,3.49,3.48,3.45,10830553.0,29908600.0
2012-07-12,3.49,3.5,3.46,3.45,20115036.0,55690596.0
2012-07-11,3.5,3.52,3.49,3.49,9043060.0,25213212.0
2012-07-10,3.53,3.53,3.5,3.5,11888752.0,33311020.0
2012-07-09,3.53,3.55,3.53,3.52,21249012.0,59884976.0
2012-07-06,3.54,3.54,3.53,3.52,14069823.0,39585364.0
2012-07-05,3.54,3.55,3.54,3.53,8837979.0,24921180.0
2012-07-04,3.53,3.55,3.54,3.53,10930317.0,30841990.0
2012-07-03,3.54,3.55,3.53,3.53,10733157.0,30239072.0
2012-07-02,3.54,3.55,3.53,3.52,14521856.0,40793068.0
2012-06-29,3.53,3.55,3.54,3.52,15697581.0,44298284.0
2012-06-28,3.54,3.55,3.53,3.52,15642166.0,44075780.0
2012-06-27,3.54,3.56,3.54,3.52,14175246.0,39886344.0
2012-06-26,3.54,3.56,3.55,3.5,15609027.0,43929276.0
2012-06-25,3.55,3.58,3.55,3.54,13845254.0,39285056.0
2012-06-21,3.58,3.58,3.56,3.55,9529988.0,27053110.0
2012-06-20,3.58,3.59,3.58,3.56,9958546.0,28417870.0
2012-06-19,3.58,3.59,3.58,3.56,10540719.0,29993824.0
2012-06-18,3.59,3.59,3.58,3.58,8637813.0,24660088.0
2012-06-15,3.56,3.59,3.58,3.55,13263684.0,37766424.0
2012-06-14,3.59,3.59,3.55,3.55,11420302.0,32453252.0
2012-06-13,3.59,3.6,3.59,3.55,22764092.0,64803572.0
2012-06-12,3.58,3.6,3.58,3.56,30811116.0,92601456.0
2012-06-11,3.57,3.6,3.6,3.56,31208416.0,93769104.0
2012-06-08,3.6,3.6,3.57,3.56,23486368.0,70422272.0
2012-06-07,3.61,3.62,3.58,3.57,16352189.0,49431864.0
2012-06-06,3.58,3.6,3.6,3.57,11473646.0,34561456.0
2012-06-05,3.57,3.6,3.58,3.57,14155190.0,42568496.0
2012-06-04,3.6,3.61,3.57,3.57,14306532.0,43030880.0
2012-06-01,3.61,3.63,3.61,3.6,18991890.0,57702684.0
2012-05-31,3.58,3.61,3.61,3.58,10063249.0,30377520.0
2012-05-29,3.58,3.62,3.61,3.57,14720513.0,44415824.0
2012-05-28,3.56,3.6,3.6,3.56,18951636.0,56935992.0
2012-05-25,3.57,3.58,3.57,3.56,11131343.0,33420494.0
2012-05-24,3.56,3.58,3.57,3.56,10696477.0,32082058.0
2012-05-23,3.57,3.58,3.56,3.56,14310720.0,42893840.0
2012-05-22,3.57,3.58,3.56,3.56,18690568.0,56070256.0
2012-05-21,3.56,3.58,3.57,3.55,8714988.0,26136468.0
2012-05-18,3.58,3.6,3.56,3.56,18702284.0,56142864.0
2012-05-17,3.57,3.61,3.58,3.56,12028445.0,36223744.0
2012-05-16,3.6,3.61,3.57,3.56,17474792.0,52474616.0
2012-05-15,3.61,3.63,3.6,3.58,14071104.0,42597812.0
2012-05-14,3.64,3.66,3.61,3.61,16899604.0,51564876.0
2012-05-11,3.64,3.67,3.64,3.63,10995689.0,33645072.0
2012-05-10,3.64,3.67,3.66,3.63,23997964.0,73535592.0
2012-05-09,3.64,3.66,3.63,3.62,27673536.0,84576616.0
2012-05-08,3.67,3.67,3.66,3.64,30495956.0,93674056.0
2012-05-07,3.64,3.67,3.67,3.63,33142172.0,101619056.0
2012-05-04,3.64,3.66,3.64,3.63,20967244.0,64257772.0
2012-05-03,3.64,3.66,3.64,3.63,10386311.0,31809032.0
2012-05-02,3.63,3.67,3.66,3.63,28041620.0,86080936.0
2012-04-27,3.63,3.64,3.63,3.62,17067708.0,52024648.0
2012-04-26,3.64,3.66,3.63,3.62,19811060.0,60383792.0
2012-04-25,3.64,3.66,3.63,3.63,18008800.0,54996896.0
2012-04-24,3.63,3.69,3.66,3.62,33108624.0,101674008.0
2012-04-23,3.63,3.66,3.64,3.62,18908204.0,57803488.0
2012-04-20,3.63,3.66,3.64,3.61,33736392.0,102780512.0
2012-04-19,3.66,3.68,3.63,3.62,31379492.0,95874776.0
2012-04-18,3.63,3.68,3.67,3.62,49932080.0,153367120.0
2012-04-17,3.61,3.63,3.63,3.6,19228854.0,58488552.0
2012-04-16,3.63,3.63,3.62,3.61,10778523.0,32754366.0
2012-04-13,3.63,3.66,3.64,3.62,20819716.0,63615448.0
2012-04-12,3.61,3.64,3.63,3.6,20687284.0,62909020.0
2012-04-11,3.57,3.62,3.61,3.57,26388824.0,79840416.0
2012-04-10,3.58,3.6,3.6,3.56,10812974.0,32512764.0
2012-04-09,3.58,3.6,3.58,3.56,18513368.0,55670600.0
2012-04-06,3.55,3.61,3.6,3.54,38746340.0,116313768.0
2012-04-05,3.52,3.58,3.57,3.52,46129832.0,137561600.0
2012-03-30,3.49,3.56,3.55,3.49,35279768.0,104458768.0
2012-03-29,3.49,3.5,3.48,3.46,22978980.0,67246352.0
2012-03-28,3.51,3.54,3.49,3.48,21733068.0,64031692.0
2012-03-27,3.51,3.52,3.51,3.5,13257562.0,39152640.0
2012-03-26,3.52,3.54,3.5,3.49,20741680.0,61141872.0
2012-03-23,3.54,3.55,3.51,3.5,31027884.0,91765976.0
2012-03-22,3.55,3.56,3.55,3.51,45746944.0,136055680.0
2012-03-21,3.56,3.57,3.55,3.54,41144712.0,123098720.0
2012-03-20,3.58,3.6,3.56,3.55,22771736.0,68230864.0
2012-03-19,3.58,3.6,3.58,3.56,26659240.0,80121464.0
2012-03-16,3.61,3.61,3.6,3.58,47286116.0,142734016.0
2012-03-15,3.62,3.63,3.61,3.6,41138676.0,124910568.0
2012-03-14,3.61,3.69,3.62,3.6,80649904.0,246866304.0
2012-03-13,3.58,3.62,3.61,3.57,30485712.0,92042544.0
2012-03-12,3.58,3.6,3.58,3.56,27138246.0,81455416.0
2012-03-09,3.6,3.61,3.58,3.57,17107226.0,51503768.0
2012-03-08,3.58,3.61,3.6,3.57,17025474.0,51333464.0
2012-03-07,3.6,3.61,3.58,3.57,29793504.0,89546720.0
2012-03-06,3.63,3.63,3.6,3.6,20458110.0,62067272.0
2012-03-05,3.66,3.67,3.62,3.61,32219580.0,98362408.0
2012-03-02,3.64,3.66,3.66,3.64,26906536.0,82447120.0
2012-03-01,3.64,3.67,3.64,3.64,10963550.0,33624700.0
2012-02-29,3.66,3.67,3.66,3.63,27301504.0,83764800.0
2012-02-28,3.64,3.68,3.66,3.63,40231820.0,123859864.0
2012-02-27,3.66,3.68,3.64,3.64,51610680.0,158550816.0
2012-02-24,3.64,3.66,3.66,3.62,24105112.0,73673576.0
2012-02-23,3.63,3.66,3.63,3.62,27055606.0,82621008.0
2012-02-22,3.66,3.66,3.64,3.61,25903130.0,79078944.0
2012-02-21,3.62,3.68,3.67,3.61,47318664.0,144615296.0
2012-02-20,3.63,3.64,3.61,3.61,18630732.0,56756740.0
2012-02-17,3.61,3.62,3.6,3.58,14027405.0,42404228.0
2012-02-16,3.61,3.62,3.58,3.58,47779816.0,144398480.0
2012-02-15,3.58,3.62,3.6,3.57,21783328.0,65836540.0
2012-02-14,3.6,3.61,3.6,3.57,11558416.0,34825712.0
2012-02-13,3.61,3.62,3.61,3.6,16893156.0,51181652.0
2012-02-10,3.62,3.64,3.62,3.6,31602960.0,95998400.0
2012-02-09,3.62,3.64,3.63,3.58,43690976.0,132934416.0
2012-02-08,3.57,3.63,3.62,3.56,22796344.0,68791312.0
2012-02-07,3.61,3.62,3.57,3.55,23155130.0,69481736.0
2012-02-06,3.64,3.66,3.61,3.6,27351398.0,83286136.0
2012-02-03,3.61,3.66,3.64,3.58,34327860.0,104613992.0
2012-02-02,3.55,3.62,3.62,3.55,40907912.0,123383936.0
2012-02-01,3.57,3.58,3.55,3.54,20910804.0,62494716.0
2012-01-31,3.57,3.6,3.57,3.56,12375985.0,37117968.0
2012-01-30,3.61,3.62,3.56,3.56,22337124.0,67153536.0
2012-01-20,3.58,3.61,3.61,3.57,27083108.0,81665480.0
2012-01-19,3.55,3.6,3.58,3.55,30584184.0,91804384.0
2012-01-18,3.57,3.58,3.55,3.55,20397334.0,60972464.0
2012-01-17,3.54,3.58,3.58,3.51,42051992.0,125344392.0
2012-01-16,3.52,3.55,3.54,3.52,16259869.0,48297008.0
2012-01-13,3.55,3.56,3.55,3.52,24263490.0,72181952.0
2012-01-12,3.55,3.57,3.55,3.54,17500960.0,52176252.0
2012-01-11,3.56,3.57,3.55,3.54,20816154.0,62071304.0
2012-01-10,3.52,3.57,3.56,3.51,55252140.0,164164976.0
2012-01-09,3.54,3.57,3.55,3.45,139181328.0,411522656.0
2012-01-05,3.46,3.54,3.52,3.45,38957032.0,114735216.0
2012-01-04,3.49,3.49,3.46,3.45,18328832.0,53406484.0
2011-12-30,3.46,3.5,3.48,3.44,29456892.0,85915280.0
2011-12-29,3.43,3.48,3.46,3.42,20045114.0,57917688.0
2011-12-28,3.43,3.44,3.44,3.41,14634071.0,42091680.0
2011-12-27,3.42,3.45,3.43,3.42,12284487.0,35449512.0
2011-12-26,3.44,3.45,3.43,3.42,12591005.0,36312472.0
2011-12-23,3.45,3.46,3.45,3.43,14678498.0,42449820.0
2011-12-22,3.45,3.48,3.44,3.43,24325948.0,70575776.0
2011-12-21,3.48,3.49,3.46,3.45,14475514.0,42198576.0
2011-12-20,3.46,3.48,3.46,3.44,14456902.0,41993296.0
2011-12-19,3.46,3.49,3.48,3.42,25155122.0,72841008.0
2011-12-16,3.41,3.5,3.49,3.39,32259100.0,93277568.0
2011-12-15,3.42,3.43,3.41,3.39,21822092.0,62496156.0
2011-12-14,3.43,3.44,3.42,3.41,13471096.0,38720184.0
2011-12-13,3.44,3.46,3.44,3.43,16061421.0,46591248.0
2011-12-12,3.46,3.48,3.45,3.43,11681182.0,33835752.0
2011-12-09,3.46,3.48,3.48,3.45,6174509.0,17976316.0
2011-12-08,3.46,3.49,3.48,3.44,9810773.0,28575578.0
2011-12-07,3.49,3.5,3.46,3.45,13461049.0,39236688.0
2011-12-06,3.51,3.52,3.49,3.48,9780005.0,28741592.0
2011-12-05,3.51,3.52,3.52,3.49,15365404.0,45283436.0
2011-12-02,3.49,3.51,3.51,3.48,17990222.0,52828360.0
2011-12-01,3.48,3.55,3.51,3.45,44930384.0,132352912.0
2011-11-30,3.49,3.49,3.43,3.41,20240864.0,58352572.0
2011-11-29,3.46,3.49,3.49,3.45,10475243.0,30578588.0
2011-11-28,3.44,3.46,3.45,3.43,11566399.0,33505910.0
2011-11-25,3.44,3.45,3.44,3.43,12979365.0,37517336.0
2011-11-24,3.45,3.46,3.45,3.43,14632284.0,42359544.0
2011-11-23,3.46,3.48,3.44,3.43,13388779.0,38793100.0
2011-11-22,3.46,3.48,3.46,3.45,11136253.0,32393986.0
2011-11-21,3.49,3.49,3.46,3.46,10908351.0,31828216.0
2011-11-18,3.51,3.52,3.49,3.48,12746714.0,37450992.0
2011-11-17,3.51,3.52,3.52,3.5,9542981.0,28189456.0
2011-11-16,3.57,3.58,3.51,3.5,22222976.0,65955472.0
2011-11-15,3.58,3.6,3.57,3.56,7813623.0,23456980.0
2011-11-14,3.56,3.6,3.6,3.56,16578288.0,49816532.0
2011-11-11,3.56,3.57,3.56,3.55,8874273.0,26524760.0
2011-11-10,3.57,3.58,3.56,3.55,14019451.0,41926104.0
2011-11-09,3.6,3.61,3.58,3.57,11254905.0,33921284.0
2011-11-08,3.61,3.62,3.58,3.58,10619313.0,32112012.0
2011-11-07,3.62,3.62,3.6,3.58,18522456.0,56049420.0
2011-11-04,3.61,3.62,3.62,3.6,18574862.0,56334440.0
2011-11-03,3.6,3.62,3.6,3.57,37644164.0,113977520.0
2011-11-02,3.55,3.6,3.6,3.55,23484844.0,70292656.0
2011-11-01,3.57,3.6,3.57,3.56,19235006.0,57782304.0
2011-10-31,3.58,3.6,3.57,3.56,23258216.0,69877976.0
2011-10-28,3.6,3.62,3.6,3.58,26005412.0,78697304.0
2011-10-27,3.6,3.6,3.58,3.57,19920120.0,59989208.0
2011-10-26,3.58,3.61,3.58,3.57,27021216.0,81565056.0
2011-10-25,3.56,3.6,3.58,3.55,25786808.0,77495600.0
2011-10-24,3.52,3.58,3.57,3.52,22744636.0,67973952.0
2011-10-21,3.51,3.54,3.52,3.5,10951811.0,32407994.0
2011-10-20,3.55,3.57,3.51,3.49,26154164.0,77285456.0
2011-10-19,3.57,3.6,3.56,3.56,15046637.0,45195000.0
2011-10-18,3.56,3.61,3.6,3.54,59281080.0,177704976.0
2011-10-17,3.56,3.6,3.58,3.54,36779916.0,110139472.0
2011-10-14,3.52,3.58,3.57,3.5,48270756.0,143632672.0
2011-10-13,3.51,3.56,3.56,3.48,66084720.0,194658448.0
2011-10-12,3.48,3.55,3.54,3.42,47647296.0,140458112.0
2011-10-11,3.49,3.56,3.49,3.44,52719832.0,155174144.0
2011-10-10,3.39,3.42,3.42,3.37,16908984.0,48180048.0
2011-09-30,3.41,3.42,3.39,3.38,14141315.0,40359520.0
2011-09-29,3.38,3.42,3.39,3.38,16978836.0,48459504.0
2011-09-28,3.44,3.44,3.41,3.39,13306153.0,38177740.0
2011-09-27,3.39,3.43,3.43,3.39,13847242.0,39664016.0
2011-09-26,3.44,3.46,3.39,3.37,21535060.0,61735796.0
2011-09-23,3.44,3.46,3.44,3.42,26369380.0,76214680.0
2011-09-22,3.48,3.5,3.44,3.44,22705600.0,66148216.0
2011-09-21,3.48,3.52,3.5,3.45,49343616.0,144342912.0
2011-09-20,3.46,3.49,3.46,3.45,7842526.0,22873100.0
2011-09-19,3.5,3.5,3.46,3.45,16154956.0,47098912.0
2011-09-16,3.5,3.51,3.51,3.49,12931187.0,38032868.0
2011-09-15,3.49,3.51,3.49,3.48,17296184.0,50751264.0
2011-09-14,3.51,3.51,3.49,3.46,16857290.0,49357336.0
2011-09-13,3.49,3.51,3.5,3.48,10757640.0,31553936.0
2011-09-09,3.51,3.54,3.51,3.49,13944300.0,41145864.0
2011-09-08,3.52,3.52,3.5,3.5,11342725.0,33453398.0
2011-09-07,3.49,3.52,3.51,3.48,19242778.0,56505508.0
2011-09-06,3.49,3.51,3.48,3.46,19207928.0,56298680.0
2011-09-05,3.52,3.54,3.49,3.49,17508620.0,51465808.0
2011-09-02,3.57,3.57,3.54,3.52,11146661.0,33200356.0
2011-09-01,3.57,3.58,3.57,3.55,12489738.0,37437592.0
2011-08-31,3.56,3.58,3.57,3.54,13438441.0,40207680.0
2011-08-30,3.56,3.6,3.56,3.55,24881712.0,74649144.0
2011-08-29,3.56,3.56,3.54,3.51,17858668.0,53050540.0
2011-08-26,3.57,3.58,3.57,3.56,20099546.0,60328088.0
2011-08-25,3.51,3.6,3.6,3.51,37342476.0,111880184.0
2011-08-24,3.52,3.55,3.51,3.5,10477455.0,30999194.0
2011-08-23,3.5,3.52,3.52,3.48,16300207.0,47954828.0
2011-08-22,3.5,3.51,3.49,3.46,13822811.0,40476300.0
2011-08-19,3.48,3.51,3.5,3.48,18363816.0,53887788.0
2011-08-18,3.56,3.56,3.52,3.51,15487604.0,46041988.0
2011-08-17,3.56,3.57,3.56,3.55,12621097.0,37733864.0
2011-08-16,3.58,3.58,3.56,3.55,18506970.0,55462200.0
2011-08-15,3.55,3.6,3.57,3.52,26698988.0,79866848.0
2011-08-12,3.54,3.56,3.55,3.51,22305970.0,66243464.0
2011-08-11,3.48,3.54,3.54,3.45,23442120.0,69059472.0
2011-08-10,3.55,3.57,3.51,3.5,29127846.0,86385984.0
2011-08-09,3.45,3.5,3.5,3.36,65397096.0,189142320.0
2011-08-08,3.55,3.57,3.49,3.45,38161924.0,112753296.0
2011-08-05,3.58,3.58,3.56,3.56,32187592.0,96495288.0
2011-08-04,3.61,3.62,3.61,3.6,10274489.0,31109104.0
2011-08-03,3.61,3.62,3.6,3.6,16812402.0,50882628.0
2011-08-02,3.62,3.63,3.61,3.6,20529756.0,62147236.0
2011-08-01,3.64,3.66,3.63,3.63,17751508.0,54238472.0
2011-07-29,3.62,3.69,3.67,3.6,35311676.0,108069000.0
2011-07-28,3.62,3.63,3.61,3.6,18880336.0,57216892.0
2011-07-27,3.63,3.66,3.63,3.62,28167700.0,85931120.0
2011-07-26,3.63,3.66,3.64,3.61,17273032.0,52668996.0
2011-07-25,3.67,3.68,3.63,3.62,31487520.0,96324224.0
2011-07-22,3.68,3.68,3.68,3.67,11169007.0,34458008.0
2011-07-21,3.68,3.69,3.67,3.66,13397235.0,41290680.0
2011-07-20,3.7,3.7,3.68,3.66,24200474.0,74766872.0
2011-07-19,3.7,3.7,3.69,3.68,22833264.0,70629640.0
2011-07-18,3.71,3.73,3.7,3.69,18933934.0,58974776.0
2011-07-15,3.73,3.73,3.71,3.7,15890964.0,49597064.0
2011-07-14,3.73,3.73,3.73,3.7,15717057.0,49049440.0
2011-07-13,3.68,3.73,3.73,3.68,17963104.0,55938668.0
2011-07-12,3.71,3.73,3.68,3.68,23483224.0,72864352.0
2011-07-11,3.73,3.74,3.73,3.69,23047116.0,72038496.0
2011-07-08,3.73,3.74,3.73,3.7,17183532.0,53698112.0
2011-07-07,3.71,3.75,3.7,3.7,32732748.0,102260984.0
2011-07-06,3.74,3.75,3.71,3.67,49656800.0,154426832.0
2011-07-05,3.77,3.8,3.76,3.71,46086064.0,145071952.0
2011-07-04,3.75,3.8,3.77,3.74,39393784.0,124826688.0
2011-07-01,3.76,3.77,3.74,3.73,30897666.0,97028192.0
2011-06-30,3.75,3.81,3.74,3.74,42240268.0,133668592.0
2011-06-29,3.8,3.8,3.75,3.71,37747404.0,118978896.0
2011-06-28,3.83,3.85,3.8,3.77,17446338.0,55668680.0
2011-06-27,3.87,3.87,3.83,3.81,22929696.0,73778128.0
2011-06-24,3.76,3.88,3.87,3.74,76526888.0,246990016.0
2011-06-23,3.68,3.79,3.77,3.63,67736576.0,211995424.0
2011-06-22,3.64,3.7,3.69,3.62,34271468.0,105115856.0
2011-06-21,3.63,3.66,3.63,3.62,18426254.0,56269720.0
2011-06-20,3.68,3.68,3.63,3.62,20622048.0,63276444.0
2011-06-17,3.69,3.7,3.68,3.67,14379845.0,44538072.0
2011-06-16,3.71,3.71,3.69,3.68,17863098.0,55391828.0
2011-06-15,3.74,3.75,3.71,3.71,12008193.0,37634932.0
2011-06-14,3.75,3.76,3.74,3.73,20631288.0,64904076.0
2011-06-13,3.75,3.76,3.74,3.7,20487736.0,64167664.0
2011-06-10,3.81,3.81,3.76,3.75,30404910.0,96131792.0
2011-06-09,3.79,3.81,3.8,3.78,48830504.0,162571888.0
2011-06-08,3.79,3.81,3.8,3.77,26236404.0,87397328.0
2011-06-07,3.77,3.8,3.79,3.76,19285336.0,64118496.0
2011-06-03,3.76,3.78,3.77,3.75,13322634.0,44071832.0
2011-06-02,3.77,3.8,3.75,3.72,29579306.0,97691304.0
2011-06-01,3.8,3.81,3.79,3.78,22121358.0,73728192.0
2011-05-31,3.8,3.82,3.8,3.78,23203172.0,77585408.0
2011-05-30,3.77,3.82,3.8,3.76,32900172.0,109451672.0
2011-05-26,3.75,3.77,3.76,3.75,17894680.0,59088160.0
2011-05-25,3.77,3.78,3.73,3.73,19000736.0,62649232.0
2011-05-24,3.79,3.8,3.77,3.76,23076632.0,76503520.0
2011-05-23,3.85,3.86,3.79,3.77,45032844.0,150535664.0
2011-05-20,3.85,3.87,3.85,3.84,19765864.0,66967552.0
2011-05-19,3.86,3.86,3.85,3.84,14282799.0,48290696.0
2011-05-18,3.82,3.86,3.86,3.82,16451437.0,55606496.0
2011-05-17,3.82,3.85,3.82,3.81,16480850.0,55407144.0
2011-05-16,3.84,3.86,3.82,3.81,34581348.0,116766168.0
2011-05-13,3.82,3.86,3.85,3.82,21070644.0,71124352.0
2011-05-12,3.85,3.86,3.82,3.82,19459520.0,65642372.0
2011-05-11,3.86,3.86,3.85,3.84,14962253.0,50550912.0
2011-05-10,3.85,3.87,3.85,3.84,15455211.0,52261036.0
2011-05-09,3.86,3.88,3.85,3.84,16813848.0,56923660.0
2011-05-06,3.87,3.89,3.86,3.86,22174966.0,75424528.0
2011-05-05,3.84,3.9,3.88,3.81,55589484.0,189219728.0
2011-05-04,3.86,3.88,3.84,3.84,52691456.0,178805776.0
2011-05-03,3.84,3.88,3.87,3.82,36355048.0,123017176.0
2011-04-29,3.86,3.86,3.84,3.79,44305288.0,148887968.0
2011-04-28,3.85,3.92,3.85,3.84,72250888.0,245965536.0
2011-04-27,3.82,3.86,3.84,3.81,36365868.0,122789768.0
2011-04-26,3.82,3.85,3.81,3.81,35612292.0,119854096.0
2011-04-25,3.85,3.87,3.82,3.82,42327648.0,142794640.0
2011-04-22,3.87,3.89,3.86,3.86,30054516.0,102201968.0
2011-04-21,3.88,3.9,3.87,3.86,43284560.0,147685968.0
2011-04-20,3.88,3.9,3.87,3.86,36284440.0,123733104.0
2011-04-19,3.92,3.93,3.87,3.87,51468084.0,176091664.0
2011-04-18,3.94,3.95,3.94,3.92,40453252.0,139902672.0
2011-04-15,3.9,3.95,3.94,3.9,47910960.0,165607152.0
2011-04-14,3.89,3.95,3.92,3.88,75254048.0,259825520.0
2011-04-13,3.86,3.9,3.9,3.85,49678224.0,169220928.0
2011-04-12,3.84,3.88,3.86,3.82,57823716.0,196212448.0
2011-04-11,3.87,3.9,3.85,3.85,60703216.0,206602144.0
2011-04-08,3.88,3.88,3.87,3.85,41694796.0,141707072.0
2011-04-07,3.87,3.89,3.88,3.86,54639924.0,186033568.0
2011-04-06,3.82,3.89,3.88,3.82,92449432.0,314756224.0
2011-04-01,3.8,3.84,3.84,3.78,46984984.0,157543072.0
2011-03-31,3.81,3.82,3.79,3.78,36282828.0,121109784.0
2011-03-30,3.81,3.85,3.82,3.77,79417688.0,265255216.0
2011-03-29,3.81,3.85,3.8,3.79,89771320.0,301140128.0
2011-03-28,3.82,3.85,3.81,3.8,61019068.0,205299072.0
2011-03-25,3.77,3.82,3.81,3.76,79356136.0,264669952.0
2011-03-24,3.73,3.76,3.75,3.72,29392788.0,96672360.0
2011-03-23,3.71,3.75,3.73,3.7,27762108.0,90906688.0
2011-03-22,3.7,3.72,3.71,3.68,32754516.0,106576400.0
2011-03-21,3.7,3.71,3.69,3.67,34168096.0,110569552.0
2011-03-18,3.71,3.72,3.68,3.67,36268648.0,117827200.0
2011-03-17,3.71,3.72,3.69,3.69,22081076.0,71854384.0
2011-03-16,3.71,3.73,3.72,3.7,25029564.0,81653792.0
2011-03-15,3.72,3.72,3.71,3.67,42589972.0,138057792.0
2011-03-14,3.76,3.78,3.72,3.71,57714856.0,189140208.0
2011-03-11,3.79,3.81,3.77,3.76,36799480.0,122295808.0
2011-03-10,3.87,3.87,3.8,3.78,67066320.0,225395888.0
2011-03-09,3.81,3.9,3.88,3.8,121509880.0,412778848.0
2011-03-08,3.79,3.81,3.8,3.78,58213568.0,194310672.0
2011-03-07,3.78,3.8,3.79,3.77,64220728.0,213887616.0
2011-03-04,3.76,3.78,3.77,3.73,43662384.0,144133408.0
2011-03-03,3.72,3.79,3.76,3.72,77027320.0,254569680.0
2011-03-02,3.69,3.75,3.72,3.68,47568376.0,155560976.0
2011-03-01,3.69,3.71,3.7,3.69,27845164.0,90542840.0
2011-02-28,3.69,3.7,3.69,3.67,20177960.0,65321600.0
2011-02-25,3.68,3.71,3.69,3.67,25989732.0,84135512.0
2011-02-24,3.68,3.69,3.68,3.65,20965548.0,67505080.0
2011-02-23,3.68,3.69,3.68,3.67,23901378.0,77125304.0
2011-02-22,3.72,3.73,3.69,3.67,34837032.0,112999376.0
2011-02-21,3.71,3.73,3.72,3.7,23488224.0,76748696.0
2011-02-18,3.75,3.75,3.73,3.71,23372052.0,76484312.0
2011-02-17,3.75,3.76,3.75,3.73,28587728.0,93957640.0
2011-02-16,3.73,3.75,3.75,3.71,22487524.0,73647080.0
2011-02-15,3.75,3.76,3.73,3.72,50073396.0,164630224.0
2011-02-14,3.69,3.76,3.75,3.68,70413976.0,230398880.0
2011-02-11,3.69,3.69,3.69,3.65,37918216.0,122240368.0
2011-02-10,3.67,3.69,3.69,3.65,17591840.0,56747272.0
2011-02-09,3.67,3.69,3.67,3.65,19898988.0,64210976.0
2011-02-01,3.69,3.7,3.69,3.67,23445344.0,75893488.0
2011-01-31,3.68,3.7,3.69,3.64,38314880.0,123623312.0
2011-01-27,3.68,3.7,3.7,3.64,28224102.0,91157192.0
2011-01-26,3.68,3.69,3.69,3.65,19373776.0,62559520.0
2011-01-25,3.64,3.7,3.68,3.63,39576392.0,127663624.0
2011-01-24,3.64,3.67,3.64,3.63,30661784.0,98161824.0
2011-01-21,3.61,3.69,3.65,3.58,43576924.0,139518368.0
2011-01-20,3.64,3.64,3.61,3.58,35036320.0,111177240.0
2011-01-19,3.65,3.65,3.65,3.6,42042304.0,134056664.0
2011-01-18,3.63,3.65,3.65,3.62,23492116.0,75070408.0
2011-01-17,3.68,3.7,3.64,3.62,40128884.0,128927624.0
2011-01-14,3.73,3.73,3.7,3.69,25881082.0,84488824.0
2011-01-13,3.72,3.75,3.73,3.71,31535820.0,103210616.0
2011-01-12,3.71,3.72,3.72,3.69,24676192.0,80324240.0
2011-01-11,3.67,3.71,3.7,3.67,23028802.0,74667072.0
2011-01-10,3.7,3.72,3.68,3.67,35035048.0,113706624.0
2011-01-07,3.67,3.77,3.72,3.65,75734352.0,247426752.0
2011-01-06,3.68,3.69,3.67,3.64,23822220.0,76673904.0
2011-01-05,3.7,3.7,3.68,3.67,33595052.0,108522096.0
2011-01-04,3.7,3.72,3.71,3.65,46978272.0,152217632.0
