date,open,high,close,low,volume,amount
2015-12-31,3570.467,3580.602,3539.182,3538.353,17696365900,254031073828
2015-12-30,3566.731,3573.684,3572.876,3538.112,18788960900,267787665269
2015-12-29,3528.395,3564.171,3563.736,3515.52,18255192300,250938907269
2015-12-28,3635.769,3641.588,3533.779,3533.779,26998327800,369042819409
2015-12-25,3614.054,3635.256,3627.914,3601.738,19845111100,274660042605
2015-12-24,3631.313,3640.221,3612.485,3572.277,22778523200,315421261824
2015-12-23,3653.282,3684.567,3636.089,3633.025,29820179200,419902914560
2015-12-22,3645.99,3652.635,3651.767,3616.87,26117876300,360846042356
2015-12-21,3568.581,3651.056,3642.472,3565.751,29984928000,398316961792
2015-12-18,3574.94,3614.698,3578.964,3568.161,27370790400,365385809920
2015-12-17,3533.628,3583.408,3579.999,3533.628,28385648000,381439606784
2015-12-16,3522.091,3538.689,3516.187,3506.291,19348230400,265288646656
2015-12-15,3518.126,3529.961,3510.354,3496.854,20047134400,276274937856
2015-12-14,3403.507,3521.779,3520.668,3399.28,21537462400,279213539328
2015-12-11,3441.597,3455.548,3434.581,3410.924,18290888000,245076426752
2015-12-10,3469.806,3503.654,3455.495,3446.273,20042752000,279499702272
2015-12-09,3462.583,3495.702,3472.439,3454.879,19569884500,267854865116
2015-12-08,3518.648,3518.648,3470.07,3466.79,22436731200,297821732864
2015-12-07,3529.806,3543.945,3536.927,3506.625,20830257600,280561582080
2015-12-04,3558.149,3568.97,3524.992,3510.412,25173641600,319766822912
2015-12-03,3525.727,3591.73,3584.824,3517.23,28111126400,338859098112
2015-12-02,3450.278,3538.847,3536.905,3427.661,30149148800,369183031296
2015-12-01,3442.441,3483.414,3456.309,3417.545,25239075200,330256744448
2015-11-30,3433.855,3470.371,3445.405,3327.812,30419788800,387503652864
2015-11-27,3616.544,3621.897,3436.303,3412.427,35428752000,464311255040
2015-11-26,3659.574,3668.376,3635.552,3629.865,30676156800,426247421952
2015-11-25,3614.068,3648.367,3647.93,3607.518,27302486400,380802924544
2015-11-24,3602.887,3616.484,3616.113,3563.104,24881052800,327758512128
2015-11-23,3630.867,3654.754,3610.315,3598.871,31599747200,414148231168
2015-11-20,3620.791,3640.529,3630.5,3607.915,31080198400,413910892544
2015-11-19,3573.776,3618.213,3617.062,3561.044,24791558400,328442609664
2015-11-18,3605.061,3617.069,3568.468,3558.697,29758073600,392338767872
2015-11-17,3629.977,3678.273,3604.795,3598.068,38357545600,521520349184
2015-11-16,3522.461,3607.612,3606.957,3519.421,27618707200,369421844480
2015-11-13,3600.764,3632.556,3580.839,3564.809,34587094400,468668645376
2015-11-12,3656.817,3659.315,3632.902,3603.228,36171760000,482832613376
2015-11-11,3635.004,3654.877,3650.249,3605.621,36097264000,467822215168
2015-11-10,3617.396,3669.533,3640.485,3607.891,42974656000,560055123968
2015-11-09,3588.498,3673.76,3646.881,3588.498,50301667200,636184035328
2015-11-06,3514.436,3596.382,3590.032,3508.827,42916704000,543282200576
2015-11-05,3459.215,3585.657,3522.819,3455.525,55325497600,678674628608
2015-11-04,3325.619,3459.646,3459.64,3325.619,33907872000,426104389632
2015-11-03,3330.316,3346.275,3316.695,3302.184,19289742400,244360560640
2015-11-02,3337.578,3391.064,3325.085,3322.312,23095113600,286019321856
2015-10-30,3380.284,3417.201,3382.561,3346.591,24359512000,307266781184
2015-10-29,3387.774,3411.714,3387.315,3362.509,23567603200,294508429312
2015-10-28,3417.011,3439.758,3375.196,3367.231,29352329600,361656188928
2015-10-27,3409.137,3441.565,3434.336,3332.616,32817276800,408887230464
2015-10-26,3448.649,3457.517,3429.581,3402.0,36556086400,453942509568
2015-10-23,3377.548,3422.022,3412.434,3360.218,34737286400,425263071232
2015-10-22,3292.291,3373.776,3368.739,3282.993,32373932800,375452008448
2015-10-21,3428.561,3447.258,3320.676,3265.436,45845542400,518509232128
2015-10-20,3377.547,3425.516,3425.33,3357.861,31897376000,383582502912
2015-10-19,3401.627,3423.402,3386.7,3355.566,37811219200,453303631872
2015-10-16,3358.297,3393.018,3391.352,3334.854,39546057600,459447828480
2015-10-15,3255.032,3338.297,3338.073,3254.392,31628384000,362565566464
2015-10-14,3280.02,3307.315,3262.441,3256.253,29507772800,330277519360
2015-10-13,3262.156,3298.626,3293.23,3253.249,29715312000,334806089728
2015-10-12,3193.54,3318.714,3287.662,3188.407,38629472000,435541016576
2015-10-09,3146.644,3192.717,3183.152,3137.788,23485144000,256379109376
2015-10-08,3156.075,3172.281,3143.357,3133.127,23427604800,258830336000
2015-09-30,3052.841,3073.3,3052.781,3039.742,14664244800,156569190400
2015-09-29,3055.218,3068.298,3038.137,3021.157,16322267200,169686597632
2015-09-28,3085.567,3103.069,3100.756,3042.31,15672753600,166422396928
2015-09-25,3130.851,3149.948,3092.347,3062.995,23626387200,248971116544
2015-09-24,3126.491,3151.165,3142.687,3109.691,21288772800,231369048064
2015-09-23,3137.723,3164.041,3115.888,3104.744,23632267200,257560035328
2015-09-22,3161.318,3213.476,3185.619,3152.481,27478614400,305071325184
2015-09-21,3072.094,3159.883,3156.54,3060.856,23989736000,259796680704
2015-09-18,3100.28,3122.048,3097.917,3070.336,20917539200,218442432512
2015-09-17,3131.982,3204.702,3086.061,3085.314,31760288000,337393287168
2015-09-16,2998.036,3182.934,3152.263,2983.535,27752451200,281992265728
2015-09-15,3043.805,3081.703,3005.172,2983.92,24919444800,243904593920
2015-09-14,3221.165,3229.482,3114.798,3049.23,34663116800,373576794112
2015-09-11,3189.479,3223.762,3200.234,3163.449,22455782400,252769468416
2015-09-10,3190.553,3243.281,3197.893,3178.904,27326176000,299581079552
2015-09-09,3182.552,3256.743,3243.089,3165.696,37532796800,412991422464
2015-09-08,3054.444,3174.709,3170.452,3011.117,25541547200,263910375424
2015-09-07,3149.38,3217.579,3080.42,3066.304,29646812800,302689714176
2015-09-02,3027.678,3194.485,3160.167,3019.087,43817014400,423262355456
2015-09-01,3157.832,3180.331,3166.624,3053.738,43243248000,420411637760
2015-08-31,3203.559,3207.862,3205.986,3109.163,39743139200,431068610560
2015-08-28,3125.264,3235.839,3232.35,3102.945,44313692800,474631012352
2015-08-27,2978.03,3085.422,3083.591,2906.49,40030838400,404289290240
2015-08-26,2980.794,3092.041,2927.288,2850.714,46669964800,461788971008
2015-08-25,3004.126,3123.034,2964.967,2947.944,35232512000,358735773696
2015-08-24,3373.478,3388.364,3209.905,3191.879,33467180800,358818873344
2015-08-21,3609.959,3652.837,3507.744,3490.54,36992048000,450616492032
2015-08-20,3754.567,3788.005,3664.291,3663.607,39006307200,501194981376
2015-08-19,3646.803,3811.427,3794.109,3558.383,47539622400,599513300992
2015-08-18,3999.134,4006.337,3748.164,3743.394,54377081600,722467225600
2015-08-17,3947.844,3994.537,3993.668,3907.399,46043206400,626327683072
2015-08-14,3976.405,4000.684,3965.335,3939.835,46798822400,647466450944
2015-08-13,3869.911,3955.789,3954.556,3838.159,43007331200,578685501440
2015-08-12,3881.228,3937.772,3886.32,3871.136,44268828800,597050261504
2015-08-11,3928.808,3970.337,3927.908,3891.179,53892345600,712289943552
2015-08-10,3786.033,3943.624,3928.415,3775.854,49730432000,652622036992
2015-08-07,3692.614,3756.74,3744.205,3686.3,34075718400,445485023232
2015-08-06,3625.504,3710.57,3661.539,3614.742,27407465600,357515132928
2015-08-05,3745.646,3782.352,3694.573,3676.39,36642297600,483850289152
2015-08-04,3621.855,3757.029,3756.545,3601.289,36290166400,464036233216
2015-08-03,3614.99,3648.943,3622.905,3549.496,36396873600,445991583744
2015-07-31,3655.667,3729.512,3663.726,3620.165,35095574400,460472254464
2015-07-30,3773.788,3844.374,3705.766,3685.956,45794323200,615977910272
2015-07-29,3689.825,3792.072,3789.168,3612.064,43435209600,557491945472
2015-07-28,3573.143,3762.526,3663.002,3537.358,56333004800,685057507328
2015-07-27,3985.57,4051.159,3725.558,3720.444,55600326400,721298063360
2015-07-24,4124.755,4184.449,4070.908,4044.831,62742483200,843022073856
2015-07-23,4022.268,4132.612,4123.923,4019.038,56358598400,743531872256
2015-07-22,3996.427,4042.338,4026.045,3960.864,52073222400,678831915008
2015-07-21,3939.898,4041.819,4017.675,3912.801,50428803200,646416826368
2015-07-20,3948.421,4021.326,3992.11,3927.121,53910668800,688255598592
2015-07-17,3831.421,3994.477,3957.352,3814.147,48172627200,593066983424
2015-07-16,3758.505,3877.514,3823.176,3688.442,49225619200,569858916352
2015-07-15,3874.968,3914.273,3805.703,3741.25,60130131200,700536520704
2015-07-14,3958.373,4035.435,3924.487,3855.56,67055878400,830074650624
2015-07-13,3918.99,4030.195,3970.388,3858.637,64348902400,782430568448
2015-07-10,3707.458,3959.22,3877.803,3677.435,58636422400,680434139136
2015-07-09,3432.454,3748.479,3709.33,3373.54,65691462400,673310965760
2015-07-08,3467.399,3599.253,3507.192,3421.525,68035692800,700248358912
2015-07-07,3654.778,3750.57,3727.125,3585.399,69881868800,776072527872
2015-07-06,3975.214,3975.214,3775.912,3653.037,83113926400,943420407808
2015-07-03,3793.712,3927.128,3686.915,3629.556,54816313600,648054112256
2015-07-02,4058.624,4080.387,3912.767,3795.253,58601561600,736006832128
2015-07-01,4214.15,4317.053,4053.7,4043.367,59876940800,838070894592
2015-06-30,4006.754,4279.969,4277.222,3847.88,70917664000,941524647936
2015-06-29,4289.771,4297.475,4053.03,3875.05,67378636800,904271364096
2015-06-26,4399.933,4456.896,4192.873,4139.53,56521785600,787835715584
2015-06-25,4711.763,4720.701,4527.779,4483.548,57279750400,865379745792
2015-06-24,4604.579,4691.768,4690.15,4552.129,54300371200,815062712320
2015-06-23,4471.613,4577.939,4576.492,4264.772,47352614400,693617164288
2015-06-19,4689.929,4744.081,4478.364,4476.501,45268963200,685458194432
2015-06-18,4942.52,4966.767,4785.356,4780.873,50744089600,785845059584
2015-06-17,4890.551,4983.658,4967.898,4767.216,53710118400,830266736640
2015-06-16,5004.412,5029.684,4887.432,4842.1,55080140800,895420530688
2015-06-15,5174.418,5176.795,5062.993,5048.742,63780396800,1064991965089
2015-06-12,5143.343,5178.191,5166.35,5103.401,62562784000,1060167436260
2015-06-11,5101.44,5122.457,5121.593,5050.765,56399052800,974670594048
2015-06-10,5049.197,5164.162,5106.036,5001.489,59696902400,1006428194258
2015-06-09,5145.978,5147.454,5113.534,5042.963,72989382400,1150808588640
2015-06-08,5045.694,5146.949,5131.881,4997.481,85503507200,1309924508026
2015-06-05,5016.088,5051.626,5023.096,4898.068,77224083200,1232300667130
2015-06-04,4912.945,4947.965,4947.102,4647.407,67495238400,1052270232997
2015-06-03,4924.381,4942.065,4909.978,4822.442,61145382400,1010179934631
2015-06-02,4844.704,4911.574,4910.527,4797.552,62374809600,998745767936
2015-06-01,4633.098,4829.502,4828.738,4615.231,59338905600,934455476224
2015-05-29,4603.465,4698.193,4611.744,4431.563,61126240000,955365588992
2015-05-28,4943.742,4986.503,4620.266,4614.241,78296460800,999999995904
2015-05-27,4932.846,4958.156,4941.714,4857.056,68116537600,999999995904
2015-05-26,4854.85,4911.685,4910.897,4779.075,70489280000,999999995904
2015-05-25,4660.075,4814.672,4813.798,4656.825,68246137600,999999995904
2015-05-22,4584.984,4658.273,4657.596,4562.989,65559129600,999999995904
2015-05-21,4456.435,4530.478,4529.422,4438.258,46499651200,729080594432
2015-05-20,4434.979,4520.538,4446.288,4432.279,51410620800,806080544768
2015-05-19,4285.777,4418.403,4417.552,4285.777,43673523200,693812592640
2015-05-18,4277.895,4324.826,4283.491,4260.509,38005744000,594559500288
2015-05-15,4366.822,4366.822,4308.691,4278.553,43970620800,665965625344
2015-05-14,4372.816,4397.745,4378.311,4329.042,44907792000,669882253312
2015-05-13,4402.378,4415.629,4375.76,4342.481,51049046400,780754944000
2015-05-12,4342.37,4402.309,4401.219,4317.975,52186640000,793463750656
2015-05-11,4231.271,4334.877,4333.584,4187.82,48875052800,715246600192
2015-05-08,4152.984,4206.86,4205.917,4099.042,39742809600,559648669696
2015-05-07,4197.896,4213.764,4112.214,4108.009,39456665600,540206301184
2015-05-06,4311.641,4376.353,4229.266,4187.368,48173299200,716536217600
2015-05-05,4479.848,4488.865,4298.706,4282.237,57285862400,805566087168
2015-05-04,4441.343,4487.57,4480.464,4387.426,49417340800,717540818944
2015-04-30,4483.013,4507.344,4441.655,4441.054,52672796800,774349193216
2015-04-29,4446.119,4499.945,4476.62,4398.639,51983420800,752401776640
2015-04-28,4527.635,4572.391,4476.215,4432.904,76767641600,999999995904
2015-04-27,4441.929,4529.735,4527.396,4441.929,67108851200,975242067968
2015-04-24,4355.951,4416.376,4393.686,4318.119,62855500800,916872953856
2015-04-23,4414.485,4444.41,4414.508,4358.844,66734464000,963024912384
2015-04-22,4304.597,4400.193,4398.494,4297.951,68030508800,976876929024
2015-04-21,4212.185,4294.375,4293.623,4188.569,63447065600,862447796224
2015-04-20,4301.352,4356.001,4217.077,4190.681,85713280000,999999995904
2015-04-17,4254.723,4317.223,4287.296,4238.91,70170617600,915633012736
2015-04-16,4055.916,4195.305,4194.823,4031.244,55124294400,712082456576
2015-04-15,4135.648,4175.494,4084.163,4069.007,61300582400,773125898240
2015-04-14,4125.782,4168.346,4135.565,4091.257,61068352000,814645182464
2015-04-13,4072.723,4128.072,4121.715,4057.293,58981420800,781667336192
2015-04-10,3947.492,4040.348,4034.31,3929.319,48428361600,668504162304
2015-04-09,4006.13,4016.396,3957.534,3900.027,58517683200,816710877184
2015-04-08,3976.532,4000.22,3994.811,3903.648,61808544000,839159316480
2015-04-07,3899.42,3961.666,3961.378,3891.728,57044755200,746423975936
2015-04-03,3803.383,3864.405,3863.929,3792.211,47303331200,635651358720
2015-04-02,3827.689,3835.451,3825.784,3775.894,47929968000,632028921856
2015-04-01,3748.34,3817.082,3810.294,3742.213,44745830400,592418308096
2015-03-31,3822.987,3835.567,3747.899,3737.043,56167603200,721294917632
2015-03-30,3710.612,3795.935,3786.568,3710.612,56470233600,692125368320
2015-03-27,3686.134,3710.477,3691.096,3656.831,40894515200,509298475008
2015-03-26,3641.942,3707.318,3682.095,3615.011,48864720000,619515609088
2015-03-25,3680.953,3693.151,3660.727,3634.559,52188633600,645498929152
2015-03-24,3692.569,3715.873,3691.41,3600.698,63955468800,754884739072
2015-03-23,3640.104,3688.249,3687.728,3635.485,53606284800,661574647808
2015-03-20,3587.084,3632.338,3617.318,3569.38,51666166400,651771969536
2015-03-19,3576.019,3600.684,3582.271,3546.844,53734662400,612249698304
2015-03-18,3510.501,3577.662,3577.301,3503.853,54521715200,617367011328
2015-03-17,3469.603,3504.123,3502.847,3459.694,52093952000,601500680192
2015-03-16,3391.158,3449.305,3449.305,3377.087,39913241600,479355305984
2015-03-13,3359.488,3391.255,3372.911,3352.15,32841014400,374041411584
2015-03-12,3314.813,3360.054,3349.323,3300.488,35729510400,407192403968
2015-03-11,3289.594,3325.054,3290.9,3278.471,28298553600,327573078016
2015-03-10,3289.085,3309.915,3286.068,3277.095,28581756800,329955966976
2015-03-09,3224.314,3307.702,3302.408,3198.37,32149542400,359927513088
2015-03-06,3248.036,3266.933,3241.187,3234.533,28291577600,328344141824
2015-03-05,3264.085,3266.638,3248.476,3221.666,32066358400,373580005376
2015-03-04,3264.182,3286.588,3279.533,3250.484,29363952000,346789773312
2015-03-03,3317.695,3317.695,3263.052,3260.429,38204460800,441593495552
2015-03-02,3332.721,3336.76,3336.285,3298.669,34644566400,410259554304
2015-02-27,3296.831,3324.546,3310.303,3291.007,29916371200,335019573248
2015-02-26,3222.151,3300.616,3298.359,3202.188,30126387200,334347468800
2015-02-25,3256.479,3257.223,3228.843,3215.552,23334809600,265143353344
2015-02-17,3230.884,3255.725,3246.906,3230.772,22833262400,263340048384
2015-02-16,3206.137,3228.846,3222.363,3195.884,22379742400,265950691328
2015-02-13,3186.808,3237.159,3203.827,3182.794,26129043200,293017681920
2015-02-12,3157.959,3181.766,3173.416,3134.244,19459230400,229691572224
2015-02-11,3145.765,3166.421,3157.704,3139.052,17284009600,210862555136
2015-02-10,3090.49,3142.099,3141.593,3084.253,19381713600,225084915712
2015-02-09,3063.51,3119.034,3095.124,3049.111,20610838400,240719675392
2015-02-06,3120.09,3129.539,3075.907,3052.939,24674966400,266502782976
2015-02-05,3251.212,3251.212,3136.531,3135.819,30613929600,348266954752
2015-02-04,3212.822,3238.982,3174.126,3171.144,24909808000,290155167744
2015-02-03,3156.086,3207.935,3204.907,3129.732,24819216000,283355938816
2015-02-02,3148.136,3175.134,3128.3,3122.572,25086163200,266849959936
2015-01-30,3273.747,3288.503,3210.363,3210.308,25831254400,284265644032
2015-01-29,3258.997,3286.786,3262.305,3234.241,27465862400,296424505344
2015-01-28,3325.722,3354.802,3305.738,3294.655,30192710400,341564293120
2015-01-27,3389.853,3390.216,3352.96,3290.219,37451753600,418298855424
2015-01-26,3347.257,3384.798,3383.182,3321.315,31754099200,358427459584
2015-01-23,3357.096,3406.786,3351.764,3328.293,36624924800,420979539968
2015-01-22,3327.319,3352.384,3343.344,3293.978,35338297600,407874076672
2015-01-21,3189.085,3337.004,3323.611,3178.343,41095603200,473758662656
2015-01-20,3114.56,3190.245,3173.052,3100.477,35708080000,416295223296
2015-01-19,3189.727,3262.207,3116.351,3095.066,40109878400,409885999104
2015-01-16,3343.603,3400.318,3376.495,3340.49,33987676800,392253898752
2015-01-15,3224.07,3337.084,3336.455,3207.545,28254624000,330610540544
2015-01-14,3242.337,3268.483,3222.437,3193.978,24019075200,267204526080
2015-01-13,3223.542,3259.386,3235.301,3214.412,23072576000,273588781056
2015-01-12,3258.213,3275.185,3229.316,3191.582,32206467200,366273069056
2015-01-09,3276.965,3404.834,3285.412,3267.509,41024086400,458648027136
2015-01-08,3371.957,3381.566,3293.456,3285.095,37113116800,399230304256
2015-01-07,3326.649,3374.896,3373.954,3312.211,39191888000,436416708608
2015-01-06,3330.799,3394.224,3351.446,3303.184,50166169600,532398473216
2015-01-05,3258.627,3369.281,3350.519,3253.883,53135238400,549760073728
2014-12-31,3172.597,3239.357,3234.677,3157.259,40599852800,432319856640
2014-12-30,3160.801,3190.299,3165.815,3130.353,39772531200,437263269888
2014-12-29,3212.559,3223.86,3168.016,3126.944,51011142400,555904335872
2014-12-26,3078.005,3164.155,3157.603,3064.176,46070092800,488915107840
2014-12-25,2992.462,3073.345,3072.536,2969.874,37694777600,379017691136
2014-12-24,3039.206,3050.507,2972.532,2934.911,37680524800,378726744064
2014-12-23,3085.08,3136.838,3032.612,3025.667,43776240000,419467689984
2014-12-22,3129.267,3189.867,3127.445,3090.509,67937190400,624481468416
2014-12-19,3053.075,3117.527,3108.596,3018.421,52107350400,515580297216
2014-12-18,3062.801,3089.791,3057.521,3030.319,43590496000,466524536832
2014-12-17,3031.952,3076.599,3061.02,2993.333,54250316800,580338581504
2014-12-16,2953.811,3021.897,3021.518,2943.912,45384272000,492716195840
2014-12-15,2921.446,2960.227,2953.421,2890.904,40037168000,411487141888
2014-12-12,2929.36,2962.51,2938.173,2914.956,40948080000,420410261504
2014-12-11,2912.346,2965.675,2925.743,2892.611,48263273600,479801442304
2014-12-10,2855.94,2946.707,2940.006,2807.678,51288691200,534989963264
2014-12-09,2992.49,3091.324,2856.269,2834.592,77199840000,793361252352
2014-12-08,2907.815,3041.657,3020.258,2879.847,58757088000,593478025216
2014-12-05,2926.573,2978.029,2937.647,2813.052,64050028800,639191023616
2014-12-04,2783.469,2900.508,2899.456,2772.432,53268771200,509218586624
2014-12-03,2768.678,2824.179,2779.525,2733.868,56212025600,529777459200
2014-12-02,2667.82,2777.372,2763.545,2665.686,43773337600,397238927360
2014-12-01,2691.725,2720.743,2680.155,2668.841,44679174400,401120198656
2014-11-28,2629.626,2683.18,2682.835,2622.061,46588003200,401951162368
2014-11-27,2615.367,2631.399,2630.486,2599.108,36407571200,338960842752
2014-11-26,2572.649,2605.07,2604.345,2570.404,33712726400,316521250816
2014-11-25,2531.998,2568.381,2567.597,2527.077,31431558400,282168786944
2014-11-24,2505.532,2546.746,2532.879,2495.521,36348582400,330291412992
2014-11-21,2452.635,2488.201,2486.791,2446.646,21223977600,197809799168
2014-11-20,2443.276,2458.319,2452.66,2437.476,16549521600,150799908864
2014-11-19,2452.15,2461.491,2450.986,2442.71,18623577600,167069368320
2014-11-18,2474.182,2477.052,2456.366,2449.813,20106257600,174659485696
2014-11-17,2506.864,2508.767,2474.009,2472.446,21568780800,199264911360
2014-11-14,2477.966,2481.025,2478.824,2457.045,22060761600,191924994048
2014-11-13,2494.998,2507.743,2485.606,2471.407,29503705600,258311913472
2014-11-12,2454.602,2494.917,2494.476,2444.814,25293385600,215738613760
2014-11-11,2483.648,2508.623,2469.673,2445.96,41190406400,331257380864
2014-11-10,2436.628,2474.156,2473.673,2428.185,30062819200,245233680384
2014-11-07,2427.898,2454.423,2418.171,2407.442,29117225600,244157562880
2014-11-06,2419.617,2426.89,2425.864,2401.75,22200508800,179644366848
2014-11-05,2432.169,2434.363,2419.254,2415.502,26360665600,201859416064
2014-11-04,2428.271,2435.223,2430.677,2417.221,30901302400,226503884800
2014-11-03,2425.225,2436.785,2430.032,2418.167,29882124800,227196583936
2014-10-31,2393.178,2423.596,2420.178,2384.483,32576352000,249915441152
2014-10-30,2371.891,2397.256,2391.076,2365.919,29464595200,226611183616
2014-10-29,2343.72,2381.643,2373.03,2339.712,26558868800,225067073536
2014-10-28,2294.012,2338.278,2337.871,2294.012,17859035200,158147952640
2014-10-27,2293.573,2293.644,2290.437,2279.836,13026156800,113379983360
2014-10-24,2303.08,2314.875,2302.28,2296.657,13222528000,114330697728
2014-10-23,2322.316,2329.927,2302.418,2297.33,16263630400,140596510720
2014-10-22,2339.223,2352.124,2326.553,2324.59,15269843200,138524540928
2014-10-21,2355.033,2361.653,2339.657,2337.551,16882828800,146786320384
2014-10-20,2346.052,2357.509,2356.728,2340.459,16002230400,141820264448
2014-10-17,2352.784,2360.597,2341.184,2312.826,21230096000,179433160704
2014-10-16,2361.13,2389.675,2356.499,2353.406,24820116800,203805884416
2014-10-15,2358.233,2374.808,2373.67,2344.373,20280491200,171766743040
2014-10-14,2362.802,2380.515,2359.475,2349.194,19683142400,170160078848
2014-10-13,2366.426,2366.862,2366.009,2341.124,20089931200,175425077248
2014-10-10,2380.755,2386.277,2374.54,2365.075,22467112000,192248233984
2014-10-09,2383.859,2391.348,2389.371,2367.111,23592001600,200271757312
2014-10-08,2368.576,2382.794,2382.794,2354.29,20439732800,180337573888
2014-09-30,2361.318,2365.491,2363.87,2354.268,19391868800,166933430272
2014-09-29,2353.708,2363.059,2357.711,2346.579,20011102400,171130880000
2014-09-26,2339.288,2350.109,2347.718,2329.955,17474828800,148220805120
2014-09-25,2352.865,2365.154,2345.103,2336.805,22568832000,189260382208
2014-09-24,2302.231,2345.747,2343.575,2297.876,22252572800,185690669056
2014-09-23,2289.091,2311.525,2309.718,2289.024,15685516800,135396859904
2014-09-22,2323.554,2323.554,2289.866,2284.378,17584235200,147841744896
2014-09-19,2312.984,2331.561,2329.451,2305.517,17464848000,144345448448
2014-09-18,2303.85,2319.875,2315.928,2297.931,18908904000,144518529024
2014-09-17,2298.982,2309.048,2307.893,2282.795,21084244800,159121784832
2014-09-16,2341.027,2347.935,2296.555,2293.869,30269411200,237659242496
2014-09-15,2330.187,2340.449,2339.14,2321.593,21511241600,185393627136
2014-09-12,2308.346,2331.95,2331.95,2302.775,19347153600,162102902784
2014-09-11,2315.732,2343.595,2311.679,2304.602,22222179200,197232656384
2014-09-10,2318.496,2321.908,2318.305,2306.421,18982899200,163454517248
2014-09-09,2328.426,2331.917,2326.527,2315.894,19699032000,172908494848
2014-09-05,2311.305,2327.557,2326.432,2307.447,21318192000,185839828992
2014-09-04,2290.029,2307.701,2306.862,2283.277,19948998400,179385892864
2014-09-03,2268.395,2290.547,2288.627,2268.1,21247899200,187558379520
2014-09-02,2239.684,2267.509,2266.046,2234.378,19212486400,170931781632
2014-09-01,2220.129,2236.286,2235.511,2217.685,12916658400,117215903744
2014-08-29,2198.946,2218.696,2217.2,2193.263,10520249600,93043875840
2014-08-28,2210.484,2219.473,2195.818,2194.861,12422901600,109266624512
2014-08-27,2207.03,2216.67,2209.465,2204.048,12088588800,104090411008
2014-08-26,2225.291,2232.785,2207.106,2200.618,16350742400,134123069440
2014-08-25,2241.1,2241.553,2229.274,2222.009,16211958400,134450233344
2014-08-22,2228.974,2243.303,2240.812,2225.267,16011168000,140353028096
2014-08-21,2239.568,2240.077,2230.458,2211.63,16573350400,140879626240
2014-08-20,2241.664,2248.939,2240.211,2233.892,16765838400,139628052480
2014-08-19,2242.34,2246.016,2245.33,2227.925,17774459200,155445477376
2014-08-18,2229.804,2242.035,2239.466,2228.134,16392862400,141492846592
2014-08-15,2207.226,2230.872,2226.734,2203.242,14997868800,129406910464
2014-08-14,2221.541,2230.894,2206.466,2204.384,17014912000,141706657792
2014-08-13,2223.051,2230.991,2222.877,2202.443,17806280000,146490785792
2014-08-12,2222.696,2222.979,2221.595,2210.0,15479904000,132393975808
2014-08-11,2199.433,2225.961,2224.654,2198.314,15058342400,126096842752
2014-08-08,2188.709,2199.578,2194.425,2180.597,13518144000,109728989184
2014-08-07,2216.659,2220.568,2187.669,2185.763,17523328000,137306472448
2014-08-06,2212.003,2223.893,2217.465,2192.993,17771171200,140362858496
2014-08-05,2224.632,2226.838,2219.945,2206.85,17538699200,141474529280
2014-08-04,2190.036,2224.068,2223.331,2186.917,17409740800,140088819712
2014-08-01,2194.17,2218.789,2185.303,2184.641,19147504000,151884021760
2014-07-31,2179.543,2202.126,2201.562,2173.9,16469164800,132438450176
2014-07-30,2178.179,2194.572,2181.243,2177.244,18492219200,149566554112
2014-07-29,2179.826,2193.523,2183.192,2172.102,20026425600,159282495488
2014-07-28,2135.249,2181.496,2177.948,2135.249,23618576000,180414431232
2014-07-25,2108.714,2127.217,2126.614,2106.714,14249582400,111411576832
2014-07-24,2079.632,2107.946,2105.062,2079.632,16567699200,128677986304
2014-07-23,2074.195,2088.192,2078.489,2072.229,13729220800,106702127104
2014-07-22,2050.5,2078.085,2075.481,2049.815,12319187200,98702434304
2014-07-21,2057.767,2061.823,2054.479,2049.175,9385787200,75706179584
2014-07-18,2047.498,2067.233,2059.067,2045.996,10664109600,82510266368
2014-07-17,2062.888,2062.888,2055.591,2046.189,10449180800,79106277376
2014-07-16,2068.343,2075.493,2067.276,2061.572,13712801600,102029803520
2014-07-15,2065.9,2070.358,2070.357,2059.679,12448876800,102893912064
2014-07-14,2047.744,2067.342,2066.646,2044.901,11511974400,96357015552
2014-07-11,2033.869,2051.737,2046.961,2033.004,10508808000,86253715456
2014-07-10,2036.54,2045.527,2038.342,2034.956,9794381600,84748632064
2014-07-09,2061.635,2062.474,2038.612,2037.601,11330584000,97183490048
2014-07-08,2058.134,2064.433,2064.021,2047.204,9505339200,81584447488
2014-07-07,2058.128,2064.043,2059.927,2050.887,9716875200,81471315968
2014-07-04,2062.358,2065.078,2059.375,2054.217,10500879200,83596435456
2014-07-03,2051.632,2066.641,2063.229,2048.081,12292658400,96182468608
2014-07-02,2049.485,2060.595,2059.418,2044.035,10955391200,89304981504
2014-07-01,2051.225,2052.635,2050.381,2041.937,9845740800,83499761664
2014-06-30,2038.613,2052.342,2048.327,2038.527,9666660000,80011165696
2014-06-27,2031.907,2043.982,2036.51,2025.073,9759201600,76710584320
2014-06-26,2025.662,2040.754,2038.677,2025.314,8095577600,66534273024
2014-06-25,2030.433,2030.616,2025.502,2018.36,6753960800,55989137408
2014-06-24,2023.699,2034.707,2033.931,2021.75,7121463200,61684912128
2014-06-23,2026.226,2033.32,2024.365,2022.917,7048516000,57772728320
2014-06-20,2013.414,2027.148,2026.674,2010.53,6716724800,53224267776
2014-06-19,2054.62,2059.255,2023.735,2017.653,9291427200,74628947968
2014-06-18,2064.383,2066.913,2055.519,2051.746,8724535200,70472933376
2014-06-17,2080.482,2080.482,2066.698,2064.666,8780048000,70923264000
2014-06-16,2070.699,2087.322,2085.983,2069.441,9593976800,79953076224
2014-06-13,2049.206,2073.596,2070.715,2048.618,9717480800,82546974720
2014-06-12,2051.582,2057.105,2051.713,2045.962,8171118400,69306425344
2014-06-11,2049.128,2056.631,2054.948,2045.407,7444435200,63177392128
2014-06-10,2033.207,2052.765,2052.532,2026.389,7962372000,65406103552
2014-06-09,2024.942,2045.255,2030.502,2023.198,6478831600,55139844096
2014-06-06,2040.864,2041.573,2029.956,2022.158,6602174400,55124242432
2014-06-05,2019.442,2041.701,2040.878,2016.175,6794953600,56376143872
2014-06-04,2037.989,2038.481,2024.834,2012.913,7241276800,57467547648
2014-06-03,2039.196,2049.576,2038.305,2037.3,7158412800,59296436224
2014-05-30,2040.394,2046.96,2039.212,2031.373,7514889600,62353641472
2014-05-29,2051.84,2057.077,2040.595,2039.238,8124292000,69472509952
2014-05-28,2034.561,2052.656,2050.228,2029.336,8133864000,68602224640
2014-05-27,2039.791,2044.148,2034.565,2032.839,6757788800,55920517120
2014-05-26,2042.028,2045.381,2041.476,2035.094,7028121600,59840434176
2014-05-23,2020.115,2034.569,2034.569,2017.739,6348806400,51464941568
2014-05-22,2023.148,2041.96,2021.285,2018.877,7472847200,59501662208
2014-05-21,2001.306,2025.194,2024.951,1991.055,6181154800,48415092736
2014-05-20,2011.846,2018.156,2008.119,2002.759,6134538400,49549017088
2014-05-19,2023.014,2023.267,2005.183,1996.015,6532944000,52975247360
2014-05-16,2023.596,2027.756,2026.504,2012.694,6635366000,51625885696
2014-05-15,2044.377,2047.316,2024.974,2022.861,7584515200,59773444096
2014-05-14,2049.27,2056.574,2047.91,2042.744,7201112800,56455290880
2014-05-13,2055.079,2061.06,2050.728,2043.547,9722339200,73741721600
2014-05-12,2022.932,2055.506,2052.871,2016.638,11574208000,88097005568
2014-05-09,2016.501,2020.454,2011.135,2001.3,7622424000,57505382400
2014-05-08,2006.853,2036.941,2015.274,2005.685,7786539200,59529367552
2014-05-07,2023.152,2024.631,2010.083,2008.451,7436019200,57558052864
2014-05-06,2024.256,2038.705,2028.038,2021.485,7460940800,57548111872
2014-05-05,2022.178,2028.957,2027.353,2007.351,7993339200,60093489152
2014-04-30,2020.438,2029.538,2026.358,2016.577,7452857600,57677357056
2014-04-29,2001.896,2021.68,2020.341,1997.64,7622127200,56776482816
2014-04-28,2033.337,2035.99,2003.487,2000.137,8979526400,68541493248
2014-04-25,2060.538,2065.643,2036.519,2035.566,9304233600,74155876352
2014-04-24,2064.156,2075.757,2057.033,2056.193,7818595200,64407531520
2014-04-23,2068.084,2076.349,2067.382,2059.109,7853152000,66156171264
2014-04-22,2062.787,2073.663,2072.831,2047.332,9871988000,82468102144
2014-04-21,2085.98,2103.078,2065.826,2065.234,9637836800,81654554624
2014-04-18,2091.48,2099.637,2097.748,2081.185,8815569600,72555978752
2014-04-17,2108.947,2110.716,2098.885,2095.714,8989632800,74257031168
2014-04-16,2097.213,2112.05,2105.122,2092.157,8936165600,75099480064
2014-04-15,2125.902,2125.902,2101.601,2098.15,10753115200,91135361024
2014-04-14,2127.409,2134.434,2131.539,2116.61,10207785600,86591717376
2014-04-11,2130.368,2138.651,2130.542,2120.179,13176836000,111636807680
2014-04-10,2105.876,2146.67,2134.3,2098.079,15678961600,129842348032
2014-04-09,2100.651,2108.75,2105.237,2095.64,10534047200,87366778880
2014-04-08,2054.53,2102.452,2098.284,2052.9,13337098400,107966357504
2014-04-04,2037.552,2060.104,2058.831,2035.221,8318905600,66368647168
2014-04-03,2063.497,2066.007,2043.702,2037.447,10861842400,79480897536
2014-04-02,2049.423,2060.778,2058.988,2046.742,10265852800,77940637696
2014-04-01,2031.005,2050.681,2047.46,2028.096,8328657600,64512638976
2014-03-31,2043.045,2048.134,2033.306,2024.185,9435653600,71573692416
2014-03-28,2046.851,2060.134,2041.712,2035.243,12168196800,94221959168
2014-03-27,2060.812,2073.982,2046.588,2042.713,11914937600,94996463616
2014-03-26,2070.574,2074.572,2063.67,2057.648,10261112000,80463446016
2014-03-25,2063.323,2079.551,2067.311,2057.491,13182223200,100173660160
2014-03-24,2050.827,2074.056,2066.279,2043.33,14770008000,110244495360
2014-03-21,1987.679,2052.472,2047.619,1986.071,14447766400,109438066688
2014-03-20,2017.22,2030.847,1993.479,1993.002,11033304800,88630976512
2014-03-19,2019.98,2022.181,2021.734,2002.441,9518080000,79473238016
2014-03-18,2026.224,2034.917,2025.196,2020.41,9677719200,83580452864
2014-03-17,2009.882,2024.372,2023.673,1999.249,8625037600,72017780736
2014-03-14,2008.825,2017.913,2004.339,1990.98,8777511200,69925888000
2014-03-13,2000.695,2029.12,2019.111,1996.529,10097811200,77979058176
2014-03-12,1996.239,2011.06,1997.692,1974.382,10136172000,79293071360
2014-03-11,1994.415,2008.071,2001.157,1985.599,9270526400,76870328320
2014-03-10,2042.352,2042.634,1999.065,1995.549,11569666400,95032991744
2014-03-07,2058.375,2079.49,2057.908,2050.47,10370953600,89332137984
2014-03-06,2050.032,2065.79,2059.578,2030.946,10929013600,92561448960
2014-03-05,2073.295,2074.815,2053.084,2050.175,10773308000,91623333888
2014-03-04,2068.107,2074.025,2071.473,2050.125,11592579200,101116313600
2014-03-03,2052.075,2078.333,2075.235,2047.067,12746088800,104980602880
2014-02-28,2040.624,2058.489,2056.302,2020.935,11163790400,95684075520
2014-02-27,2045.096,2068.314,2047.354,2036.391,13216385600,112875749376
2014-02-26,2026.61,2041.627,2041.254,2014.381,11011268800,96117710848
2014-02-25,2077.285,2087.616,2034.219,2026.543,14013297600,127823831040
2014-02-24,2099.717,2099.717,2076.686,2058.791,12355531200,107202453504
2014-02-21,2131.592,2132.703,2113.693,2098.328,11766264800,99514286080
2014-02-20,2152.891,2177.978,2138.782,2136.481,15705227200,130938437632
2014-02-19,2116.919,2152.961,2142.554,2111.168,15126124800,127818448896
2014-02-18,2134.143,2134.143,2119.066,2113.128,14286931200,129786970112
2014-02-17,2124.88,2136.447,2135.415,2117.689,14024444800,126213750784
2014-02-14,2097.32,2116.186,2115.848,2095.09,11151795200,97399668736
2014-02-13,2106.934,2122.826,2098.401,2096.966,14653264000,124377063424
2014-02-12,2103.828,2110.904,2109.955,2096.509,12633318400,110804074496
2014-02-11,2086.177,2111.061,2103.671,2082.522,14221132800,125266771968
2014-02-10,2049.984,2087.975,2086.067,2049.984,12433183200,112722919424
2014-02-07,2022.323,2044.73,2044.497,2014.698,7359875200,67829923840
2014-01-30,2045.931,2045.931,2033.083,2031.466,6261518400,58264498176
2014-01-29,2042.176,2051.583,2049.914,2039.771,7386546400,67694125056
2014-01-28,2036.402,2047.129,2038.513,2026.987,7252904000,65751605248
2014-01-27,2044.272,2044.846,2033.3,2029.626,8881542400,81914216448
2014-01-24,2037.667,2060.986,2054.392,2034.453,9294792000,82346180608
2014-01-23,2048.331,2052.528,2042.18,2039.052,8421058400,76083322880
2014-01-22,2009.969,2052.339,2051.749,2008.93,9889285600,84126662656
2014-01-21,1992.015,2014.152,2008.313,1992.015,5984491200,52017917952
2014-01-20,2001.894,2005.938,1991.253,1984.824,5627124800,48298782720
2014-01-17,2017.522,2017.868,2004.949,2001.33,6730572000,57039564800
2014-01-16,2022.538,2034.707,2023.701,2014.407,7275572000,62829760512
2014-01-15,2024.228,2027.409,2023.348,2010.204,6743622400,57740357632
2014-01-14,2007.156,2027.428,2026.842,2001.135,7036661600,56687624192
2014-01-13,2014.978,2027.181,2009.564,2000.404,6654477600,55616749568
2014-01-10,2023.535,2029.297,2013.298,2008.007,7561612000,61044551680
2014-01-09,2041.773,2057.196,2027.622,2026.446,7594188000,67605663744
2014-01-08,2047.256,2062.952,2044.34,2037.11,7164736000,62941429760
2014-01-07,2034.224,2052.279,2047.317,2029.246,6340293600,54638641152
2014-01-06,2078.684,2078.684,2045.709,2034.006,8958760800,72895397888
2014-01-03,2101.542,2102.167,2083.136,2075.899,8449724000,72372232192
2014-01-02,2112.126,2113.11,2109.387,2101.016,6848548800,61921353728
2013-12-31,2090.679,2120.274,2115.978,2087.415,8047437600,71456284672
2013-12-30,2108.883,2112.009,2097.529,2095.063,7408505600,63038943232
2013-12-27,2074.592,2110.357,2101.251,2069.59,7675682400,66394443776
2013-12-26,2102.66,2102.66,2073.099,2070.546,7854140800,66767122432
2013-12-25,2095.019,2107.232,2106.354,2088.297,6513909600,58136846336
2013-12-24,2094.073,2111.805,2092.905,2079.81,7025146400,61697069056
2013-12-23,2089.539,2099.522,2089.707,2068.543,6814664000,58435624960
2013-12-20,2128.374,2131.737,2084.794,2082.855,8677521600,72198201344
2013-12-19,2153.674,2159.142,2127.792,2126.246,7312348000,61496942592
2013-12-18,2150.412,2156.593,2148.285,2142.624,6417358400,55420596224
2013-12-17,2161.536,2165.543,2151.079,2146.314,7857893600,66921598976
2013-12-16,2197.234,2201.696,2160.861,2159.987,10138759200,86422953984
2013-12-13,2188.259,2204.637,2196.075,2183.842,8510100800,72637505536
2013-12-12,2199.317,2214.548,2202.796,2194.901,8610867200,76003328000
2013-12-11,2228.633,2228.633,2204.166,2193.16,10947315200,94389297152
2013-12-10,2239.864,2250.504,2237.492,2231.68,10904313600,95556296704
2013-12-09,2241.793,2249.169,2238.2,2231.734,9327364000,84432478208
2013-12-06,2242.563,2248.147,2237.108,2228.632,10370092800,92254756864
2013-12-05,2252.723,2255.261,2247.063,2239.144,12204841600,105837305856
2013-12-04,2219.965,2260.871,2251.762,2215.916,15729294400,135497940992
2013-12-03,2196.824,2227.925,2222.67,2193.251,11350640800,100776656896
2013-12-02,2203.122,2231.921,2207.371,2172.633,17428198400,151936155648
2013-11-29,2221.618,2224.944,2220.504,2212.263,10695905600,97834024960
2013-11-28,2204.378,2234.387,2219.372,2202.623,13445678400,119645437952
2013-11-27,2181.725,2207.617,2201.07,2176.847,11538440800,102163488768
2013-11-26,2184.332,2192.579,2183.073,2176.177,10046083200,84536639488
2013-11-25,2186.058,2209.148,2186.115,2181.418,10828265600,96747315200
2013-11-22,2206.471,2211.066,2196.378,2188.767,11386645600,102450200576
2013-11-21,2197.008,2206.531,2205.766,2177.735,13724552000,120005001216
2013-11-20,2201.474,2207.105,2206.613,2186.642,11896186400,104820416512
2013-11-19,2198.318,2203.297,2193.125,2186.114,12508230400,115941883904
2013-11-18,2147.373,2198.316,2197.219,2143.768,15750272000,143246229504
2013-11-15,2100.9,2153.213,2135.827,2100.786,12589452000,113364459520
2013-11-14,2087.119,2102.38,2100.506,2078.988,8379937600,72089886720
2013-11-13,2117.886,2117.912,2087.941,2086.006,8825709600,73376063488
2013-11-12,2110.724,2127.938,2126.772,2108.396,7944672800,67951267840
2013-11-11,2103.299,2117.28,2109.471,2093.626,6967829600,59934060544
2013-11-08,2120.923,2128.581,2106.127,2103.51,8309685600,70325215232
2013-11-07,2136.627,2141.6,2129.4,2119.186,8184260800,70177472512
2013-11-06,2149.39,2166.171,2139.607,2138.78,10048734400,86547128320
2013-11-05,2139.837,2158.148,2157.24,2124.845,9190003200,77963321344
2013-11-04,2156.087,2160.578,2149.634,2143.207,7614794400,66305998848
2013-11-01,2139.88,2157.313,2149.562,2132.629,8911848000,76271861760
2013-10-31,2155.511,2155.511,2141.614,2137.466,10806302400,88638832640
2013-10-30,2126.69,2161.935,2160.463,2121.841,11964336000,95233753088
2013-10-29,2135.226,2163.657,2128.864,2093.197,14309281600,117347753984
2013-10-28,2135.879,2140.957,2133.869,2123.069,8840132000,77889331200
2013-10-25,2163.689,2170.612,2132.955,2122.678,11392452000,99671695360
2013-10-24,2178.82,2183.412,2164.322,2159.871,10300895200,90001866752
2013-10-23,2213.274,2226.847,2183.107,2177.725,14634708800,125789855744
2013-10-22,2227.341,2227.341,2210.652,2204.244,14913283200,134994870272
2013-10-21,2198.114,2230.285,2229.237,2190.394,13669440000,123936342016
2013-10-18,2188.714,2203.291,2193.78,2184.36,10372463200,90814177280
2013-10-17,2201.71,2211.03,2188.542,2183.246,12676794400,113138851840
2013-10-16,2228.113,2228.113,2193.074,2183.403,15463864000,138165501952
2013-10-15,2237.931,2240.25,2233.412,2221.139,15372283200,138541629440
2013-10-14,2232.218,2242.984,2237.773,2226.403,16598339200,151626940416
2013-10-11,2201.409,2228.871,2228.146,2200.53,15689217600,142271938560
2013-10-10,2214.405,2214.592,2190.929,2186.48,14977590400,136575148032
2013-10-09,2191.392,2212.347,2211.769,2185.181,13087173600,117966135296
2013-10-08,2171.904,2200.018,2198.199,2161.489,12671020000,114992021504
2013-09-30,2167.734,2176.303,2174.665,2165.162,9281008000,88982757376
2013-09-27,2150.961,2165.777,2160.027,2149.594,10540179200,97811677184
2013-09-26,2192.226,2192.226,2155.809,2154.721,14041534400,125680361472
2013-09-25,2206.225,2217.974,2198.515,2193.722,16021276800,143779987456
2013-09-24,2219.467,2219.543,2207.531,2187.236,16041505600,143330951168
2013-09-23,2199.361,2223.068,2221.044,2198.336,13317485600,121468256256
2013-09-18,2185.936,2195.904,2191.851,2172.043,11511188800,101333090304
2013-09-17,2230.388,2230.929,2185.56,2184.922,15454256000,132460429312
2013-09-16,2244.463,2248.471,2231.401,2226.171,15488401600,133580636160
2013-09-13,2251.462,2259.424,2236.217,2228.483,17198422400,140600131584
2013-09-12,2236.171,2270.268,2255.605,2226.288,20971510400,167300579328
2013-09-11,2244.962,2258.075,2241.268,2233.003,24434945600,195427631104
2013-09-10,2214.814,2238.551,2237.984,2202.817,23720665600,191083872256
2013-09-09,2151.347,2218.529,2212.516,2151.347,21942708800,178881740800
2013-09-06,2119.333,2143.244,2139.993,2119.021,14326065600,119152336896
2013-09-05,2125.255,2127.855,2122.43,2115.236,12654410400,105776496640
2013-09-04,2121.68,2132.996,2127.618,2115.753,14200038400,116457422848
2013-09-03,2100.449,2123.847,2123.112,2095.455,13889316800,112421232640
2013-09-02,2104.09,2108.683,2098.448,2078.455,14915852800,121084657664
2013-08-30,2097.217,2114.393,2098.382,2089.095,17007564800,132055678976
2013-08-29,2108.436,2110.894,2097.227,2088.236,13326821600,105259327488
2013-08-28,2092.311,2113.817,2101.301,2080.861,16139203200,132239097856
2013-08-27,2095.44,2105.376,2103.567,2090.425,12634196800,104591622144
2013-08-26,2061.417,2097.344,2096.474,2056.133,11993265600,99157901312
2013-08-23,2075.929,2079.846,2057.458,2029.365,11242635200,94571634688
2013-08-22,2069.313,2083.333,2067.124,2062.367,9092830400,76018376704
2013-08-21,2076.271,2076.317,2072.961,2056.913,8744599200,72860721152
2013-08-20,2081.966,2098.98,2072.595,2066.072,10738177600,89117933568
2013-08-19,2055.128,2091.132,2085.602,2052.703,9744678400,81501388800
2013-08-16,2075.983,2198.848,2068.452,2061.654,15306332800,123125129216
2013-08-15,2099.279,2108.405,2081.88,2079.969,9939665600,84735664128
2013-08-14,2109.225,2122.965,2100.137,2093.043,11443780000,95791169536
2013-08-13,2101.324,2106.397,2106.156,2093.796,11770887200,96430366720
2013-08-12,2058.416,2102.347,2101.283,2055.715,13512897600,116489707520
2013-08-09,2052.244,2061.708,2052.235,2030.127,9531642400,83036020736
2013-08-08,2044.436,2058.561,2044.895,2037.251,8413328800,71954923520
2013-08-07,2056.367,2069.561,2046.778,2043.75,10771259200,91260305408
2013-08-06,2043.653,2066.74,2060.5,2034.957,10558097600,88690556928
2013-08-05,2031.724,2050.911,2050.481,2025.226,8551796800,73277095936
2013-08-02,2039.514,2047.084,2029.418,2025.654,9359276800,78906253312
2013-08-01,2000.818,2029.928,2029.067,1997.058,9125668800,77395279872
2013-07-31,2000.794,2015.472,1993.799,1987.88,7016060000,59394334720
2013-07-30,1981.452,2006.232,1990.064,1965.361,7721978400,66157867008
2013-07-29,1997.838,1997.838,1976.306,1969.853,7868327200,65866981376
2013-07-26,2013.19,2021.574,2010.85,2000.797,7380043200,65538621440
2013-07-25,2037.336,2045.365,2021.174,2016.431,9854536800,86249512960
2013-07-24,2035.691,2042.773,2033.329,2010.424,10665577600,93700579328
2013-07-23,2008.955,2051.526,2043.876,2005.092,10951736000,92711264256
2013-07-22,1977.733,2005.474,2004.762,1970.639,8292219200,69649506304
2013-07-19,2025.317,2035.22,1992.648,1990.253,10457756800,87481516032
2013-07-18,2038.4,2043.372,2023.396,2016.899,9213204800,76618530816
2013-07-17,2061.186,2075.813,2044.922,2043.231,10325132000,87993974784
2013-07-16,2054.6,2066.363,2065.72,2038.535,9673740000,82870902784
2013-07-15,2046.119,2076.665,2059.39,2037.248,10147036000,88023343104
2013-07-12,2068.044,2074.857,2039.486,2036.05,12117417600,102972653568
2013-07-11,2011.02,2092.868,2072.991,2010.4,15997076800,131049070592
2013-07-10,1962.84,2009.36,2008.126,1960.277,8979798400,72807809024
2013-07-09,1953.602,1969.149,1965.454,1946.366,6453873200,52223184896
2013-07-08,1983.215,1983.215,1958.273,1953.121,8413648800,67187834880
2013-07-05,2006.191,2021.541,2007.199,2002.367,9134522400,75137507328
2013-07-04,1982.87,2022.136,2006.098,1974.103,10039418400,82685493248
2013-07-03,1996.506,1996.537,1994.268,1965.519,9346647200,76682436608
2013-07-02,1992.89,2007.62,2006.56,1978.428,8641541600,73980846080
2013-07-01,1965.987,1995.916,1995.242,1957.571,7805139200,62711812096
2013-06-28,1935.516,1987.984,1979.206,1925.651,10073796800,77513875456
2013-06-27,1955.126,1980.54,1950.013,1942.371,10581332000,84260405248
2013-06-26,1954.474,1959.158,1951.495,1922.824,10119252800,80892690432
2013-06-25,1948.315,1963.566,1959.508,1849.653,13815851200,104743632896
2013-06-24,2068.862,2068.862,1963.235,1958.401,10919821600,87969841152
2013-06-21,2058.978,2085.86,2073.095,2042.879,7967322400,67440066560
2013-06-20,2132.813,2132.813,2084.021,2082.825,7778792800,68164538368
2013-06-19,2150.816,2150.816,2143.454,2115.793,7542501600,67080568832
2013-06-18,2158.546,2161.681,2159.291,2138.347,6963227200,63582679040
2013-06-17,2165.994,2169.356,2156.215,2147.029,7575779200,68440145920
2013-06-14,2150.06,2163.846,2162.041,2142.78,7785747200,68747763712
2013-06-13,2190.101,2190.101,2148.355,2126.216,9437109600,79714525184
2013-06-07,2242.263,2250.629,2210.898,2205.066,8997808000,81058349056
2013-06-06,2264.425,2266.692,2242.11,2240.07,8153869600,75261583360
2013-06-05,2270.712,2276.865,2270.931,2260.871,7648330400,71142678528
2013-06-04,2297.1,2297.1,2272.416,2264.761,10189581600,92377178112
2013-06-03,2300.209,2313.425,2299.252,2294.113,9688281600,91648606208
2013-05-31,2320.739,2325.534,2300.595,2299.369,10816255200,100703985664
2013-05-30,2316.253,2325.721,2317.749,2310.492,11191303200,103546765312
2013-05-29,2323.539,2334.335,2324.017,2321.166,12525072800,114311553024
2013-05-28,2293.4,2322.099,2321.318,2281.468,13263299200,120352497664
2013-05-27,2286.661,2301.702,2293.077,2283.935,10732506400,99920158720
2013-05-24,2281.445,2292.595,2288.533,2270.25,10144121600,92021530624
2013-05-23,2293.809,2304.953,2275.667,2274.102,12401984000,111052054528
2013-05-22,2303.75,2314.183,2302.403,2292.431,12836002400,115290456064
2013-05-21,2297.11,2305.301,2305.114,2290.124,12417317600,113025212416
2013-05-20,2286.328,2309.392,2299.986,2281.899,13915051200,128843530240
2013-05-17,2249.811,2288.091,2282.87,2248.413,12612600800,111248809984
2013-05-16,2221.337,2252.872,2251.806,2210.77,11028437600,102255271936
2013-05-15,2217.086,2225.186,2224.797,2213.582,7172289600,66658263040
2013-05-14,2238.904,2239.926,2217.01,2205.873,8324497600,75660468224
2013-05-13,2247.678,2250.854,2241.92,2231.363,8621122400,79191482368
2013-05-10,2228.819,2247.674,2246.831,2225.812,9033547200,81280139264
2013-05-09,2246.963,2247.864,2232.971,2221.384,9853164000,91165294592
2013-05-08,2242.393,2255.208,2246.3,2235.417,9037193600,81390845952
2013-05-07,2227.861,2240.256,2235.575,2219.435,8645235200,79040921600
2013-05-06,2212.495,2236.066,2231.166,2212.495,9226814400,81625604096
2013-05-03,2179.049,2222.811,2205.497,2179.049,8858346400,78315700224
2013-05-02,2170.783,2179.647,2174.123,2161.14,6833793600,59877609472
2013-04-26,2203.889,2210.581,2177.912,2173.864,7667396800,65251508224
2013-04-25,2213.185,2224.63,2199.307,2191.848,9670419200,84483235840
2013-04-24,2187.349,2226.117,2218.318,2184.109,9160026400,78977212416
2013-04-23,2242.616,2242.616,2184.538,2182.806,9654131200,82217517056
2013-04-22,2236.402,2245.119,2242.169,2232.258,9523372800,82245001216
2013-04-19,2201.122,2250.11,2244.643,2200.584,10966056000,95383011328
2013-04-18,2181.822,2206.027,2197.602,2175.444,7161692800,61888122880
2013-04-17,2195.032,2197.508,2193.796,2178.468,6831418400,59986554880
2013-04-16,2169.63,2196.432,2194.846,2165.784,7999217600,66955845632
2013-04-15,2199.914,2204.987,2181.942,2177.388,7163232000,58162176000
2013-04-12,2218.095,2226.262,2206.78,2204.438,6684634000,56196878336
2013-04-11,2236.983,2242.479,2219.553,2217.265,7363270400,62132699136
2013-04-10,2224.934,2233.04,2226.126,2212.561,8061962400,71090216960
2013-04-09,2215.467,2234.725,2225.775,2215.467,8289654400,73135038464
2013-04-08,2196.238,2212.586,2211.592,2180.673,8625747200,73666166784
2013-04-03,2232.694,2241.34,2225.295,2217.252,8179526400,68801355776
2013-04-02,2234.901,2253.421,2227.74,2220.439,8971432000,77596663808
2013-04-01,2229.46,2243.949,2234.395,2227.314,7741177600,66997534720
2013-03-29,2238.485,2246.868,2236.621,2228.813,8556547200,73358188544
2013-03-28,2273.552,2273.552,2236.302,2232.906,12765869600,107593506816
2013-03-27,2299.377,2323.477,2301.259,2288.995,9633119200,85708423168
2013-03-26,2318.578,2319.988,2297.669,2281.118,10444901600,91811323904
2013-03-25,2334.735,2344.894,2326.715,2319.908,9703152800,85418622976
2013-03-22,2321.403,2331.995,2328.278,2314.967,10116729600,85951324160
2013-03-21,2318.205,2330.813,2324.242,2311.603,11920091200,104786067456
2013-03-20,2257.737,2317.86,2317.374,2257.421,13124128000,113974255616
2013-03-19,2244.265,2261.314,2257.434,2232.023,8758210400,75512070144
2013-03-18,2267.287,2276.05,2240.016,2239.214,9312276800,81486176256
2013-03-15,2269.315,2312.078,2278.401,2250.005,11647781600,101578104832
2013-03-14,2255.775,2276.222,2270.277,2253.31,8029408800,69218590720
2013-03-13,2282.17,2286.329,2263.968,2253.249,9097278400,77688954880
2013-03-12,2309.158,2333.286,2286.605,2264.829,11766445600,100637089792
2013-03-11,2314.683,2320.961,2310.593,2296.583,8411190400,73919946752
2013-03-08,2326.417,2333.667,2318.611,2314.587,9879414400,88438603776
2013-03-07,2340.436,2352.021,2324.293,2304.27,13975635200,126085890048
2013-03-06,2333.615,2351.441,2347.179,2321.6,14133369600,125364797440
2013-03-05,2274.808,2328.143,2326.306,2270.1,13113660000,116721197056
2013-03-04,2332.08,2333.54,2273.404,2259.247,16175003200,143046508544
2013-03-01,2364.544,2369.649,2359.506,2330.858,12031275200,111531114496
2013-02-28,2322.323,2366.164,2365.593,2308.916,12695049600,115918266368
2013-02-27,2297.767,2324.627,2313.22,2292.034,9782488800,88262926336
2013-02-26,2313.74,2340.709,2293.341,2289.887,11763866400,105917186048
2013-02-25,2320.618,2338.78,2325.819,2315.012,8836737600,77642342400
2013-02-22,2322.94,2330.879,2314.164,2308.76,9698182400,87579820032
2013-02-21,2378.822,2378.822,2325.951,2309.171,14405947200,126627831808
2013-02-20,2383.493,2397.941,2397.178,2370.608,11028057600,97222295552
2013-02-19,2420.265,2427.075,2382.914,2373.535,12347333600,106330947584
2013-02-18,2441.906,2444.804,2421.558,2415.429,11617499200,103657021440
2013-02-08,2416.619,2443.032,2432.402,2414.398,10907038400,98965225472
2013-02-07,2430.688,2433.893,2418.53,2394.218,12000863200,109335068672
2013-02-06,2432.677,2441.726,2434.477,2427.699,11657996800,104583536640
2013-02-05,2411.001,2437.415,2433.13,2403.302,15075451200,127096111104
2013-02-04,2425.921,2440.376,2428.154,2417.585,16755140800,152533696512
2013-02-01,2377.414,2421.154,2419.02,2369.57,14081817600,125554958336
2013-01-31,2383.426,2391.821,2385.422,2371.226,13970788800,116205035520
2013-01-30,2360.748,2383.763,2382.475,2347.89,14987891200,124856033280
2013-01-29,2347.215,2363.797,2358.977,2337.353,14185393600,124916965376
2013-01-28,2295.352,2346.921,2346.505,2295.352,12838376000,116916371456
2013-01-25,2300.001,2308.38,2291.304,2288.262,9260574400,80267386880
2013-01-24,2320.258,2362.943,2302.598,2287.296,16103168000,135604338688
2013-01-23,2308.521,2325.118,2320.911,2296.491,11817972000,96956219392
2013-01-22,2326.49,2335.806,2315.139,2301.301,14946659200,123370045440
2013-01-21,2321.49,2329.581,2328.221,2305.099,13468046400,113016061952
2013-01-18,2295.809,2324.509,2317.07,2285.972,12543802400,105391529984
2013-01-17,2305.14,2305.602,2284.909,2275.877,11910183200,103214055424
2013-01-16,2322.158,2326.764,2309.499,2279.507,15351116800,133107695616
2013-01-15,2312.468,2332.783,2325.682,2309.323,16564598400,141013958656
2013-01-14,2236.288,2317.617,2311.74,2235.107,14474988800,123614928896
2013-01-11,2285.185,2290.205,2242.997,2234.947,12506827200,101550948352
2013-01-10,2274.377,2295.484,2283.658,2268.648,12006667200,98236399616
2013-01-09,2271.299,2283.896,2275.34,2259.051,12201492800,102823100416
2013-01-08,2284.654,2289.139,2276.07,2262.979,12290788000,106428760064
2013-01-07,2271.663,2293.317,2285.364,2266.862,11816281600,96872865792
2013-01-04,2289.51,2296.113,2276.992,2256.56,13946993600,114627764224
2012-12-31,2236.461,2269.512,2269.128,2236.461,12803140000,105541828608
2012-12-28,2207.913,2234.869,2233.252,2204.003,11592493600,91970150400
2012-12-27,2223.655,2234.724,2205.897,2204.79,12902350400,100393984000
2012-12-26,2211.594,2220.475,2219.132,2206.787,12185863200,97153769472
2012-12-25,2154.32,2220.263,2213.611,2146.862,14332771200,114873958400
2012-12-24,2150.654,2170.394,2159.053,2149.825,7846966400,67970650112
2012-12-21,2169.57,2190.398,2153.31,2148.17,10337287200,84574355456
2012-12-20,2156.193,2174.819,2168.353,2142.951,9938418400,80073490432
2012-12-19,2158.67,2175.395,2162.239,2154.287,9439152000,75813183488
2012-12-18,2155.858,2183.714,2162.464,2144.733,12609946400,99028893696
2012-12-17,2152.097,2169.57,2160.342,2151.936,14424222400,110556700672
2012-12-14,2062.689,2152.496,2150.625,2062.543,16087380800,117707096064
2012-12-13,2077.416,2081.363,2061.476,2059.472,7227232000,52179640320
2012-12-12,2073.271,2085.934,2082.726,2066.391,7855914400,57115140096
2012-12-11,2077.557,2088.635,2074.704,2070.192,9337083200,67930370048
2012-12-10,2067.324,2087.007,2083.77,2064.615,11538322400,81469440000
2012-12-07,2028.766,2065.745,2061.786,2023.961,11515728800,82158977024
2012-12-06,2029.562,2036.609,2029.237,2018.379,8145921600,58452525056
2012-12-05,1973.107,2040.604,2031.907,1970.202,11997304000,85475966976
2012-12-04,1956.616,1980.119,1975.143,1949.457,6237812400,43054546944
2012-12-03,1977.254,1988.191,1959.767,1957.884,6165337600,43027554304
2012-11-30,1961.815,1983.419,1980.117,1959.334,5689341600,37739106304
2012-11-29,1972.925,1980.556,1963.488,1961.822,4954008800,33179658240
2012-11-28,1984.48,1984.863,1973.523,1968.213,5050558800,34492571648
2012-11-27,2012.075,2014.211,1991.165,1990.336,5662742400,39089180672
2012-11-26,2023.339,2027.274,2017.464,2014.029,4477955200,33110722560
2012-11-23,2020.015,2034.884,2027.384,2017.004,5155146800,38278377472
2012-11-22,2021.209,2023.085,2015.611,2009.72,4557784800,33727414272
2012-11-21,2008.211,2031.149,2030.319,1995.174,5328202000,39658622976
2012-11-20,2020.433,2023.611,2008.923,2004.17,4258063600,33372962816
2012-11-19,2013.246,2018.38,2016.982,1995.721,4532701600,36090720256
2012-11-16,2026.563,2028.686,2014.725,2001.716,4958168000,36821291008
2012-11-15,2045.456,2053.56,2030.29,2029.874,5055685600,37082796032
2012-11-14,2047.257,2056.488,2055.419,2040.172,4809300000,35883692032
2012-11-13,2078.133,2078.133,2047.889,2044.036,6108729200,44605157376
2012-11-12,2069.214,2079.571,2079.274,2061.84,5669485600,42083753984
2012-11-09,2066.495,2077.228,2069.067,2062.417,5422346000,39065354240
2012-11-08,2091.254,2092.565,2071.509,2070.65,6659456000,49276100608
2012-11-07,2102.419,2112.631,2105.73,2093.289,5938012800,47163781120
2012-11-06,2113.658,2114.791,2105.999,2078.472,7134384800,53697998848
2012-11-05,2113.328,2123.327,2114.027,2104.584,7153876000,53222133760
2012-11-02,2105.449,2119.224,2117.046,2096.531,7655721600,55869886464
2012-11-01,2070.02,2109.496,2104.428,2069.947,8288667200,62606643200
2012-10-31,2061.124,2070.479,2068.88,2053.583,5952723200,43159089152
2012-10-30,2059.202,2075.905,2062.347,2054.264,6056909200,42767335424
2012-10-29,2061.847,2068.237,2058.943,2053.092,5363500800,39078109184
2012-10-26,2100.1,2102.162,2066.209,2058.063,7860643200,54248873984
2012-10-25,2114.764,2128.74,2101.58,2100.609,8539311200,55690215424
2012-10-24,2106.83,2123.998,2115.99,2104.67,7288661600,49728090112
2012-10-23,2132.108,2136.218,2114.447,2111.923,7268380800,54013091840
2012-10-22,2118.521,2138.027,2132.758,2112.752,6011722400,47534436352
2012-10-19,2129.82,2136.869,2128.302,2125.736,6764128000,50605600768
2012-10-18,2108.498,2137.686,2131.688,2107.492,8719108800,65711759360
2012-10-17,2104.28,2113.162,2105.618,2088.044,5987406400,47070597120
2012-10-16,2097.05,2111.78,2098.808,2089.695,5781844000,47242199040
2012-10-15,2105.024,2107.199,2098.703,2085.115,5394075200,42308632576
2012-10-12,2109.07,2127.307,2104.932,2092.511,6826297600,51434045440
2012-10-11,2114.232,2117.839,2102.868,2101.14,7449703200,56744435712
2012-10-10,2111.587,2121.992,2119.942,2102.535,7891203200,60531572736
2012-10-09,2081.589,2119.336,2115.23,2081.589,8456379200,67520372736
2012-10-08,2084.849,2096.259,2074.419,2063.089,5513161200,44793733120
2012-09-28,2042.886,2089.633,2086.169,2040.35,7944895200,64802324480
2012-09-27,2003.099,2068.071,2056.323,2002.324,7669145600,60338937856
2012-09-26,2027.855,2033.036,2004.172,1999.484,5040082800,38415065088
2012-09-25,2028.633,2039.096,2029.293,2021.809,4821940800,38445162496
2012-09-24,2015.767,2040.85,2033.192,2005.263,5763778000,45575602176
2012-09-21,2020.554,2041.948,2026.69,2018.263,6028945600,47695122432
2012-09-20,2060.306,2060.306,2024.837,2023.085,6748265600,53959069696
2012-09-19,2061.061,2069.95,2067.831,2055.198,5224362800,43550875648
2012-09-18,2069.343,2074.762,2059.543,2053.662,5379484800,43632377856
2012-09-17,2120.617,2121.583,2078.5,2077.484,7639223200,62461132800
2012-09-14,2127.389,2136.226,2123.847,2111.12,9124827200,76179406848
2012-09-13,2123.84,2130.079,2110.379,2109.996,7904497600,64590831616
2012-09-12,2129.687,2137.89,2126.554,2109.137,8411474400,69157404672
2012-09-11,2127.519,2127.519,2120.554,2107.219,8042664000,65762865152
2012-09-10,2128.065,2140.168,2134.893,2120.486,10358002400,86110740480
2012-09-07,2062.99,2145.003,2127.762,2062.99,13993262400,111136694272
2012-09-06,2040.668,2052.95,2051.918,2036.366,5609181600,42728538112
2012-09-05,2038.873,2048.319,2037.681,2029.054,5764980400,44886466560
2012-09-04,2060.613,2063.817,2043.649,2039.266,5746218400,47574482944
2012-09-03,2044.825,2066.78,2059.147,2041.161,6063549600,47911477248
2012-08-31,2046.289,2059.302,2047.522,2044.65,4614390400,35269787648
2012-08-30,2044.033,2060.185,2052.585,2032.537,6196379200,50764222464
2012-08-29,2066.82,2073.949,2053.235,2051.775,5220980800,41622138880
2012-08-28,2054.967,2083.956,2073.154,2052.492,5442210400,42097864704
2012-08-27,2085.373,2085.373,2055.708,2055.377,6031483200,47863250944
2012-08-24,2108.36,2109.822,2092.104,2089.217,6017894800,49673674752
2012-08-23,2106.96,2118.736,2113.072,2097.083,5847230000,50332397568
2012-08-22,2118.881,2121.149,2107.711,2097.605,5844141200,48951230464
2012-08-21,2106.381,2124.195,2118.268,2103.071,6075650400,51476983808
2012-08-20,2102.231,2110.78,2106.957,2089.018,4671750000,39258124288
2012-08-17,2111.653,2120.714,2114.891,2100.787,4439063200,39157481472
2012-08-16,2116.08,2122.683,2112.197,2109.658,4517300800,38983892992
2012-08-15,2138.278,2139.142,2118.945,2118.503,5460939200,45974552576
2012-08-14,2137.047,2144.006,2142.525,2119.253,6757159200,59676954624
2012-08-13,2164.043,2164.043,2136.078,2134.554,7135232000,63097888768
2012-08-10,2172.964,2176.795,2168.814,2165.284,6836856000,60929040384
2012-08-09,2159.434,2175.545,2174.102,2148.694,7252924800,65269645312
2012-08-08,2158.982,2168.734,2160.99,2153.02,7286953600,62324846592
2012-08-07,2153.093,2159.683,2157.62,2148.897,7504980000,61939171328
2012-08-06,2129.148,2158.681,2154.916,2127.263,7184320000,61162418176
2012-08-03,2113.964,2133.266,2132.796,2108.33,5337132800,43755339776
2012-08-02,2120.146,2126.46,2111.182,2103.495,5346754000,41781301248
2012-08-01,2101.723,2130.712,2123.36,2101.708,5380460000,44407566336
2012-07-31,2109.325,2116.904,2103.634,2100.252,5345609600,43470815232
2012-07-30,2128.159,2137.736,2109.914,2107.634,5199238400,42406105088
2012-07-27,2132.009,2139.154,2128.765,2120.63,5207692000,46680223744
2012-07-26,2134.987,2147.664,2126.004,2124.155,5288407600,44906164224
2012-07-25,2141.036,2151.45,2136.151,2132.833,4857589600,41112395776
2012-07-24,2132.317,2158.948,2146.589,2131.013,5441128800,46650466304
2012-07-23,2154.171,2154.171,2141.402,2135.563,5567708000,47984496640
2012-07-20,2180.012,2185.733,2168.638,2162.064,6434667200,54549966848
2012-07-19,2164.274,2197.79,2184.841,2159.943,7933804800,68350742528
2012-07-18,2159.857,2170.296,2169.099,2138.792,6655266000,59282116608
2012-07-17,2142.43,2165.335,2161.186,2141.481,5518440800,52050624512
2012-07-16,2187.887,2188.063,2147.955,2146.154,6748768000,62714720256
2012-07-13,2180.172,2198.661,2185.895,2177.924,5754684000,56114765824
2012-07-12,2172.064,2197.044,2185.491,2152.675,8213376000,79627362304
2012-07-11,2160.02,2176.491,2175.383,2156.596,5861447200,53413031936
2012-07-10,2166.947,2178.195,2164.437,2156.726,5899397200,53225562112
2012-07-09,2210.714,2216.697,2170.814,2168.608,7511147200,69313224704
2012-07-06,2203.73,2227.473,2223.579,2185.522,7655792000,70766411776
2012-07-05,2218.216,2218.216,2201.353,2192.648,5796793600,52088147968
2012-07-04,2233.335,2239.27,2227.315,2219.448,5527365600,52367380480
2012-07-03,2225.568,2244.832,2229.193,2219.05,6270302000,60441034752
2012-07-02,2234.32,2234.873,2226.11,2215.358,6219620800,60638957568
2012-06-29,2190.576,2226.485,2225.431,2188.716,6144188800,55964659712
2012-06-28,2220.236,2224.155,2195.843,2195.356,5418218400,50299744256
2012-06-27,2219.944,2233.543,2216.934,2213.323,5104912800,45220315136
2012-06-26,2214.649,2229.24,2222.067,2203.944,5294080000,47281397760
2012-06-25,2253.514,2253.514,2224.114,2223.054,5976895200,54809337856
2012-06-21,2288.454,2288.454,2260.877,2253.789,5899201200,54696857600
2012-06-20,2300.406,2304.458,2292.877,2291.541,5410395600,50568122368
2012-06-19,2313.455,2313.455,2300.795,2298.394,6013590400,57869602816
2012-06-18,2313.53,2325.052,2316.052,2309.709,6059462400,60309397504
2012-06-15,2299.781,2314.242,2306.85,2283.4,6868757600,67855912960
2012-06-14,2306.781,2314.585,2295.946,2293.065,7163372000,68928749568
2012-06-13,2289.707,2319.714,2318.924,2284.65,7845435200,73945579520
2012-06-12,2295.07,2298.95,2289.791,2280.951,5994198400,55298588672
2012-06-11,2282.891,2311.772,2305.856,2278.163,6419796800,60177219584
2012-06-08,2306.219,2306.882,2281.447,2276.714,6792464000,63755911168
2012-06-07,2324.672,2328.672,2293.13,2288.665,6023204800,59646398464
2012-06-06,2315.561,2323.113,2309.555,2301.035,5853202800,58562080768
2012-06-05,2313.741,2323.298,2311.916,2304.046,6607852800,64099737600
2012-06-04,2346.984,2348.199,2308.55,2308.229,9017934400,86903300096
2012-06-01,2373.224,2388.087,2373.436,2365.442,7702192000,77078142976
2012-05-31,2370.007,2382.989,2372.234,2362.314,7789022400,75383463936
2012-05-30,2385.392,2391.691,2384.668,2378.133,8980979200,84828397568
2012-05-29,2361.003,2393.279,2389.636,2358.374,11715772800,111363645440
2012-05-28,2325.317,2361.744,2361.367,2309.072,9496210400,86735888384
2012-05-25,2350.541,2355.808,2333.553,2327.408,7401924800,68024549376
2012-05-24,2359.682,2373.057,2350.973,2344.58,7920680800,76840599552
2012-05-23,2369.265,2378.077,2363.437,2350.548,8421657600,84886659072
2012-05-22,2355.732,2374.056,2373.307,2354.868,7677977600,75374526464
2012-05-21,2343.576,2360.386,2348.3,2330.325,7484034400,70052962304
2012-05-18,2364.899,2369.598,2344.52,2338.241,8968941600,78956445696
2012-05-17,2347.177,2383.306,2378.886,2342.352,8687003200,81458438144
2012-05-16,2369.295,2372.032,2346.192,2344.5,7673383200,74181722112
2012-05-15,2367.083,2376.594,2374.843,2354.614,7792291200,77334732800
2012-05-14,2408.262,2411.272,2380.725,2377.983,9052633600,89364340736
2012-05-11,2406.074,2415.977,2394.983,2393.378,7486399200,75815755776
2012-05-10,2409.945,2419.121,2410.23,2402.204,8169847200,81054859264
2012-05-09,2432.472,2432.472,2408.587,2407.509,9790220800,99521224704
2012-05-08,2451.575,2451.598,2448.884,2431.025,10485553600,104969658368
2012-05-07,2441.757,2451.947,2451.947,2432.736,10883010400,111395004416
2012-05-04,2437.465,2453.731,2452.014,2427.969,10220487200,102378299392
2012-05-03,2433.589,2441.953,2440.08,2427.728,10224849600,102185836544
2012-05-02,2421.082,2446.35,2438.436,2407.788,12800600800,123975245824
2012-04-27,2402.431,2408.42,2396.316,2393.867,9122835200,84016070656
2012-04-26,2408.558,2414.754,2404.697,2393.265,11552958400,104823226368
2012-04-25,2382.211,2411.421,2406.813,2376.626,13097286400,113070080000
2012-04-24,2380.236,2415.749,2388.834,2350.399,13372235200,117494693888
2012-04-23,2403.521,2411.51,2388.588,2383.068,12290756000,109412433920
2012-04-20,2374.662,2407.294,2406.863,2372.13,11552206400,101772107776
2012-04-19,2378.632,2386.978,2378.634,2369.459,9427242400,89960923136
2012-04-18,2341.135,2383.64,2380.848,2337.857,10861254400,93123035136
2012-04-17,2355.369,2363.013,2334.985,2333.341,8468844800,72470716416
2012-04-16,2346.307,2364.111,2357.026,2342.199,8532268000,73752829952
2012-04-13,2351.513,2369.701,2359.161,2346.944,9877441600,92321431552
2012-04-12,2310.484,2351.055,2350.864,2307.841,9768789600,87315824640
2012-04-11,2286.716,2319.053,2308.925,2280.035,7513007200,67516502016
2012-04-10,2281.024,2306.387,2305.863,2258.853,6734552800,63133962240
2012-04-09,2300.051,2304.65,2285.777,2284.442,5976064000,55129722880
2012-04-06,2299.055,2309.64,2306.553,2291.559,7213652000,68863352832
2012-04-05,2258.031,2303.824,2302.241,2251.393,8010145600,74602340352
2012-03-30,2256.042,2266.208,2262.788,2246.245,6202414800,55962030080
2012-03-29,2276.74,2280.958,2252.16,2242.345,7424808000,68018094080
2012-03-28,2341.003,2341.42,2284.881,2281.433,8364528000,78231142400
2012-03-27,2358.545,2363.766,2347.179,2344.304,6088111600,65159970816
2012-03-26,2349.086,2357.996,2350.599,2339.141,5542773200,54051831808
2012-03-23,2369.077,2371.263,2349.539,2342.12,7686213600,74138714112
2012-03-22,2376.991,2386.099,2375.772,2364.13,7934888000,76900868096
2012-03-21,2384.709,2396.722,2378.195,2361.222,9568653600,94949638144
2012-03-20,2407.542,2407.542,2376.839,2376.031,9790393600,94620917760
2012-03-19,2401.217,2412.336,2410.184,2383.674,10215348800,102981664768
2012-03-16,2377.757,2406.148,2404.736,2368.311,10367562400,102406004736
2012-03-15,2388.063,2403.742,2373.774,2366.024,12002549600,112260874240
2012-03-14,2464.915,2476.216,2391.23,2382.836,17978603200,170736648192
2012-03-13,2432.843,2457.22,2455.795,2428.609,10464971200,102576930816
2012-03-12,2438.546,2440.857,2434.859,2420.84,10622305600,108158107648
2012-03-09,2425.885,2440.511,2439.462,2414.966,10062405600,100411482112
2012-03-08,2401.102,2426.698,2420.276,2401.102,9678213600,93410828288
2012-03-07,2391.203,2413.695,2394.794,2388.519,9479064000,91730681856
2012-03-06,2439.779,2442.001,2410.445,2406.056,10370900800,100674338816
2012-03-05,2464.849,2469.841,2445.002,2442.115,11269332800,107604369408
2012-03-02,2430.098,2461.121,2460.693,2430.098,10322837600,96453869568
2012-03-01,2418.788,2437.874,2426.115,2418.334,7508328800,71067885568
2012-02-29,2446.228,2453.067,2428.487,2426.329,9553695200,91908382720
2012-02-28,2440.914,2458.651,2451.857,2431.828,11836199200,107000291328
2012-02-27,2447.406,2478.375,2447.057,2444.629,15807324800,144685596672
2012-02-24,2410.881,2439.977,2439.628,2405.274,13490324800,121550209024
2012-02-23,2401.738,2416.805,2409.554,2396.71,11255359200,105469681664
2012-02-22,2380.504,2404.442,2403.587,2374.03,11868427200,109092241408
2012-02-21,2365.487,2382.146,2381.43,2345.053,7934867200,74538524672
2012-02-20,2383.686,2388.009,2363.597,2362.012,8891158400,82306949120
2012-02-17,2366.63,2372.512,2357.181,2344.76,7192484000,65121697792
2012-02-16,2363.897,2373.804,2356.86,2342.073,9505116800,83758448640
2012-02-15,2340.455,2374.282,2366.702,2335.101,9886102400,87632871424
2012-02-14,2348.877,2352.469,2344.771,2332.247,7313041600,66294935552
2012-02-13,2332.055,2365.339,2351.855,2325.028,8626358400,77715390464
2012-02-10,2342.011,2368.979,2351.981,2339.885,9650161600,82222465024
2012-02-09,2344.224,2363.613,2349.589,2333.935,9803232800,89658695680
2012-02-08,2291.812,2350.965,2347.53,2286.819,8711452800,80885694464
2012-02-07,2319.421,2319.708,2291.902,2278.825,6732690400,58091081728
2012-02-06,2334.248,2341.575,2331.136,2317.422,7573448000,67305627648
2012-02-03,2306.656,2336.267,2330.405,2300.982,7894369600,70249340928
2012-02-02,2273.85,2312.556,2312.556,2268.687,6347187200,57682362368
2012-02-01,2288.066,2305.863,2268.08,2263.342,5355381200,48554971136
2012-01-31,2285.954,2296.384,2292.61,2277.056,4873832400,43777519616
2012-01-30,2324.493,2324.493,2285.038,2284.291,5841368800,51868459008
2012-01-20,2300.5,2322.891,2319.118,2293.893,6992275200,62906417152
2012-01-19,2266.076,2305.707,2296.075,2259.337,7249886400,63886737408
2012-01-18,2298.834,2311.579,2266.384,2257.898,8994042400,80655237120
2012-01-17,2206.531,2298.376,2298.376,2196.117,8780356000,77406846976
2012-01-16,2230.433,2241.259,2206.193,2206.045,4585952000,42884792320
2012-01-13,2277.08,2281.532,2244.58,2225.736,7147432000,64030023680
2012-01-12,2268.739,2295.224,2275.01,2265.256,7156999200,63945879552
2012-01-11,2282.913,2290.644,2276.046,2265.185,8444178400,74264707072
2012-01-10,2221.832,2288.628,2285.744,2218.275,10958541600,91045904384
2012-01-09,2164.741,2226.218,2225.89,2148.453,7675984000,62132965376
2012-01-06,2148.147,2164.322,2163.395,2132.626,5058305600,39465869312
2012-01-05,2160.898,2183.404,2148.452,2145.556,5874344800,46603964416
2012-01-04,2211.995,2217.52,2169.39,2168.644,4924553600,40632918016
2011-12-30,2177.517,2200.988,2199.417,2177.517,5194384000,42698833920
2011-12-29,2161.184,2181.955,2173.561,2157.115,4474920000,35989659648
2011-12-28,2157.65,2170.672,2170.013,2134.017,4963343600,40007344128
2011-12-27,2186.709,2196.973,2166.205,2162.723,4571218000,37400002560
2011-12-26,2193.659,2213.453,2190.11,2186.07,4361366400,36403331072
2011-12-23,2183.911,2219.786,2204.784,2178.141,5242132400,43478781952
2011-12-22,2178.572,2201.587,2186.297,2149.423,5898611600,48023420928
2011-12-21,2230.18,2237.466,2191.148,2188.71,5087726400,46125531136
2011-12-20,2209.699,2239.859,2215.93,2206.519,5276111200,46564368384
2011-12-19,2208.071,2221.448,2218.235,2164.887,5781846400,49717682176
2011-12-16,2179.509,2225.538,2224.84,2170.748,5726590400,50568966144
2011-12-15,2215.792,2216.909,2180.895,2179.467,5671218400,47305129984
2011-12-14,2241.387,2256.744,2228.525,2224.725,4407982400,38621179904
2011-12-13,2283.223,2285.814,2248.59,2245.868,5862748000,51593326592
2011-12-12,2312.151,2315.811,2291.545,2290.264,3963257600,36516061184
2011-12-09,2315.513,2331.259,2315.27,2309.457,3998856000,38885195776
2011-12-08,2329.911,2346.654,2329.82,2302.642,5147352000,49219493888
2011-12-07,2325.562,2339.847,2332.73,2317.814,4157030400,39767465984
2011-12-06,2326.66,2331.892,2325.905,2310.155,4591707600,42625593344
2011-12-05,2363.111,2363.127,2333.229,2327.61,5221496800,48641216512
2011-12-02,2374.899,2378.299,2360.664,2344.846,5986884400,57320157184
2011-12-01,2392.485,2423.559,2386.86,2376.916,9865004800,95200518144
2011-11-30,2406.329,2407.326,2333.414,2319.44,7661110400,72215265280
2011-11-29,2398.994,2413.326,2412.393,2388.202,5512319200,57068883968
2011-11-28,2383.893,2396.827,2383.034,2372.156,4606466400,46414831616
2011-11-25,2393.327,2403.942,2380.224,2372.622,4536255200,46246207488
2011-11-24,2379.146,2409.719,2397.554,2370.695,5215415200,51411099648
2011-11-23,2415.197,2418.56,2395.065,2390.654,5054784800,50043359232
2011-11-22,2400.984,2414.85,2412.625,2387.826,5144323200,50689585152
2011-11-21,2416.732,2419.244,2415.13,2396.087,5017036800,49511108608
2011-11-18,2448.387,2448.51,2416.562,2411.042,7218080800,70566567936
2011-11-17,2467.704,2482.528,2463.046,2459.165,6641428400,65902702592
2011-11-16,2529.073,2529.458,2466.959,2456.856,9338211200,92396961792
2011-11-15,2525.948,2534.059,2529.761,2518.703,7922775200,80497344512
2011-11-14,2498.672,2529.632,2528.714,2496.335,8122980800,82523783168
2011-11-11,2483.957,2496.527,2481.084,2472.761,6613766800,65005133824
2011-11-10,2498.594,2507.452,2479.536,2478.139,8711108800,85463859200
2011-11-09,2512.587,2527.703,2524.919,2489.025,7820857600,78141603840
2011-11-08,2514.259,2524.82,2503.836,2500.02,7867265600,76914040832
2011-11-07,2518.898,2536.18,2509.799,2507.615,7886717600,78893506560
2011-11-04,2525.244,2536.779,2528.294,2512.904,10187367200,99981180928
2011-11-03,2510.842,2535.24,2508.09,2507.297,13657632000,136305606656
2011-11-02,2437.87,2505.121,2504.108,2433.715,10546820000,102082764800
2011-11-01,2450.331,2491.355,2470.019,2445.527,8889241600,85052776448
2011-10-31,2470.254,2478.307,2468.25,2455.205,8417256000,81783447552
2011-10-28,2462.085,2483.759,2473.41,2456.177,11003272000,104186691584
2011-10-27,2432.473,2449.701,2435.614,2426.315,8240896000,75098562560
2011-10-26,2398.187,2448.981,2427.48,2394.733,10744716800,98578022400
2011-10-25,2366.398,2414.049,2409.672,2357.387,9088888000,83635003392
2011-10-24,2322.02,2371.092,2370.333,2307.146,7087407200,62971555840
2011-10-21,2330.512,2340.315,2317.275,2313.782,4843672400,43725377536
2011-10-20,2365.909,2368.64,2331.366,2315.9,6542521600,57867763712
2011-10-19,2387.831,2401.688,2377.512,2374.417,5853463600,53173514240
2011-10-18,2423.282,2425.646,2383.485,2378.667,7952574400,69338906624
2011-10-17,2434.486,2452.99,2440.402,2424.726,5826768000,57704517632
2011-10-14,2429.885,2437.594,2431.375,2409.288,6067316000,58276065280
2011-10-13,2412.832,2439.64,2438.79,2406.282,8786010400,82192310272
2011-10-12,2335.488,2421.693,2420.0,2318.628,9150856800,84438392832
2011-10-11,2401.738,2412.376,2348.516,2323.412,6397580800,62773514240
2011-10-10,2363.078,2368.149,2344.787,2338.685,4174530400,39926411264
2011-09-30,2368.398,2377.541,2359.22,2348.217,4881837200,46104608768
2011-09-29,2378.423,2387.538,2365.343,2358.572,5919124000,57021448192
2011-09-28,2427.289,2430.27,2392.062,2383.396,5575844800,55720882176
2011-09-27,2410.991,2423.913,2415.054,2395.164,5523143200,55315103744
2011-09-26,2416.226,2441.729,2393.183,2384.64,5742504000,58915926016
2011-09-23,2411.833,2440.751,2433.159,2400.141,6730269600,67947196416
2011-09-22,2491.212,2499.976,2443.057,2442.462,7469540800,74891288576
2011-09-21,2450.116,2517.673,2512.963,2438.852,8668928000,88188035072
2011-09-20,2433.721,2460.034,2447.755,2426.703,4626589200,47956373504
2011-09-19,2469.6,2469.6,2437.795,2437.165,4874682400,48599666688
2011-09-16,2490.177,2499.481,2482.343,2475.758,4798685600,49584869376
2011-09-15,2482.859,2496.572,2479.055,2477.651,5600368800,55860903936
2011-09-14,2478.586,2485.934,2484.827,2439.372,5406597600,54761652224
2011-09-13,2467.73,2477.083,2471.305,2453.796,4993092000,51851702272
2011-09-09,2506.969,2528.422,2497.753,2487.145,5125338000,53535158272
2011-09-08,2523.962,2524.377,2498.943,2498.113,5527195200,60046843904
2011-09-07,2480.941,2516.754,2516.09,2475.218,5966586000,61951467520
2011-09-06,2465.565,2482.242,2470.524,2459.543,4922317200,50140332032
2011-09-05,2510.1,2510.1,2478.739,2478.195,5503106400,56402276352
2011-09-02,2551.556,2557.31,2528.28,2517.618,5443658000,55969021952
2011-09-01,2569.799,2584.804,2556.042,2547.855,5729092800,59881558016
2011-08-31,2566.529,2574.415,2567.34,2545.096,5916972000,62236266496
2011-08-30,2592.597,2615.135,2566.595,2563.689,7591068800,79541813248
2011-08-29,2595.466,2595.466,2576.413,2570.844,7369609600,78406746112
2011-08-26,2602.208,2616.636,2612.188,2593.238,7785044800,81503338496
2011-08-25,2546.402,2616.304,2615.261,2545.054,10453797600,104570298368
2011-08-24,2562.411,2569.278,2541.091,2536.256,6546246800,70690693120
2011-08-23,2524.877,2554.178,2554.019,2514.949,6094419200,63210700800
2011-08-22,2534.57,2553.415,2515.863,2507.782,6121442800,65524543488
2011-08-19,2519.645,2538.272,2534.358,2513.754,7060680000,73771900928
2011-08-18,2601.99,2603.485,2559.472,2556.859,7098928000,76087951360
2011-08-17,2603.961,2617.165,2601.261,2596.039,7010914400,72200593408
2011-08-16,2627.854,2636.36,2608.166,2601.501,8522686400,90247921664
2011-08-15,2598.138,2627.104,2626.77,2584.407,8867684000,90997350400
2011-08-12,2593.395,2605.447,2593.173,2585.846,9717120800,100034764800
2011-08-11,2508.857,2582.155,2581.508,2505.012,9559726400,100089143296
2011-08-10,2562.393,2579.156,2549.176,2544.952,10036934400,104038326272
2011-08-09,2468.032,2537.409,2526.07,2437.681,10372388800,107745075200
2011-08-08,2599.289,2614.19,2526.816,2497.918,11030249600,117550546944
2011-08-05,2620.277,2644.581,2626.423,2605.137,7857183200,87777763328
2011-08-04,2683.192,2698.815,2684.039,2675.534,5887211200,69338644480
2011-08-03,2659.118,2688.065,2678.485,2654.364,6398160800,73381011456
2011-08-02,2689.971,2689.971,2679.259,2651.28,6999318400,77994115072
2011-08-01,2697.575,2712.888,2703.783,2688.529,5900071200,66073997312
2011-07-29,2706.497,2721.53,2701.729,2681.272,7547165600,83784761344
2011-07-28,2701.771,2712.09,2708.777,2684.661,7847491200,90451812352
2011-07-27,2690.144,2726.801,2723.492,2680.433,8040778400,92082364416
2011-07-26,2685.754,2704.939,2703.026,2677.119,7288145600,79482937344
2011-07-25,2759.628,2759.628,2688.746,2680.747,11124224800,120856436736
2011-07-22,2769.863,2782.169,2770.79,2763.8,7021184000,82498347008
2011-07-21,2795.896,2799.852,2765.894,2763.418,8176058400,95769509888
2011-07-20,2810.436,2817.285,2794.205,2779.381,8403061600,99677741056
2011-07-19,2804.923,2809.315,2796.983,2790.685,9274088000,110120386560
2011-07-18,2821.358,2826.959,2816.688,2807.108,10810862400,129581318144
2011-07-15,2803.585,2821.339,2820.169,2794.159,10747006400,127720316928
2011-07-14,2798.212,2811.704,2810.444,2788.983,10450208000,125648830464
2011-07-13,2756.032,2797.266,2795.476,2756.032,9192912800,107695955968
2011-07-12,2783.722,2783.722,2754.582,2752.186,9667447200,111535235072
2011-07-11,2789.454,2807.322,2802.692,2780.665,8606359200,101442076672
2011-07-08,2797.026,2807.38,2797.774,2784.126,8621160800,102765060096
2011-07-07,2813.193,2825.123,2794.267,2793.892,11651214400,140065112064
2011-07-06,2811.815,2811.815,2810.479,2780.728,10310439200,122088882176
2011-07-05,2812.722,2818.141,2816.355,2799.11,11012422400,128654524416
2011-07-04,2770.94,2813.27,2812.818,2770.94,12196225600,143818653696
2011-07-01,2767.834,2778.668,2759.362,2752.966,9207288000,105453232128
2011-06-30,2729.992,2774.365,2762.076,2729.992,9096712000,103037468672
2011-06-29,2757.4,2759.231,2728.483,2727.253,8822420000,99001114624
2011-06-28,2759.713,2763.28,2759.202,2736.398,8827744800,104045740032
2011-06-27,2746.787,2769.043,2758.23,2743.496,10160101600,116169105408
2011-06-24,2678.052,2759.71,2746.211,2674.303,12577363200,142646181888
2011-06-23,2640.66,2693.417,2688.249,2630.336,7377268800,82454847488
2011-06-22,2648.534,2657.725,2649.321,2633.474,5831380000,64614596608
2011-06-21,2628.022,2648.024,2646.483,2618.807,6482187200,73287991296
2011-06-20,2635.834,2637.883,2621.253,2610.99,6005986400,65210744832
2011-06-17,2661.414,2675.027,2642.818,2641.392,6444263200,74389553152
2011-06-16,2685.632,2691.944,2664.283,2663.12,7092787200,76584468480
2011-06-15,2717.677,2730.476,2705.431,2705.072,7485694400,85433286656
2011-06-14,2696.223,2735.553,2730.04,2691.671,8309751200,95202689024
2011-06-13,2687.653,2703.423,2700.379,2669.395,6306946000,73168502784
2011-06-10,2696.13,2707.742,2705.143,2672.32,7340029600,83170623488
2011-06-09,2743.539,2747.332,2703.345,2702.695,8346926400,95128109056
2011-06-08,2742.043,2754.122,2750.288,2715.25,7429466400,87503872000
2011-06-07,2720.97,2745.77,2744.3,2717.313,6502129200,79144378368
2011-06-03,2701.773,2732.427,2728.02,2701.25,6798394400,78273699840
2011-06-02,2715.316,2727.995,2705.181,2676.538,8602116000,94278926336
2011-06-01,2737.057,2744.559,2743.572,2726.495,6855550400,77624942592
2011-05-31,2707.559,2744.934,2743.472,2702.095,6790038400,77797113856
2011-05-30,2704.485,2728.062,2706.361,2689.206,6517438800,71116808192
2011-05-27,2739.387,2746.842,2709.947,2708.548,8252105600,91901558784
2011-05-26,2755.394,2764.89,2736.527,2734.536,7874131200,92594929664
2011-05-25,2764.56,2771.177,2741.741,2737.33,7440653600,86236389376
2011-05-24,2766.059,2771.748,2767.056,2744.777,7485289600,88842174464
2011-05-23,2853.286,2853.286,2774.569,2771.117,9862204800,111438405632
2011-05-20,2858.311,2866.763,2858.459,2850.445,7074378400,84003217408
2011-05-19,2879.387,2884.141,2859.574,2856.829,7699453600,91205058560
2011-05-18,2846.725,2877.427,2872.771,2843.676,7682696800,90328326144
2011-05-17,2846.447,2869.23,2852.773,2821.203,9481984800,109798834176
2011-05-16,2864.377,2877.091,2849.067,2846.307,8464824800,95786246144
2011-05-13,2846.311,2871.992,2871.031,2832.254,9323881600,103905984512
2011-05-12,2864.976,2876.448,2844.083,2843.097,10024096000,114204491776
2011-05-11,2890.353,2897.141,2883.42,2868.349,9247712000,107106377728
2011-05-10,2876.98,2891.034,2890.634,2865.104,8129717600,96056705024
2011-05-09,2868.235,2885.178,2872.46,2861.42,8157615200,94006378496
2011-05-06,2842.765,2881.706,2863.886,2834.456,9106391200,105181011968
2011-05-05,2854.768,2880.125,2872.404,2849.91,9108442400,98812239872
2011-05-04,2916.845,2916.97,2866.017,2860.075,11148112800,125355696128
2011-05-03,2911.51,2933.46,2932.188,2890.225,9640272000,102708977664
2011-04-29,2886.629,2913.556,2911.511,2871.01,8753425600,93221527552
2011-04-28,2937.947,2953.193,2887.044,2884.839,10523087200,115790135296
2011-04-27,2946.327,2961.133,2925.408,2907.662,10549247200,114841133056
2011-04-26,2956.949,2970.278,2938.981,2931.502,9515481600,112451141632
2011-04-25,3003.031,3003.61,2964.951,2964.643,11731662400,140504367104
2011-04-22,3025.699,3032.965,3010.517,3004.465,11852561600,137406930944
2011-04-21,3021.77,3035.471,3026.668,3012.544,12151066400,147387023360
2011-04-20,3005.975,3019.123,3007.037,2992.672,11974165600,143797583872
2011-04-19,3038.807,3038.807,2999.041,2996.222,14189640000,166127878144
2011-04-18,3040.531,3067.456,3057.329,3037.189,13748873600,160812204032
2011-04-15,3036.345,3062.53,3050.526,3020.156,12853099200,148683833344
2011-04-14,3049.667,3058.239,3042.635,3036.726,12948710400,148647673856
2011-04-13,3006.83,3050.401,3050.398,2994.465,12820265600,147378536448
2011-04-12,3012.795,3039.124,3021.369,3003.445,14599054400,165602476032
2011-04-11,3037.91,3059.568,3022.746,3019.886,14718956800,182751281152
2011-04-08,3005.368,3031.097,3030.021,2998.34,11433779200,147122044928
2011-04-07,3003.204,3012.288,3007.909,2990.311,12473459200,152941723648
2011-04-06,2964.212,3005.238,3001.36,2963.899,14165060800,176487792640
2011-04-01,2932.481,2967.847,2967.41,2924.394,9984409600,125719199744
2011-03-31,2954.653,2961.63,2928.111,2914.384,10893560800,134408183808
2011-03-30,2955.453,2968.182,2955.771,2935.747,12649355200,152547180544
2011-03-29,2979.865,2994.174,2958.077,2953.54,16854324800,199600750592
2011-03-28,2985.356,3005.783,2984.005,2979.196,15601688000,196335108096
2011-03-25,2948.543,2985.083,2977.814,2946.697,13639636800,171136876544
2011-03-24,2949.85,2958.663,2946.706,2942.134,10895597600,137266003968
2011-03-23,2919.016,2950.422,2948.477,2911.626,11260347200,138318528512
2011-03-22,2917.687,2923.392,2919.142,2884.751,9511745600,120190607360
2011-03-21,2913.913,2927.073,2909.137,2895.154,9676027200,122405134336
2011-03-18,2920.806,2930.606,2906.886,2900.872,10063733600,127487188992
2011-03-17,2906.955,2935.625,2897.298,2885.651,13779782400,170585817088
2011-03-16,2894.252,2934.018,2930.804,2894.252,13077724000,165811912704
2011-03-15,2927.984,2927.984,2896.256,2850.945,15495195200,187646017536
2011-03-14,2923.982,2939.652,2937.627,2914.458,11691061600,152525996032
2011-03-11,2942.419,2966.98,2933.796,2927.683,11599448000,152652660736
2011-03-10,2995.768,2995.768,2957.143,2954.367,12379988800,166466125824
2011-03-09,3002.546,3012.044,3002.154,2989.342,12479073600,165317771264
2011-03-08,2996.727,3001.624,2999.942,2976.6,12668115200,168656781312
2011-03-07,2952.722,3000.429,2996.211,2952.722,16010588800,207910764544
2011-03-04,2902.19,2944.459,2942.306,2898.084,11827724000,144491216896
2011-03-03,2918.731,2937.557,2902.978,2900.761,15048888000,177696882688
2011-03-02,2905.514,2924.963,2913.808,2883.566,13344225600,165439291392
2011-03-01,2906.285,2931.58,2918.92,2901.552,13655504000,172228919296
2011-02-28,2880.17,2906.169,2905.053,2861.817,11870576000,148337065984
2011-02-25,2876.777,2890.324,2878.565,2848.65,10009404000,124246941696
2011-02-24,2861.393,2881.537,2878.603,2854.564,10977259200,137321709568
2011-02-23,2844.99,2868.484,2862.634,2839.195,11108305600,137631219712
2011-02-22,2941.318,2944.413,2855.516,2851.62,15300462400,191781552128
2011-02-21,2886.54,2932.82,2932.246,2884.191,11885588000,146223071232
2011-02-18,2924.23,2924.23,2899.792,2890.262,11377546400,142026768384
2011-02-17,2929.255,2939.284,2926.964,2905.032,13041549600,169047621632
2011-02-16,2893.682,2924.188,2923.896,2882.549,12780569600,160067649536
2011-02-15,2900.427,2934.467,2899.237,2892.637,15244990400,187333869568
2011-02-14,2828.571,2906.261,2899.134,2828.571,15424297600,179797622784
2011-02-11,2815.119,2835.411,2827.328,2807.605,10775816800,127724535808
2011-02-10,2769.646,2819.063,2818.163,2760.175,9791976000,117148639232
2011-02-09,2778.701,2804.208,2774.065,2764.867,8725779200,104839249920
2011-02-01,2795.071,2805.049,2798.96,2785.296,7335009600,90093969408
2011-01-31,2751.527,2790.921,2790.694,2748.538,9150281600,106841489408
2011-01-28,2741.314,2759.44,2752.75,2733.291,8542799200,98480283648
2011-01-27,2690.825,2753.001,2749.15,2677.21,10556916000,115247054848
2011-01-26,2677.172,2710.738,2708.814,2676.769,6075090000,67295416320
2011-01-25,2691.693,2701.044,2677.432,2661.448,6948140800,75578245120
2011-01-24,2716.524,2736.109,2695.72,2690.652,8792080800,96191102976
2011-01-21,2668.677,2746.178,2715.294,2667.286,9563904000,102843432960
2011-01-20,2752.799,2752.799,2677.652,2676.129,8604719200,95850315776
2011-01-19,2707.816,2759.602,2758.097,2700.811,7849316800,89943621632
2011-01-18,2696.147,2715.406,2708.979,2683.367,6037727600,67738468352
2011-01-17,2772.45,2780.942,2706.66,2698.781,9251911200,104849170432
2011-01-14,2817.048,2817.048,2791.344,2780.438,7675388000,90644709376
2011-01-13,2830.534,2837.526,2827.713,2810.874,7488626400,87930912768
2011-01-12,2811.785,2828.468,2821.305,2788.13,7924612000,88093032448
2011-01-11,2783.476,2810.762,2804.047,2770.338,8055377600,94484832256
2011-01-10,2832.622,2847.358,2791.809,2786.861,9078087200,110796775424
2011-01-07,2820.665,2868.005,2838.801,2807.87,11312956800,137163497472
2011-01-06,2838.435,2853.875,2824.197,2816.951,8470561600,113251590144
2011-01-05,2833.117,2850.493,2838.593,2824.296,10441528000,135264796672
2011-01-04,2825.329,2855.396,2852.648,2810.108,11007279200,145659822080
